  2.3549000e-002  1.7620000e-003  6.3400000e-004  4.1800000e-004  5.5700000e-004  7.7900000e-004  9.0000000e-004  1.1630000e-003  1.5990000e-003  2.2630000e-003  3.6490000e-003  6.0710000e-003  9.3510000e-003  1.5007000e-002  2.5369000e-002  4.3355000e-002  7.3777000e-002  1.2371900e-001
  2.2741000e-002  1.9130000e-003  7.6700000e-004  5.7100000e-004  7.2000000e-004  8.6100000e-004  9.3100000e-004  1.2270000e-003  1.6780000e-003  2.4250000e-003  3.7990000e-003  6.0770000e-003  9.7700000e-003  1.5355000e-002  2.5553000e-002  4.4453000e-002  7.7773000e-002  1.2698200e-001
  2.1892000e-002  1.5890000e-003  5.4900000e-004  3.8300000e-004  5.2100000e-004  6.7400000e-004  8.6400000e-004  1.0890000e-003  1.4750000e-003  2.1850000e-003  3.6030000e-003  6.0420000e-003  9.7310000e-003  1.5296000e-002  2.5344000e-002  4.2901000e-002  7.3936000e-002  1.2476100e-001
  2.1173000e-002  1.4570000e-003  5.5200000e-004  4.1200000e-004  5.4400000e-004  7.2700000e-004  8.0100000e-004  1.0170000e-003  1.4260000e-003  2.1770000e-003  3.6650000e-003  5.8380000e-003  9.3260000e-003  1.5104000e-002  2.5049000e-002  4.3449000e-002  7.4823000e-002  1.2552100e-001
  1.9648000e-002  1.4180000e-003  5.4000000e-004  3.6900000e-004  5.2800000e-004  7.2700000e-004  7.8400000e-004  9.7500000e-004  1.4230000e-003  2.1480000e-003  3.5190000e-003  5.5880000e-003  9.5120000e-003  1.5629000e-002  2.5152000e-002  4.4130000e-002  7.6958000e-002  1.3162200e-001
  1.8037000e-002  1.4360000e-003  5.4200000e-004  4.2200000e-004  5.8900000e-004  7.5900000e-004  8.0300000e-004  1.0200000e-003  1.3150000e-003  2.1680000e-003  3.5030000e-003  5.7010000e-003  8.9530000e-003  1.4864000e-002  2.4653000e-002  4.2157000e-002  7.2680000e-002  1.2085600e-001
  1.8053000e-002  1.4250000e-003  4.8100000e-004  3.6300000e-004  5.7200000e-004  7.1900000e-004  7.8400000e-004  9.5100000e-004  1.2690000e-003  2.1670000e-003  3.3140000e-003  5.5850000e-003  9.0660000e-003  1.4799000e-002  2.4097000e-002  4.1650000e-002  7.1824000e-002  1.2232400e-001
  1.7721000e-002  1.5200000e-003  5.9600000e-004  3.8600000e-004  5.8400000e-004  6.8400000e-004  7.6900000e-004  1.0110000e-003  1.3770000e-003  2.1260000e-003  3.3320000e-003  5.5390000e-003  9.1720000e-003  1.4816000e-002  2.3822000e-002  4.0655000e-002  7.0592000e-002  1.1842800e-001
  1.7017000e-002  1.3170000e-003  5.1500000e-004  3.0800000e-004  5.1000000e-004  7.2700000e-004  8.0000000e-004  8.7100000e-004  1.2690000e-003  2.0640000e-003  3.3580000e-003  5.6580000e-003  9.3580000e-003  1.4659000e-002  2.4053000e-002  4.0765000e-002  6.9846000e-002  1.2090300e-001
  1.6998000e-002  1.1440000e-003  4.9000000e-004  3.5600000e-004  5.3400000e-004  7.0900000e-004  7.6300000e-004  8.6500000e-004  1.3100000e-003  2.0640000e-003  3.4080000e-003  5.7270000e-003  9.1100000e-003  1.4753000e-002  2.4220000e-002  3.9502000e-002  6.8268000e-002  1.1597200e-001
  1.6586000e-002  1.2150000e-003  4.8600000e-004  3.5800000e-004  5.3800000e-004  7.1200000e-004  8.2900000e-004  9.8600000e-004  1.3320000e-003  2.0090000e-003  3.4390000e-003  5.6460000e-003  9.5500000e-003  1.5481000e-002  2.4961000e-002  4.0317000e-002  7.0374000e-002  1.2329300e-001
  1.5518000e-002  1.1050000e-003  5.1200000e-004  3.5100000e-004  5.1900000e-004  6.7500000e-004  7.4400000e-004  9.2100000e-004  1.3210000e-003  2.0300000e-003  3.5660000e-003  5.7360000e-003  9.3260000e-003  1.5204000e-002  2.5442000e-002  4.1448000e-002  7.0389000e-002  1.2044500e-001
  1.4544000e-002  1.1000000e-003  5.1200000e-004  3.8200000e-004  5.8900000e-004  7.0600000e-004  7.5800000e-004  9.0800000e-004  1.3340000e-003  2.0190000e-003  3.6170000e-003  5.6180000e-003  9.4260000e-003  1.5381000e-002  2.4873000e-002  3.9724000e-002  6.5983000e-002  1.0855800e-001
  1.4062000e-002  1.0150000e-003  4.6600000e-004  3.4500000e-004  5.8400000e-004  7.6300000e-004  7.1700000e-004  8.6800000e-004  1.3590000e-003  2.1060000e-003  3.5160000e-003  5.9590000e-003  9.4950000e-003  1.5409000e-002  2.5156000e-002  4.0767000e-002  6.8526000e-002  1.1235600e-001
  1.4297000e-002  1.0480000e-003  4.6900000e-004  3.8100000e-004  6.5800000e-004  7.2300000e-004  7.2900000e-004  9.0500000e-004  1.3140000e-003  2.1650000e-003  3.4430000e-003  5.9190000e-003  9.7010000e-003  1.5419000e-002  2.4816000e-002  4.1065000e-002  6.7636000e-002  1.1248500e-001
  1.3132000e-002  1.0000000e-003  4.6700000e-004  3.9200000e-004  6.6900000e-004  7.3300000e-004  7.8100000e-004  9.6600000e-004  1.2690000e-003  2.1880000e-003  3.4780000e-003  5.8300000e-003  9.4350000e-003  1.5535000e-002  2.4708000e-002  4.0030000e-002  6.5893000e-002  1.0641800e-001
  1.3208000e-002  9.7900000e-004  4.8300000e-004  3.4600000e-004  6.8300000e-004  7.2900000e-004  7.3100000e-004  9.3100000e-004  1.3630000e-003  2.2040000e-003  3.5290000e-003  5.8630000e-003  9.4970000e-003  1.5375000e-002  2.4975000e-002  4.0689000e-002  6.7709000e-002  1.1264700e-001
  1.3242000e-002  9.9800000e-004  4.5500000e-004  3.4400000e-004  6.6900000e-004  7.4200000e-004  7.3400000e-004  8.7900000e-004  1.3680000e-003  2.1980000e-003  3.6440000e-003  6.0250000e-003  9.5440000e-003  1.6024000e-002  2.5524000e-002  4.1779000e-002  6.7308000e-002  1.1155200e-001
  1.2147000e-002  9.3300000e-004  4.5400000e-004  3.6300000e-004  7.3500000e-004  7.9100000e-004  7.3200000e-004  9.1900000e-004  1.2890000e-003  2.1050000e-003  3.6040000e-003  6.0950000e-003  9.8560000e-003  1.6095000e-002  2.5555000e-002  4.1604000e-002  6.7139000e-002  1.1071100e-001
  1.1547000e-002  9.2100000e-004  4.1600000e-004  3.5100000e-004  7.2200000e-004  7.2000000e-004  6.8900000e-004  8.9000000e-004  1.2780000e-003  2.1430000e-003  3.5330000e-003  6.0620000e-003  9.4710000e-003  1.5465000e-002  2.5095000e-002  4.0934000e-002  6.6850000e-002  1.1098400e-001
  1.1104000e-002  8.6300000e-004  4.1200000e-004  3.6900000e-004  7.4700000e-004  7.4400000e-004  7.1700000e-004  8.7600000e-004  1.3340000e-003  2.2090000e-003  3.5900000e-003  5.8920000e-003  9.7140000e-003  1.5611000e-002  2.5143000e-002  4.1220000e-002  6.8749000e-002  1.1231500e-001
  1.0787000e-002  8.1400000e-004  3.9500000e-004  3.2900000e-004  7.1000000e-004  8.0000000e-004  7.0400000e-004  9.3200000e-004  1.2720000e-003  2.0790000e-003  3.6380000e-003  5.7490000e-003  9.2740000e-003  1.4864000e-002  2.4431000e-002  3.9121000e-002  6.4590000e-002  1.0632900e-001
  1.0727000e-002  7.8900000e-004  3.7600000e-004  2.9400000e-004  7.2800000e-004  6.9000000e-004  6.2100000e-004  7.7200000e-004  1.2110000e-003  2.0140000e-003  3.5080000e-003  5.5050000e-003  9.2350000e-003  1.4442000e-002  2.4207000e-002  3.8082000e-002  6.2445000e-002  1.0107000e-001
  1.0097000e-002  7.4900000e-004  3.3500000e-004  3.0000000e-004  5.8400000e-004  6.4000000e-004  6.2600000e-004  8.3100000e-004  1.1490000e-003  1.9640000e-003  3.4880000e-003  5.7010000e-003  9.1780000e-003  1.4948000e-002  2.4381000e-002  3.8988000e-002  6.4025000e-002  1.0521800e-001
  1.0381000e-002  6.7500000e-004  3.4400000e-004  2.8700000e-004  5.9900000e-004  6.9200000e-004  6.3600000e-004  8.2700000e-004  1.1470000e-003  1.9230000e-003  3.4990000e-003  5.5590000e-003  8.8250000e-003  1.4813000e-002  2.4282000e-002  3.8772000e-002  6.3130000e-002  1.0282600e-001
  9.1000000e-003  6.3600000e-004  3.4300000e-004  2.7100000e-004  6.2500000e-004  7.0000000e-004  6.5600000e-004  8.0500000e-004  1.1700000e-003  1.9840000e-003  3.3670000e-003  5.3520000e-003  8.7510000e-003  1.4216000e-002  2.3183000e-002  3.6896000e-002  5.9115000e-002  9.3669000e-002
  9.2670000e-003  7.2000000e-004  3.2300000e-004  2.9600000e-004  6.1900000e-004  6.9400000e-004  6.1700000e-004  7.7800000e-004  1.1400000e-003  1.9070000e-003  3.4300000e-003  5.3500000e-003  8.5430000e-003  1.4210000e-002  2.2917000e-002  3.7541000e-002  6.0000000e-002  9.7129000e-002
  8.4080000e-003  6.3000000e-004  2.8300000e-004  2.6100000e-004  5.5600000e-004  6.0700000e-004  6.3500000e-004  7.4900000e-004  1.0780000e-003  1.8300000e-003  3.2500000e-003  5.2690000e-003  8.4800000e-003  1.3999000e-002  2.2104000e-002  3.6642000e-002  5.7738000e-002  9.3168000e-002
  8.7450000e-003  5.2000000e-004  2.9000000e-004  2.2100000e-004  5.2100000e-004  6.8500000e-004  6.4400000e-004  7.1600000e-004  1.1210000e-003  1.7610000e-003  3.1830000e-003  5.1850000e-003  8.2190000e-003  1.3783000e-002  2.1921000e-002  3.6002000e-002  5.7799000e-002  9.2921000e-002
  8.2500000e-003  5.6300000e-004  2.4500000e-004  2.3800000e-004  4.7800000e-004  6.0000000e-004  6.2500000e-004  7.2600000e-004  1.0650000e-003  1.6890000e-003  2.9790000e-003  5.1800000e-003  8.2010000e-003  1.3347000e-002  2.1939000e-002  3.5263000e-002  5.7217000e-002  9.2079000e-002
  8.1650000e-003  5.2900000e-004  2.4800000e-004  2.4200000e-004  4.9900000e-004  5.6100000e-004  6.0600000e-004  6.9500000e-004  1.0910000e-003  1.7820000e-003  3.0210000e-003  4.9750000e-003  8.2970000e-003  1.3463000e-002  2.1755000e-002  3.4496000e-002  5.6775000e-002  9.0927000e-002
  8.3960000e-003  4.8100000e-004  2.2800000e-004  2.3900000e-004  4.5200000e-004  5.9100000e-004  5.8000000e-004  7.4200000e-004  1.0240000e-003  1.6940000e-003  2.9040000e-003  4.9460000e-003  8.1980000e-003  1.2931000e-002  2.1374000e-002  3.4253000e-002  5.5623000e-002  8.9477000e-002
  8.4470000e-003  4.5100000e-004  2.2500000e-004  2.2100000e-004  4.2200000e-004  5.3500000e-004  5.9600000e-004  7.5400000e-004  1.0480000e-003  1.6360000e-003  2.8570000e-003  4.9370000e-003  8.0600000e-003  1.3045000e-002  2.1334000e-002  3.4171000e-002  5.5753000e-002  8.9463000e-002
  8.1270000e-003  4.1600000e-004  1.7500000e-004  1.8300000e-004  4.2900000e-004  5.5200000e-004  5.6400000e-004  7.3700000e-004  1.0150000e-003  1.6570000e-003  2.7300000e-003  4.9740000e-003  8.1220000e-003  1.3025000e-002  2.1339000e-002  3.4183000e-002  5.5772000e-002  9.0824000e-002
  7.8960000e-003  4.5700000e-004  1.9000000e-004  2.0500000e-004  3.9300000e-004  5.5100000e-004  5.9500000e-004  7.1900000e-004  1.0750000e-003  1.6830000e-003  2.8860000e-003  4.9210000e-003  8.1760000e-003  1.2993000e-002  2.1226000e-002  3.3920000e-002  5.5473000e-002  9.0858000e-002
  7.6200000e-003  4.4100000e-004  1.7400000e-004  2.0300000e-004  4.1700000e-004  5.4400000e-004  5.3100000e-004  7.1000000e-004  9.9800000e-004  1.6600000e-003  2.7690000e-003  4.6540000e-003  7.9620000e-003  1.2555000e-002  2.0531000e-002  3.2588000e-002  5.3125000e-002  8.5653000e-002
  6.8490000e-003  4.0200000e-004  2.0500000e-004  1.6500000e-004  3.9000000e-004  5.1400000e-004  5.7100000e-004  7.3300000e-004  9.7800000e-004  1.6110000e-003  2.6440000e-003  4.4460000e-003  7.5150000e-003  1.2457000e-002  2.0287000e-002  3.2764000e-002  5.2402000e-002  8.7695000e-002
  6.8570000e-003  3.8900000e-004  1.7500000e-004  2.0100000e-004  4.1500000e-004  5.6100000e-004  5.3000000e-004  7.1400000e-004  1.0160000e-003  1.5890000e-003  2.7030000e-003  4.6030000e-003  7.8230000e-003  1.2649000e-002  1.9930000e-002  3.2709000e-002  5.3875000e-002  8.7975000e-002
  7.2480000e-003  4.1500000e-004  1.8600000e-004  2.1700000e-004  3.9900000e-004  4.9200000e-004  5.8400000e-004  7.2600000e-004  1.0120000e-003  1.6020000e-003  2.6780000e-003  4.2680000e-003  7.5580000e-003  1.1944000e-002  1.9888000e-002  3.2374000e-002  5.2529000e-002  8.6932000e-002
  6.5250000e-003  4.0300000e-004  1.6600000e-004  1.7900000e-004  4.1700000e-004  4.9400000e-004  5.4700000e-004  7.5600000e-004  1.0690000e-003  1.6330000e-003  2.5510000e-003  4.3730000e-003  7.1580000e-003  1.2261000e-002  1.9589000e-002  3.1773000e-002  5.2341000e-002  8.6108000e-002
  6.2630000e-003  3.5400000e-004  1.8200000e-004  1.8200000e-004  3.8700000e-004  4.8300000e-004  6.0500000e-004  7.1900000e-004  1.0460000e-003  1.6690000e-003  2.5980000e-003  4.2330000e-003  6.9940000e-003  1.1967000e-002  1.9155000e-002  3.1212000e-002  5.1430000e-002  8.4519000e-002
  6.2670000e-003  3.3100000e-004  1.7300000e-004  1.8800000e-004  4.0300000e-004  4.9600000e-004  5.7200000e-004  7.8900000e-004  1.0540000e-003  1.5950000e-003  2.6820000e-003  4.1810000e-003  7.3080000e-003  1.2131000e-002  1.9689000e-002  3.2011000e-002  5.3239000e-002  8.9059000e-002
  5.6410000e-003  3.1700000e-004  1.4200000e-004  1.7400000e-004  3.6900000e-004  4.9800000e-004  5.2900000e-004  7.3200000e-004  1.0390000e-003  1.6410000e-003  2.6050000e-003  4.1040000e-003  6.9230000e-003  1.1854000e-002  1.8899000e-002  3.0791000e-002  5.1228000e-002  8.4074000e-002
  5.3780000e-003  3.3200000e-004  1.5200000e-004  1.8100000e-004  3.9000000e-004  4.9900000e-004  5.0300000e-004  7.2200000e-004  1.0580000e-003  1.6520000e-003  2.5360000e-003  4.0900000e-003  6.7040000e-003  1.1590000e-002  1.9164000e-002  3.0448000e-002  5.1333000e-002  8.5187000e-002
  5.6930000e-003  3.1300000e-004  1.4000000e-004  1.5900000e-004  3.7700000e-004  4.8900000e-004  5.6600000e-004  6.7400000e-004  9.9300000e-004  1.6490000e-003  2.6320000e-003  4.1560000e-003  6.5780000e-003  1.1350000e-002  1.9005000e-002  3.0950000e-002  5.1057000e-002  8.5524000e-002
