  2.2472600e+005  9.2914650e+005  1.0723590e+006  8.4903500e+005  7.9909650e+005  8.0466550e+005  7.7957250e+005  7.2804800e+005  6.8568750e+005  6.5677900e+005  6.1424300e+005  5.4113300e+005  4.7490650e+005  3.9162050e+005  3.2080500e+005  2.4169600e+005  1.5776800e+005  7.6373565e+004
  2.2479650e+005  9.0105700e+005  1.1275265e+006  8.6855150e+005  7.9810250e+005  8.0084900e+005  7.7090500e+005  7.4681850e+005  6.7682650e+005  6.6140550e+005  6.2219350e+005  5.5307200e+005  4.8531850e+005  4.0066350e+005  3.2893350e+005  2.4678350e+005  1.6290550e+005  8.0265075e+004
  2.2328500e+005  8.8904600e+005  1.1592615e+006  8.9573550e+005  8.0577850e+005  7.9528150e+005  7.6523050e+005  7.6790600e+005  6.6725650e+005  6.6656300e+005  6.3042550e+005  5.6575450e+005  4.9348250e+005  4.1199900e+005  3.3636050e+005  2.5191550e+005  1.6795050e+005  8.4188090e+004
  2.2413350e+005  8.8605150e+005  1.1859455e+006  9.1847950e+005  8.1764850e+005  7.8987050e+005  7.6695900e+005  7.7316200e+005  6.7532450e+005  6.6990000e+005  6.3680350e+005  5.7927950e+005  5.0232250e+005  4.2372750e+005  3.4213200e+005  2.5821100e+005  1.7326550e+005  8.8056605e+004
  2.2593350e+005  8.8822000e+005  1.1766260e+006  9.7341900e+005  8.2985100e+005  7.8554150e+005  7.7188400e+005  7.6602250e+005  6.9698800e+005  6.7308150e+005  6.3992300e+005  5.9063850e+005  5.1121450e+005  4.3572550e+005  3.4896400e+005  2.6527600e+005  1.7713650e+005  9.2114620e+004
  2.2855000e+005  8.9002550e+005  1.1367535e+006  1.0577205e+006  8.4323550e+005  7.8282300e+005  7.7616800e+005  7.6059250e+005  7.1473250e+005  6.7367800e+005  6.4411450e+005  5.9951400e+005  5.2220100e+005  4.4805550e+005  3.5605200e+005  2.7236300e+005  1.8103300e+005  9.6440140e+004
  2.3176200e+005  8.9753100e+005  1.1167895e+006  1.1182180e+006  8.6497950e+005  7.8554800e+005  7.7782650e+005  7.5742050e+005  7.3786350e+005  6.6862100e+005  6.5159500e+005  6.0939700e+005  5.3506100e+005  4.5854450e+005  3.6503850e+005  2.8011550e+005  1.8563150e+005  1.0025716e+005
  2.3601000e+005  9.0828100e+005  1.1090860e+006  1.1547420e+006  8.9262950e+005  7.9500550e+005  7.7573950e+005  7.5501050e+005  7.6166900e+005  6.6147150e+005  6.5860750e+005  6.1923350e+005  5.4821550e+005  4.6699500e+005  3.7607400e+005  2.8728750e+005  1.9046400e+005  1.0406719e+005
  2.3671150e+005  9.1796350e+005  1.1057665e+006  1.1833190e+006  9.1513250e+005  8.0631000e+005  7.7044100e+005  7.5656300e+005  7.6621100e+005  6.6980700e+005  6.6221350e+005  6.2584850e+005  5.6143300e+005  4.7520800e+005  3.8692700e+005  2.9303100e+005  1.9607200e+005  1.0776421e+005
  2.3927100e+005  9.2795850e+005  1.1098405e+006  1.1763150e+006  9.7055800e+005  8.1892750e+005  7.6711650e+005  7.6221350e+005  7.5929200e+005  6.9177950e+005  6.6585750e+005  6.2917750e+005  5.7260800e+005  4.8347850e+005  3.9791600e+005  2.9977850e+005  2.0238600e+005  1.1084623e+005
  2.4302950e+005  9.3960750e+005  1.1175280e+006  1.1396815e+006  1.0568055e+006  8.3482050e+005  7.6808450e+005  7.6931850e+005  7.5608800e+005  7.1091000e+005  6.6716000e+005  6.3379050e+005  5.8121100e+005  4.9391150e+005  4.0881900e+005  3.0642900e+005  2.0832900e+005  1.1383575e+005
  2.4430000e+005  9.5168150e+005  1.1262935e+006  1.1176270e+006  1.1180650e+006  8.5758750e+005  7.7454600e+005  7.7287650e+005  7.5326650e+005  7.3343450e+005  6.6135550e+005  6.4023400e+005  5.8956300e+005  5.0506700e+005  4.1736450e+005  3.1339000e+005  2.1421700e+005  1.1667725e+005
  2.4675600e+005  9.6017350e+005  1.1389410e+006  1.1076135e+006  1.1540425e+006  8.8678700e+005  7.8915350e+005  7.7334850e+005  7.5176850e+005  7.5617500e+005  6.5394700e+005  6.4605450e+005  5.9799050e+005  5.1674900e+005  4.2400050e+005  3.2190350e+005  2.2012850e+005  1.2042825e+005
  2.4455650e+005  9.7035550e+005  1.1524400e+006  1.1071090e+006  1.1839470e+006  9.1187000e+005  8.0804550e+005  7.7370200e+005  7.5732500e+005  7.6280000e+005  6.6315800e+005  6.4964900e+005  6.0441150e+005  5.2927150e+005  4.3108550e+005  3.3057500e+005  2.2492100e+005  1.2509124e+005
  2.3899400e+005  9.7564050e+005  1.1666625e+006  1.1128550e+006  1.1783935e+006  9.6880700e+005  8.2610300e+005  7.7505150e+005  7.6604150e+005  7.5785500e+005  6.8534450e+005  6.5301350e+005  6.0755100e+005  5.3970150e+005  4.3839700e+005  3.3912350e+005  2.3006750e+005  1.2955773e+005
  2.3594650e+005  9.7162900e+005  1.1809070e+006  1.1197815e+006  1.1415920e+006  1.0539990e+006  8.4015400e+005  7.7455950e+005  7.7262650e+005  7.5421700e+005  7.0390550e+005  6.5390550e+005  6.1177550e+005  5.4772050e+005  4.4772700e+005  3.4810850e+005  2.3535550e+005  1.3394721e+005
  2.3492700e+005  9.6336500e+005  1.1934405e+006  1.1277935e+006  1.1193650e+006  1.1137065e+006  8.5936150e+005  7.7799450e+005  7.7500300e+005  7.5062400e+005  7.2574450e+005  6.4808500e+005  6.1805700e+005  5.5569750e+005  4.5803700e+005  3.5561850e+005  2.4096600e+005  1.3840467e+005
  2.3943850e+005  9.5196650e+005  1.2051155e+006  1.1407895e+006  1.1103060e+006  1.1514275e+006  8.8907600e+005  7.9246950e+005  7.7567350e+005  7.4924950e+005  7.4828150e+005  6.4086400e+005  6.2385650e+005  5.6349550e+005  4.6871000e+005  3.6125050e+005  2.4746850e+005  1.4221912e+005
  2.4040700e+005  9.4780050e+005  1.2143025e+006  1.1549990e+006  1.1107085e+006  1.1850900e+006  9.1678450e+005  8.1301900e+005  7.7551000e+005  7.5430600e+005  7.5438700e+005  6.4965000e+005  6.2708700e+005  5.6911250e+005  4.7970150e+005  3.6685100e+005  2.5381550e+005  1.4528248e+005
  2.3053000e+005  9.5108200e+005  1.2163905e+006  1.1708140e+006  1.1179730e+006  1.1841320e+006  9.7632050e+005  8.3286250e+005  7.7649600e+005  7.6202200e+005  7.4892800e+005  6.7108250e+005  6.2998600e+005  5.7204050e+005  4.8879650e+005  3.7294050e+005  2.6040400e+005  1.4879304e+005
  2.1843950e+005  9.4751050e+005  1.2125110e+006  1.1874850e+006  1.1270295e+006  1.1507915e+006  1.0639060e+006  8.4932900e+005  7.7877950e+005  7.6927250e+005  7.4565050e+005  6.8929150e+005  6.3074900e+005  5.7625100e+005  4.9597900e+005  3.8101550e+005  2.6684500e+005  1.5212935e+005
  2.0251100e+005  9.3212000e+005  1.2063195e+006  1.2028585e+006  1.1372700e+006  1.1304915e+006  1.1261215e+006  8.7066000e+005  7.8542850e+005  7.7311150e+005  7.4276800e+005  7.1103150e+005  6.2520150e+005  5.8264850e+005  5.0338950e+005  3.9019350e+005  2.7236750e+005  1.5619108e+005
  1.8883050e+005  8.9639200e+005  1.2026050e+006  1.2176615e+006  1.1531055e+006  1.1239505e+006  1.1649565e+006  8.9923750e+005  7.9957450e+005  7.7378300e+005  7.4152600e+005  7.3332200e+005  6.1842400e+005  5.8883150e+005  5.1096050e+005  4.0028250e+005  2.7777850e+005  1.6167900e+005
  1.8083850e+005  8.4740300e+005  1.2040765e+006  1.2308910e+006  1.1719615e+006  1.1306730e+006  1.2006255e+006  9.2486400e+005  8.1779500e+005  7.7447200e+005  7.4707100e+005  7.4066150e+005  6.2751850e+005  5.9269550e+005  5.1690400e+005  4.1104950e+005  2.8349900e+005  1.6672235e+005
  1.7639850e+005  7.9959950e+005  1.2002380e+006  1.2351540e+006  1.1902670e+006  1.1425060e+006  1.2012780e+006  9.8128750e+005  8.3448450e+005  7.7485000e+005  7.5471400e+005  7.3625400e+005  6.4902750e+005  5.9574300e+005  5.2018550e+005  4.1935450e+005  2.8956300e+005  1.7169580e+005
  1.7401600e+005  7.5716400e+005  1.1851255e+006  1.2309685e+006  1.2064755e+006  1.1516600e+006  1.1688150e+006  1.0673770e+006  8.4940200e+005  7.7584350e+005  7.6134450e+005  7.3233350e+005  6.6725050e+005  5.9658900e+005  5.2446400e+005  4.2588750e+005  2.9741950e+005  1.7766334e+005
  1.7346150e+005  7.2785200e+005  1.1552645e+006  1.2247940e+006  1.2225425e+006  1.1625155e+006  1.1507630e+006  1.1307945e+006  8.7108200e+005  7.8301550e+005  7.6525450e+005  7.2905900e+005  6.8869350e+005  5.9149700e+005  5.3098450e+005  4.3290450e+005  3.0610300e+005  1.8303526e+005
  1.7454750e+005  7.1238600e+005  1.1075905e+006  1.2216580e+006  1.2394780e+006  1.1803145e+006  1.1460540e+006  1.1714905e+006  8.9966500e+005  7.9751350e+005  7.6615250e+005  7.2766150e+005  7.1049300e+005  5.8515550e+005  5.3716750e+005  4.4007450e+005  3.1487450e+005  1.8774161e+005
  1.7767200e+005  7.0730100e+005  1.0509360e+006  1.2232625e+006  1.2546200e+006  1.2010135e+006  1.1513975e+006  1.2064690e+006  9.2449400e+005  8.1510000e+005  7.6577700e+005  7.3231000e+005  7.1692700e+005  5.9385500e+005  5.4119200e+005  4.4594400e+005  3.2404550e+005  1.9292344e+005
  1.7938850e+005  7.0860200e+005  9.9683600e+005  1.2190535e+006  1.2594120e+006  1.2197485e+006  1.1612795e+006  1.2050445e+006  9.8018200e+005  8.3106650e+005  7.6539450e+005  7.3934100e+005  7.1219550e+005  6.1452950e+005  5.4437400e+005  4.4969400e+005  3.3163000e+005  1.9843339e+005
  1.7443350e+005  7.1138850e+005  9.4927650e+005  1.2032290e+006  1.2534455e+006  1.2355730e+006  1.1700060e+006  1.1719335e+006  1.0645455e+006  8.4564700e+005  7.6736850e+005  7.4665200e+005  7.0884150e+005  6.3216250e+005  5.4549900e+005  4.5459850e+005  3.3769700e+005  2.0502870e+005
  1.7023300e+005  7.0952250e+005  9.1567000e+005  1.1711470e+006  1.2435825e+006  1.2496340e+006  1.1792040e+006  1.1528515e+006  1.1262170e+006  8.6607400e+005  7.7478400e+005  7.5115350e+005  7.0606150e+005  6.5264950e+005  5.4142400e+005  4.6132250e+005  3.4421650e+005  2.1208508e+005
  1.7156850e+005  7.0346150e+005  8.9634100e+005  1.1187460e+006  1.2359110e+006  1.2623565e+006  1.1932590e+006  1.1463640e+006  1.1655170e+006  8.9306550e+005  7.8803750e+005  7.5201000e+005  7.0491250e+005  6.7355900e+005  5.3618100e+005  4.6764500e+005  3.5110150e+005  2.1906858e+005
  1.7562050e+005  6.9771050e+005  8.8946150e+005  1.0564275e+006  1.2323480e+006  1.2719600e+006  1.2100215e+006  1.1493825e+006  1.1985415e+006  9.1627900e+005  8.0411350e+005  7.5127800e+005  7.0926450e+005  6.7975600e+005  5.4459000e+005  4.7165150e+005  3.5667550e+005  2.2580598e+005
  1.8052700e+005  6.9599850e+005  8.9085100e+005  9.9949750e+005  1.2264525e+006  1.2747065e+006  1.2282975e+006  1.1591915e+006  1.1971775e+006  9.7145450e+005  8.1936350e+005  7.5064750e+005  7.1591500e+005  6.7559650e+005  5.6402850e+005  4.7481250e+005  3.6038800e+005  2.3128939e+005
  1.8469600e+005  7.0362850e+005  8.9100800e+005  9.5277900e+005  1.2130555e+006  1.2717505e+006  1.2486180e+006  1.1714890e+006  1.1667525e+006  1.0573160e+006  8.3453150e+005  7.5206400e+005  7.2243650e+005  6.7287100e+005  5.8110000e+005  4.7654950e+005  3.6531350e+005  2.3649134e+005
  1.8585400e+005  7.1866600e+005  8.8782100e+005  9.2180700e+005  1.1843580e+006  1.2664800e+006  1.2686715e+006  1.1849930e+006  1.1508905e+006  1.1203410e+006  8.5594000e+005  7.5886150e+005  7.2640850e+005  6.7046500e+005  6.0092250e+005  4.7349850e+005  3.7203750e+005  2.4226478e+005
  1.8664600e+005  7.3331550e+005  8.8629700e+005  9.0597000e+005  1.1362245e+006  1.2633030e+006  1.2847140e+006  1.2017530e+006  1.1461645e+006  1.1603105e+006  8.8369000e+005  7.7233300e+005  7.2735850e+005  6.6951200e+005  6.2072500e+005  4.6944700e+005  3.7810900e+005  2.4757156e+005
  1.9239100e+005  7.4486700e+005  8.8730600e+005  9.0203700e+005  1.0775835e+006  1.2652690e+006  1.2985590e+006  1.2215595e+006  1.1506880e+006  1.1943960e+006  9.0757900e+005  7.8867600e+005  7.2707800e+005  6.7388750e+005  6.2692550e+005  4.7800150e+005  3.8222450e+005  2.5189323e+005
  1.9752950e+005  7.5719800e+005  8.9177600e+005  9.0512000e+005  1.0225780e+006  1.2649965e+006  1.3071240e+006  1.2439690e+006  1.1632035e+006  1.1945660e+006  9.6266100e+005  8.0429750e+005  7.2744100e+005  6.8066850e+005  6.2387900e+005  4.9638500e+005  3.8563700e+005  2.5515182e+005
  1.9687950e+005  7.7018350e+005  9.0453050e+005  9.0639400e+005  9.7636700e+005  1.2550160e+006  1.3081905e+006  1.2661540e+006  1.1772520e+006  1.1653155e+006  1.0482325e+006  8.1989750e+005  7.2961700e+005  6.8752500e+005  6.2197950e+005  5.1257300e+005  3.8771950e+005  2.5947869e+005
  1.9547750e+005  7.8147400e+005  9.2171550e+005  9.0472950e+005  9.4541550e+005  1.2280200e+006  1.3058370e+006  1.2872725e+006  1.1919165e+006  1.1501385e+006  1.1114385e+006  8.4158350e+005  7.3672050e+005  6.9186800e+005  6.2020750e+005  5.3068300e+005  3.8552700e+005  2.6456070e+005
  1.9544700e+005  7.8981550e+005  9.3799650e+005  9.0379050e+005  9.2860500e+005  1.1772120e+006  1.3028115e+006  1.3058275e+006  1.2104405e+006  1.1460995e+006  1.1515185e+006  8.6903750e+005  7.5024800e+005  6.9320300e+005  6.1997450e+005  5.4832200e+005  3.8246250e+005  2.6966115e+005
  1.9332800e+005  7.9147950e+005  9.5453750e+005  9.0374850e+005  9.2278850e+005  1.1125745e+006  1.2997915e+006  1.3180325e+006  1.2291975e+006  1.1497725e+006  1.1848380e+006  8.9196900e+005  7.6639500e+005  6.9332850e+005  6.2422150e+005  5.5416750e+005  3.9021900e+005  2.7335500e+005
  1.9047700e+005  7.8635750e+005  9.7050400e+005  9.0724800e+005  9.2490000e+005  1.0536335e+006  1.2934150e+006  1.3211285e+006  1.2474400e+006  1.1596955e+006  1.1833755e+006  9.4514200e+005  7.8122250e+005  6.9360300e+005  6.3016550e+005  5.5178600e+005  4.0595700e+005  2.7560850e+005
