  5.4629000e-002  9.5550000e-003  1.9690000e-003  1.2120000e-003  2.5100000e-003  4.4720000e-003  5.1070000e-003  4.9960000e-003  5.3080000e-003  6.0760000e-003  7.4980000e-003  1.0334000e-002  1.4528000e-002  2.2127000e-002  3.5938000e-002  5.6614000e-002  8.8750000e-002  1.4640000e-001
  5.3500000e-002  8.4970000e-003  1.7220000e-003  1.0260000e-003  1.8840000e-003  3.3140000e-003  4.0000000e-003  4.1370000e-003  4.5560000e-003  5.3520000e-003  6.9360000e-003  9.3670000e-003  1.3839000e-002  2.1012000e-002  3.4066000e-002  5.4977000e-002  8.7360000e-002  1.4044800e-001
  4.6101000e-002  6.3740000e-003  1.5260000e-003  8.5300000e-004  1.4920000e-003  2.6310000e-003  3.1830000e-003  3.4990000e-003  3.9370000e-003  4.7210000e-003  6.2370000e-003  9.0170000e-003  1.3114000e-002  1.9831000e-002  3.2626000e-002  5.2775000e-002  8.3089000e-002  1.3423100e-001
  4.5426000e-002  5.6920000e-003  1.4890000e-003  7.3200000e-004  1.3100000e-003  2.3530000e-003  2.8180000e-003  3.1300000e-003  3.5790000e-003  4.3950000e-003  6.0460000e-003  8.7070000e-003  1.2887000e-002  1.9845000e-002  3.3072000e-002  5.5876000e-002  8.9421000e-002  1.4505200e-001
  4.1597000e-002  4.9800000e-003  1.4030000e-003  6.6300000e-004  1.2000000e-003  2.2080000e-003  2.6190000e-003  2.9390000e-003  3.3190000e-003  4.0500000e-003  5.5880000e-003  8.2780000e-003  1.1770000e-002  1.8172000e-002  3.0190000e-002  4.9530000e-002  7.9463000e-002  1.2572400e-001
  3.7619000e-002  3.9080000e-003  1.1430000e-003  6.3000000e-004  1.0810000e-003  1.9310000e-003  2.2730000e-003  2.5700000e-003  3.0850000e-003  3.8080000e-003  5.3350000e-003  7.7450000e-003  1.1298000e-002  1.7692000e-002  2.8767000e-002  4.8880000e-002  7.8431000e-002  1.2504400e-001
  3.7781000e-002  3.6550000e-003  1.0600000e-003  5.5400000e-004  1.0110000e-003  1.8180000e-003  2.0980000e-003  2.4740000e-003  2.8670000e-003  3.6600000e-003  5.2130000e-003  7.7580000e-003  1.1565000e-002  1.8042000e-002  3.0196000e-002  5.1172000e-002  8.4676000e-002  1.3761900e-001
  3.6427000e-002  3.4170000e-003  1.0160000e-003  5.9600000e-004  1.0260000e-003  1.7980000e-003  2.0880000e-003  2.4450000e-003  2.9160000e-003  3.6930000e-003  5.2160000e-003  7.7510000e-003  1.1550000e-002  1.8152000e-002  3.0750000e-002  5.3596000e-002  8.9427000e-002  1.4480200e-001
  3.3228000e-002  2.8180000e-003  8.4800000e-004  4.8500000e-004  9.0900000e-004  1.6460000e-003  1.8390000e-003  2.0660000e-003  2.5330000e-003  3.2590000e-003  4.7980000e-003  7.1470000e-003  1.0554000e-002  1.6287000e-002  2.6936000e-002  4.7662000e-002  7.8864000e-002  1.2612300e-001
  3.0961000e-002  2.5840000e-003  8.5300000e-004  4.9600000e-004  8.6200000e-004  1.4550000e-003  1.7280000e-003  2.0160000e-003  2.4440000e-003  3.2190000e-003  4.5470000e-003  6.9550000e-003  1.0373000e-002  1.5887000e-002  2.6770000e-002  4.6212000e-002  7.8256000e-002  1.2851000e-001
  2.8057000e-002  2.2520000e-003  7.5700000e-004  4.3000000e-004  7.9400000e-004  1.3690000e-003  1.5610000e-003  1.8060000e-003  2.2690000e-003  3.0260000e-003  4.5330000e-003  6.7330000e-003  1.0102000e-002  1.6042000e-002  2.6924000e-002  4.7162000e-002  8.3006000e-002  1.3523600e-001
  2.5677000e-002  1.9580000e-003  6.5200000e-004  3.9900000e-004  7.3500000e-004  1.2040000e-003  1.4200000e-003  1.7200000e-003  2.1120000e-003  2.8700000e-003  4.1910000e-003  6.5000000e-003  9.8700000e-003  1.5297000e-002  2.6124000e-002  4.5919000e-002  8.0720000e-002  1.3509600e-001
  2.4339000e-002  1.7020000e-003  5.8200000e-004  3.8100000e-004  5.9700000e-004  1.0880000e-003  1.3220000e-003  1.5960000e-003  2.0040000e-003  2.7430000e-003  4.0980000e-003  6.4140000e-003  9.6300000e-003  1.5287000e-002  2.5917000e-002  4.6415000e-002  8.3231000e-002  1.3907700e-001
  2.1276000e-002  1.4110000e-003  5.0200000e-004  3.0800000e-004  5.3700000e-004  9.5600000e-004  1.1830000e-003  1.4100000e-003  1.8760000e-003  2.5950000e-003  3.9250000e-003  5.9100000e-003  9.0650000e-003  1.4149000e-002  2.4451000e-002  4.2535000e-002  7.5690000e-002  1.2656300e-001
  1.8578000e-002  1.3040000e-003  4.8700000e-004  3.1900000e-004  4.6800000e-004  8.7000000e-004  1.1020000e-003  1.3310000e-003  1.7940000e-003  2.5200000e-003  3.8370000e-003  5.7330000e-003  8.6750000e-003  1.3792000e-002  2.3645000e-002  4.2150000e-002  7.4720000e-002  1.2551400e-001
  1.7087000e-002  1.2150000e-003  4.4500000e-004  3.0000000e-004  4.4500000e-004  8.1000000e-004  1.0600000e-003  1.2660000e-003  1.7090000e-003  2.3790000e-003  3.7620000e-003  5.6140000e-003  8.6500000e-003  1.3997000e-002  2.4052000e-002  4.2316000e-002  7.6492000e-002  1.3447500e-001
  1.4813000e-002  1.1360000e-003  4.3200000e-004  3.1100000e-004  4.6800000e-004  8.0400000e-004  9.5900000e-004  1.2240000e-003  1.6020000e-003  2.2920000e-003  3.4700000e-003  5.3770000e-003  8.2510000e-003  1.3236000e-002  2.2604000e-002  4.0187000e-002  7.1154000e-002  1.2204000e-001
  1.5554000e-002  1.0080000e-003  3.8100000e-004  2.8800000e-004  4.4500000e-004  7.3000000e-004  9.4500000e-004  1.1320000e-003  1.5570000e-003  2.1860000e-003  3.3350000e-003  5.1240000e-003  7.9430000e-003  1.3042000e-002  2.1803000e-002  3.8961000e-002  6.9854000e-002  1.1984700e-001
  1.3047000e-002  9.9300000e-004  3.9700000e-004  2.7700000e-004  4.3500000e-004  6.8900000e-004  8.9700000e-004  1.1000000e-003  1.4800000e-003  2.1740000e-003  3.2140000e-003  5.0890000e-003  7.8020000e-003  1.2697000e-002  2.1331000e-002  3.8113000e-002  6.9440000e-002  1.1908300e-001
  1.2598000e-002  9.4800000e-004  3.6600000e-004  2.6500000e-004  4.3000000e-004  6.9100000e-004  8.6100000e-004  1.0980000e-003  1.4770000e-003  2.0860000e-003  3.2240000e-003  4.9390000e-003  7.5730000e-003  1.2273000e-002  2.0979000e-002  3.7548000e-002  6.6682000e-002  1.1397200e-001
  1.1715000e-002  9.3500000e-004  3.6100000e-004  2.5300000e-004  4.3500000e-004  6.7800000e-004  8.4800000e-004  1.0330000e-003  1.4240000e-003  2.0910000e-003  3.1160000e-003  4.8510000e-003  7.4900000e-003  1.2317000e-002  2.0983000e-002  3.7955000e-002  6.7910000e-002  1.1579000e-001
  1.1190000e-002  8.9200000e-004  3.4600000e-004  2.3800000e-004  3.9600000e-004  6.4700000e-004  7.7500000e-004  9.7800000e-004  1.3160000e-003  1.9390000e-003  2.8590000e-003  4.5580000e-003  6.8880000e-003  1.1378000e-002  1.9539000e-002  3.4196000e-002  6.2664000e-002  1.1006700e-001
  1.0227000e-002  8.6600000e-004  3.3400000e-004  2.2100000e-004  3.9100000e-004  6.2800000e-004  7.5700000e-004  9.3300000e-004  1.2740000e-003  1.8240000e-003  2.8530000e-003  4.3070000e-003  6.6910000e-003  1.0762000e-002  1.8566000e-002  3.2883000e-002  6.0251000e-002  1.0515500e-001
  1.0044000e-002  8.5200000e-004  3.3100000e-004  2.2300000e-004  3.8700000e-004  6.2000000e-004  7.1100000e-004  8.8900000e-004  1.2180000e-003  1.8210000e-003  2.7680000e-003  4.2730000e-003  6.5090000e-003  1.0483000e-002  1.8093000e-002  3.2693000e-002  6.0882000e-002  1.1114200e-001
  9.3060000e-003  8.0900000e-004  2.8600000e-004  2.0000000e-004  3.7000000e-004  5.7700000e-004  6.6600000e-004  8.4600000e-004  1.1680000e-003  1.7550000e-003  2.6380000e-003  4.0750000e-003  6.2320000e-003  1.0086000e-002  1.7626000e-002  3.2026000e-002  5.9738000e-002  1.0872500e-001
  8.6200000e-003  7.3000000e-004  2.7200000e-004  1.9600000e-004  3.2900000e-004  5.4900000e-004  6.2200000e-004  8.0400000e-004  1.1190000e-003  1.6780000e-003  2.5370000e-003  3.9400000e-003  6.0100000e-003  9.5330000e-003  1.6555000e-002  3.0554000e-002  5.6644000e-002  1.0422500e-001
  8.1060000e-003  6.7300000e-004  2.7200000e-004  1.7700000e-004  3.0400000e-004  4.9400000e-004  5.9300000e-004  7.3800000e-004  1.0340000e-003  1.5760000e-003  2.4300000e-003  3.7340000e-003  5.7040000e-003  9.0840000e-003  1.5980000e-002  2.9353000e-002  5.4752000e-002  1.0113800e-001
  7.7210000e-003  6.3900000e-004  2.5800000e-004  1.6700000e-004  2.8800000e-004  4.3900000e-004  5.4300000e-004  7.0000000e-004  9.8700000e-004  1.4650000e-003  2.3200000e-003  3.5760000e-003  5.3580000e-003  8.7510000e-003  1.5166000e-002  2.7734000e-002  5.1772000e-002  9.4108000e-002
  7.3110000e-003  6.0000000e-004  2.2200000e-004  1.6400000e-004  2.9100000e-004  4.1900000e-004  5.4300000e-004  6.8700000e-004  9.5800000e-004  1.4360000e-003  2.2250000e-003  3.3930000e-003  5.1880000e-003  8.3500000e-003  1.4423000e-002  2.6856000e-002  5.0071000e-002  9.2102000e-002
  6.8480000e-003  5.5900000e-004  2.0600000e-004  1.4900000e-004  2.7300000e-004  4.0800000e-004  4.9500000e-004  6.3900000e-004  9.2400000e-004  1.4030000e-003  2.2060000e-003  3.2900000e-003  4.9850000e-003  7.9470000e-003  1.3498000e-002  2.5225000e-002  4.7462000e-002  8.7267000e-002
  6.5790000e-003  5.4700000e-004  2.1100000e-004  1.3800000e-004  2.6900000e-004  3.7000000e-004  4.8100000e-004  6.1200000e-004  9.0500000e-004  1.3520000e-003  2.1180000e-003  3.2650000e-003  4.8770000e-003  7.9780000e-003  1.3484000e-002  2.5178000e-002  4.7687000e-002  8.9011000e-002
  6.3490000e-003  5.2800000e-004  1.9100000e-004  1.3700000e-004  2.6700000e-004  3.5300000e-004  4.5900000e-004  6.1000000e-004  8.7500000e-004  1.2970000e-003  2.0460000e-003  3.1620000e-003  4.6630000e-003  7.6140000e-003  1.2974000e-002  2.3974000e-002  4.5843000e-002  8.4386000e-002
  5.8150000e-003  4.9000000e-004  1.8100000e-004  1.4000000e-004  2.5600000e-004  3.4300000e-004  4.3200000e-004  6.0400000e-004  8.5000000e-004  1.2560000e-003  1.9970000e-003  3.0360000e-003  4.5260000e-003  7.2640000e-003  1.2236000e-002  2.2319000e-002  4.3060000e-002  7.9670000e-002
  5.6520000e-003  4.6400000e-004  1.8700000e-004  1.3200000e-004  2.6500000e-004  3.6900000e-004  4.4100000e-004  5.8000000e-004  8.4000000e-004  1.2330000e-003  1.9370000e-003  3.0120000e-003  4.4120000e-003  7.1310000e-003  1.2067000e-002  2.1872000e-002  4.1963000e-002  7.8996000e-002
  5.2950000e-003  4.7000000e-004  1.6500000e-004  1.2200000e-004  2.4200000e-004  3.4700000e-004  4.3300000e-004  5.6400000e-004  8.0600000e-004  1.2570000e-003  1.9290000e-003  2.8760000e-003  4.2680000e-003  6.7580000e-003  1.1638000e-002  2.0692000e-002  3.9744000e-002  7.5553000e-002
  5.0630000e-003  4.1700000e-004  1.5200000e-004  1.3100000e-004  2.3800000e-004  3.2000000e-004  4.0400000e-004  5.5200000e-004  7.6400000e-004  1.2360000e-003  1.8560000e-003  2.8960000e-003  4.1640000e-003  6.6490000e-003  1.1230000e-002  2.0010000e-002  3.8514000e-002  7.3279000e-002
  4.7860000e-003  3.9800000e-004  1.4200000e-004  1.2300000e-004  2.3900000e-004  3.4000000e-004  4.1400000e-004  5.0600000e-004  7.6900000e-004  1.1990000e-003  1.8020000e-003  2.7580000e-003  4.0020000e-003  6.2680000e-003  1.0519000e-002  1.9022000e-002  3.6575000e-002  7.0299000e-002
  4.5130000e-003  3.8400000e-004  1.5000000e-004  1.1500000e-004  2.2300000e-004  3.3000000e-004  3.8100000e-004  4.8400000e-004  7.2700000e-004  1.1390000e-003  1.7350000e-003  2.6760000e-003  3.9350000e-003  6.1040000e-003  9.9980000e-003  1.7921000e-002  3.4328000e-002  6.6700000e-002
  4.3960000e-003  3.9300000e-004  1.5000000e-004  1.1600000e-004  2.4200000e-004  3.1300000e-004  3.7900000e-004  4.8100000e-004  7.3200000e-004  1.1220000e-003  1.7000000e-003  2.6410000e-003  3.8830000e-003  6.0280000e-003  1.0070000e-002  1.8003000e-002  3.4784000e-002  6.8371000e-002
  4.2000000e-003  3.8100000e-004  1.5000000e-004  1.2000000e-004  2.3700000e-004  3.0400000e-004  3.6400000e-004  4.6700000e-004  7.2700000e-004  1.0810000e-003  1.6530000e-003  2.5750000e-003  3.8620000e-003  5.7960000e-003  9.6790000e-003  1.7171000e-002  3.2325000e-002  6.4117000e-002
  4.1910000e-003  3.7000000e-004  1.4600000e-004  1.1500000e-004  2.3600000e-004  3.1100000e-004  3.4700000e-004  4.6200000e-004  6.8900000e-004  1.0600000e-003  1.6580000e-003  2.4820000e-003  3.7340000e-003  5.7370000e-003  9.4330000e-003  1.7234000e-002  3.2196000e-002  6.3301000e-002
  4.2510000e-003  3.6000000e-004  1.4900000e-004  1.0400000e-004  2.1600000e-004  2.9000000e-004  3.4100000e-004  4.5000000e-004  6.5900000e-004  1.0690000e-003  1.6410000e-003  2.5060000e-003  3.7160000e-003  5.6110000e-003  9.1330000e-003  1.6384000e-002  3.1139000e-002  6.0834000e-002
  4.0350000e-003  3.7900000e-004  1.4000000e-004  1.2300000e-004  2.3000000e-004  2.9100000e-004  3.5500000e-004  4.3300000e-004  6.6000000e-004  1.0630000e-003  1.6340000e-003  2.4450000e-003  3.6720000e-003  5.6850000e-003  9.0960000e-003  1.6035000e-002  3.0594000e-002  5.9593000e-002
  4.0040000e-003  3.9400000e-004  1.5300000e-004  1.2100000e-004  2.0800000e-004  2.7400000e-004  3.0700000e-004  4.3900000e-004  6.3800000e-004  1.0590000e-003  1.6390000e-003  2.3700000e-003  3.6280000e-003  5.6190000e-003  8.9690000e-003  1.5881000e-002  3.0349000e-002  5.8140000e-002
  3.8670000e-003  3.5300000e-004  1.3600000e-004  9.9000000e-005  2.0000000e-004  2.8600000e-004  3.1900000e-004  4.4300000e-004  6.2800000e-004  9.9500000e-004  1.5470000e-003  2.3660000e-003  3.4490000e-003  5.4030000e-003  8.6170000e-003  1.4998000e-002  2.8443000e-002  5.4718000e-002
