  6.4565000e-002  5.3290000e-003  1.4680000e-003  1.0030000e-003  1.3570000e-003  1.9070000e-003  2.2950000e-003  2.5680000e-003  3.0690000e-003  3.9190000e-003  5.6090000e-003  8.3530000e-003  1.2364000e-002  2.0034000e-002  2.9521000e-002  5.3950000e-002  8.1846000e-002  1.2287900e-001
  6.0783000e-002  4.4120000e-003  1.1780000e-003  9.0100000e-004  1.1190000e-003  1.5460000e-003  1.9310000e-003  2.2480000e-003  2.7540000e-003  3.7480000e-003  5.3570000e-003  7.9830000e-003  1.1972000e-002  2.0185000e-002  3.0872000e-002  5.4790000e-002  8.7702000e-002  1.3090800e-001
  5.6682000e-002  3.9330000e-003  1.0200000e-003  7.6600000e-004  9.9600000e-004  1.3730000e-003  1.7350000e-003  2.0240000e-003  2.6010000e-003  3.4820000e-003  4.9930000e-003  7.8450000e-003  1.1327000e-002  1.8619000e-002  2.9240000e-002  5.0734000e-002  8.2718000e-002  1.2547500e-001
  5.9839000e-002  3.8100000e-003  1.0040000e-003  7.2900000e-004  1.0310000e-003  1.3830000e-003  1.7360000e-003  1.9540000e-003  2.6030000e-003  3.3790000e-003  4.8800000e-003  7.3470000e-003  1.1415000e-002  1.8755000e-002  3.0006000e-002  5.0114000e-002  8.4663000e-002  1.2994100e-001
  5.4484000e-002  3.0640000e-003  8.5200000e-004  6.9000000e-004  9.2600000e-004  1.2520000e-003  1.6610000e-003  1.9350000e-003  2.5330000e-003  3.4840000e-003  5.0110000e-003  7.7060000e-003  1.2066000e-002  1.9720000e-002  3.2408000e-002  5.3916000e-002  9.3313000e-002  1.4329200e-001
  5.6343000e-002  3.0170000e-003  9.0800000e-004  6.9200000e-004  9.2900000e-004  1.3200000e-003  1.7180000e-003  1.9770000e-003  2.6980000e-003  3.5450000e-003  5.1390000e-003  7.9180000e-003  1.2055000e-002  1.9633000e-002  3.3117000e-002  5.4104000e-002  8.9847000e-002  1.3713300e-001
  4.9957000e-002  2.5110000e-003  7.5900000e-004  5.9400000e-004  7.8900000e-004  1.1200000e-003  1.4670000e-003  1.7100000e-003  2.2050000e-003  3.0930000e-003  4.3060000e-003  6.9460000e-003  1.0546000e-002  1.6760000e-002  2.7815000e-002  4.6269000e-002  7.8767000e-002  1.2316400e-001
  4.9749000e-002  2.4720000e-003  7.4000000e-004  5.7600000e-004  7.8200000e-004  1.0770000e-003  1.3940000e-003  1.6830000e-003  2.1830000e-003  3.0660000e-003  4.3350000e-003  6.9620000e-003  1.0837000e-002  1.7229000e-002  2.8421000e-002  4.7678000e-002  8.1099000e-002  1.2452700e-001
  4.7121000e-002  2.0200000e-003  6.4500000e-004  5.0400000e-004  7.4100000e-004  9.5100000e-004  1.2930000e-003  1.5510000e-003  2.0980000e-003  2.9310000e-003  4.3140000e-003  6.7910000e-003  1.0522000e-002  1.7185000e-002  2.8029000e-002  4.7864000e-002  8.0007000e-002  1.2588300e-001
  4.9219000e-002  1.9890000e-003  6.3700000e-004  4.8400000e-004  6.9800000e-004  9.0400000e-004  1.2620000e-003  1.5230000e-003  1.9780000e-003  2.8130000e-003  4.1900000e-003  6.5570000e-003  1.0056000e-002  1.6567000e-002  2.6528000e-002  4.5136000e-002  7.3837000e-002  1.1836200e-001
  4.2855000e-002  1.7320000e-003  6.2300000e-004  5.1700000e-004  7.1700000e-004  9.1000000e-004  1.2520000e-003  1.5370000e-003  1.9820000e-003  2.8780000e-003  4.2580000e-003  6.6830000e-003  1.0485000e-002  1.7356000e-002  2.7909000e-002  4.8404000e-002  7.8880000e-002  1.2722300e-001
  4.1870000e-002  1.6460000e-003  6.3400000e-004  4.8300000e-004  6.8000000e-004  9.0100000e-004  1.1860000e-003  1.4750000e-003  1.9620000e-003  2.8340000e-003  4.2490000e-003  6.6740000e-003  1.0453000e-002  1.7665000e-002  2.7617000e-002  4.8498000e-002  7.9862000e-002  1.2509700e-001
  4.0864000e-002  1.3430000e-003  5.3500000e-004  4.6100000e-004  6.8300000e-004  9.0000000e-004  1.1380000e-003  1.3880000e-003  1.8550000e-003  2.7750000e-003  4.0690000e-003  6.3560000e-003  1.0090000e-002  1.6725000e-002  2.6296000e-002  4.4808000e-002  7.3906000e-002  1.2242100e-001
  3.8117000e-002  1.1990000e-003  5.0800000e-004  4.3900000e-004  6.4500000e-004  9.2600000e-004  1.0970000e-003  1.3450000e-003  1.8570000e-003  2.7140000e-003  4.0510000e-003  6.1010000e-003  9.7550000e-003  1.6071000e-002  2.6514000e-002  4.3769000e-002  7.4179000e-002  1.1833500e-001
  3.6653000e-002  1.0900000e-003  4.6900000e-004  4.1500000e-004  6.4800000e-004  9.1800000e-004  1.0480000e-003  1.3380000e-003  1.7950000e-003  2.6410000e-003  3.9970000e-003  6.2340000e-003  9.7700000e-003  1.5673000e-002  2.6183000e-002  4.3180000e-002  7.3026000e-002  1.1672500e-001
  3.5032000e-002  9.7900000e-004  4.5000000e-004  3.9600000e-004  6.4000000e-004  9.0900000e-004  1.0280000e-003  1.2990000e-003  1.8130000e-003  2.6660000e-003  3.9580000e-003  6.1950000e-003  9.6310000e-003  1.6127000e-002  2.5689000e-002  4.3350000e-002  7.2979000e-002  1.1653200e-001
  3.2875000e-002  9.4200000e-004  4.3200000e-004  3.9100000e-004  6.1200000e-004  8.5700000e-004  1.0330000e-003  1.2670000e-003  1.7560000e-003  2.5030000e-003  3.8640000e-003  6.1460000e-003  9.4050000e-003  1.5481000e-002  2.5846000e-002  4.3242000e-002  7.3225000e-002  1.1753300e-001
  3.1033000e-002  9.6000000e-004  4.4100000e-004  3.9200000e-004  6.4800000e-004  9.1600000e-004  1.0780000e-003  1.2990000e-003  1.8420000e-003  2.6960000e-003  4.1710000e-003  6.4770000e-003  9.9300000e-003  1.6568000e-002  2.7944000e-002  4.7876000e-002  7.7617000e-002  1.2020900e-001
  2.8746000e-002  9.3800000e-004  4.5700000e-004  3.7500000e-004  6.3900000e-004  8.8700000e-004  1.0540000e-003  1.2640000e-003  1.7770000e-003  2.5040000e-003  3.8920000e-003  6.0190000e-003  9.1870000e-003  1.4952000e-002  2.4810000e-002  4.2205000e-002  7.0709000e-002  1.1442200e-001
  2.6347000e-002  1.0030000e-003  4.3500000e-004  3.7700000e-004  6.2400000e-004  8.7800000e-004  1.0020000e-003  1.2190000e-003  1.6710000e-003  2.6180000e-003  4.0790000e-003  6.3620000e-003  9.7380000e-003  1.6029000e-002  2.5709000e-002  4.6626000e-002  7.7305000e-002  1.2243000e-001
  2.3232000e-002  9.1800000e-004  4.2700000e-004  3.5500000e-004  6.0600000e-004  8.3400000e-004  9.9200000e-004  1.1980000e-003  1.5990000e-003  2.4340000e-003  3.7040000e-003  5.8340000e-003  8.9550000e-003  1.4377000e-002  2.3562000e-002  4.0553000e-002  6.7847000e-002  1.1266000e-001
  2.1837000e-002  9.0800000e-004  4.1900000e-004  3.5500000e-004  6.5500000e-004  8.7100000e-004  9.3800000e-004  1.2060000e-003  1.6020000e-003  2.3890000e-003  3.7440000e-003  6.0230000e-003  9.1670000e-003  1.4867000e-002  2.4174000e-002  4.2287000e-002  7.1594000e-002  1.1988900e-001
  2.0364000e-002  8.1200000e-004  4.1400000e-004  3.4500000e-004  6.2100000e-004  8.1200000e-004  9.0700000e-004  1.1460000e-003  1.6110000e-003  2.3760000e-003  3.6540000e-003  5.9180000e-003  8.9950000e-003  1.4541000e-002  2.3848000e-002  4.1563000e-002  7.0432000e-002  1.1669300e-001
  1.8836000e-002  7.8100000e-004  3.8100000e-004  3.4300000e-004  5.9000000e-004  7.8800000e-004  8.3600000e-004  1.0620000e-003  1.6050000e-003  2.3510000e-003  3.6720000e-003  5.7800000e-003  9.1300000e-003  1.4339000e-002  2.3414000e-002  3.9722000e-002  6.9180000e-002  1.1266000e-001
  1.7410000e-002  7.0500000e-004  3.6500000e-004  3.1600000e-004  6.0300000e-004  7.4800000e-004  8.3400000e-004  1.0290000e-003  1.4880000e-003  2.2210000e-003  3.6660000e-003  5.8100000e-003  9.0080000e-003  1.3929000e-002  2.3111000e-002  3.8967000e-002  6.7200000e-002  1.1008000e-001
  1.5967000e-002  7.4900000e-004  3.6600000e-004  3.1200000e-004  5.9700000e-004  7.8800000e-004  8.1700000e-004  1.0180000e-003  1.3950000e-003  2.1700000e-003  3.4410000e-003  5.5010000e-003  8.7050000e-003  1.3547000e-002  2.2094000e-002  3.6828000e-002  6.4002000e-002  1.0758200e-001
  1.5207000e-002  7.6300000e-004  3.6300000e-004  3.4000000e-004  6.4500000e-004  8.3000000e-004  8.4800000e-004  1.0570000e-003  1.3830000e-003  2.2160000e-003  3.4260000e-003  5.4660000e-003  8.4550000e-003  1.3276000e-002  2.1617000e-002  3.6411000e-002  6.2188000e-002  1.0543100e-001
  1.4024000e-002  7.1700000e-004  3.5100000e-004  3.2800000e-004  6.2100000e-004  7.9900000e-004  8.4000000e-004  1.0070000e-003  1.3910000e-003  2.1680000e-003  3.3180000e-003  5.3600000e-003  8.2440000e-003  1.2888000e-002  2.0542000e-002  3.4374000e-002  5.9694000e-002  1.0109800e-001
  1.1953000e-002  6.4900000e-004  3.5700000e-004  3.0400000e-004  5.5800000e-004  7.5700000e-004  8.1300000e-004  9.8600000e-004  1.3000000e-003  2.0950000e-003  3.1550000e-003  5.1530000e-003  7.9710000e-003  1.2352000e-002  1.9531000e-002  3.3661000e-002  5.7115000e-002  9.8322000e-002
  1.1849000e-002  6.2400000e-004  2.9600000e-004  2.9500000e-004  5.5100000e-004  7.4400000e-004  7.7500000e-004  9.2100000e-004  1.2690000e-003  2.0400000e-003  3.1930000e-003  5.0630000e-003  7.7300000e-003  1.2358000e-002  1.9307000e-002  3.2852000e-002  5.6153000e-002  9.6914000e-002
  1.1084000e-002  5.2200000e-004  2.8100000e-004  2.6000000e-004  5.1200000e-004  7.0300000e-004  7.4500000e-004  8.7800000e-004  1.2410000e-003  1.9210000e-003  3.0550000e-003  4.8810000e-003  7.5200000e-003  1.1727000e-002  1.8516000e-002  3.1312000e-002  5.3689000e-002  9.1276000e-002
  1.0624000e-002  5.7100000e-004  2.7400000e-004  2.6500000e-004  5.5700000e-004  7.5400000e-004  8.0100000e-004  9.2000000e-004  1.2710000e-003  1.8900000e-003  3.1070000e-003  4.8080000e-003  7.5620000e-003  1.1854000e-002  1.8807000e-002  3.1761000e-002  5.5340000e-002  9.4547000e-002
  9.7980000e-003  5.1800000e-004  2.5000000e-004  2.5700000e-004  5.6600000e-004  7.7000000e-004  7.5700000e-004  9.0100000e-004  1.2900000e-003  1.9420000e-003  3.0870000e-003  4.6940000e-003  7.5070000e-003  1.1874000e-002  1.8221000e-002  3.0478000e-002  5.2845000e-002  9.0171000e-002
  8.8150000e-003  4.9200000e-004  2.6100000e-004  2.5900000e-004  5.3400000e-004  7.9800000e-004  8.0500000e-004  9.0300000e-004  1.2690000e-003  1.9070000e-003  3.0990000e-003  4.7950000e-003  7.4110000e-003  1.1713000e-002  1.8398000e-002  3.0878000e-002  5.3674000e-002  9.2105000e-002
  9.0920000e-003  4.7200000e-004  2.5600000e-004  2.3800000e-004  5.8700000e-004  8.2600000e-004  8.5300000e-004  9.2900000e-004  1.3040000e-003  1.8550000e-003  3.0440000e-003  4.6680000e-003  7.2610000e-003  1.1460000e-002  1.7848000e-002  2.9709000e-002  5.1633000e-002  8.8142000e-002
  8.8310000e-003  4.2200000e-004  2.2800000e-004  2.2500000e-004  6.5800000e-004  9.3500000e-004  9.2800000e-004  1.0190000e-003  1.3230000e-003  1.9340000e-003  2.9790000e-003  4.6750000e-003  7.0700000e-003  1.1211000e-002  1.7445000e-002  2.8954000e-002  4.9313000e-002  8.5124000e-002
  8.0600000e-003  4.4000000e-004  2.2500000e-004  2.2300000e-004  6.2700000e-004  9.7700000e-004  1.0420000e-003  1.0760000e-003  1.3660000e-003  1.9350000e-003  2.9970000e-003  4.7070000e-003  7.1410000e-003  1.1069000e-002  1.7411000e-002  2.8450000e-002  4.8836000e-002  8.5275000e-002
  7.7840000e-003  4.5600000e-004  2.2300000e-004  2.3300000e-004  6.6500000e-004  1.0370000e-003  1.1820000e-003  1.1740000e-003  1.3770000e-003  1.9700000e-003  2.9720000e-003  4.5970000e-003  7.0440000e-003  1.0822000e-002  1.7207000e-002  2.7951000e-002  4.8157000e-002  8.4246000e-002
  7.6650000e-003  4.5200000e-004  2.3400000e-004  2.4800000e-004  6.5300000e-004  1.0350000e-003  1.2160000e-003  1.2740000e-003  1.4150000e-003  1.9460000e-003  2.8470000e-003  4.6330000e-003  6.9120000e-003  1.0646000e-002  1.7035000e-002  2.8043000e-002  4.7859000e-002  8.3828000e-002
  7.2400000e-003  4.0400000e-004  2.0800000e-004  2.3400000e-004  6.1700000e-004  1.0420000e-003  1.2980000e-003  1.3760000e-003  1.4760000e-003  1.9580000e-003  2.9250000e-003  4.5320000e-003  6.8360000e-003  1.0607000e-002  1.6778000e-002  2.7305000e-002  4.6952000e-002  8.3481000e-002
  7.0900000e-003  4.0100000e-004  2.0000000e-004  2.0700000e-004  5.3900000e-004  9.3300000e-004  1.2690000e-003  1.4510000e-003  1.4690000e-003  1.9310000e-003  2.8300000e-003  4.3500000e-003  6.7100000e-003  1.0347000e-002  1.6030000e-002  2.6087000e-002  4.5239000e-002  7.8652000e-002
  6.6160000e-003  3.9500000e-004  1.9500000e-004  1.9800000e-004  4.9400000e-004  7.9200000e-004  1.1780000e-003  1.4660000e-003  1.4750000e-003  1.9350000e-003  2.8620000e-003  4.2550000e-003  6.5280000e-003  1.0146000e-002  1.6185000e-002  2.6244000e-002  4.4808000e-002  7.8580000e-002
  5.9400000e-003  3.6600000e-004  2.0100000e-004  1.8700000e-004  4.2300000e-004  7.2000000e-004  1.1540000e-003  1.5470000e-003  1.5460000e-003  1.9120000e-003  2.8950000e-003  4.1360000e-003  6.4420000e-003  9.7670000e-003  1.5598000e-002  2.5431000e-002  4.3227000e-002  7.6268000e-002
  5.4540000e-003  3.4300000e-004  1.7400000e-004  1.9000000e-004  4.4000000e-004  6.9300000e-004  1.1040000e-003  1.6030000e-003  1.6570000e-003  1.9360000e-003  2.8160000e-003  4.0770000e-003  6.4280000e-003  9.7520000e-003  1.5404000e-002  2.5228000e-002  4.3118000e-002  7.5784000e-002
  5.5430000e-003  3.6200000e-004  1.7500000e-004  1.9500000e-004  4.3600000e-004  6.5700000e-004  1.0120000e-003  1.5610000e-003  1.6420000e-003  1.9790000e-003  2.7050000e-003  4.0850000e-003  6.3120000e-003  9.4890000e-003  1.5117000e-002  2.4919000e-002  4.2623000e-002  7.5356000e-002
