
   1950        0     0.072077     0.082352     0.077372 
   1950      14     0.007182     0.007355     0.007270 
   1950      59     0.001775     0.001897     0.001837 
   1950     1014    0.001176     0.001407     0.001293 
   1950     1519    0.001901     0.002286     0.002091 
   1950     2024    0.002630     0.003438     0.003032 
   1950     2529    0.002864     0.003999     0.003415 
   1950     3034    0.002988     0.004233     0.003567 
   1950     3539    0.003206     0.004571     0.003840 
   1950     4044    0.004038     0.005887     0.004926 
   1950     4549    0.004823     0.008007     0.006325 
   1950     5054    0.007308     0.012200     0.009612 
   1950     5559    0.009827     0.017503     0.013346 
   1950     6064    0.016459     0.026374     0.020921 
   1950     6569    0.026740     0.039812     0.032382 
   1950     7074    0.050373     0.066060     0.056944 
   1950     7579    0.076844     0.102115     0.086733 
   1950     8084    0.122108     0.151204     0.132664 
   1950     8589    0.183363     0.227453     0.197461 
   1950     9094    0.230477     0.282040     0.243684 
   1950     9599    0.338322     0.423800     0.355380 
   1950    100104   0.398857     0.441204     0.404773 
   1950    105109   0.493823     0.000000     0.409403 
   1950    110      0.218260     0.011494     0.185809 
   1951        0     0.069373     0.084152     0.076987 
   1951      14     0.006598     0.006881     0.006743 
   1951      59     0.001624     0.001883     0.001757 
   1951     1014    0.001152     0.001281     0.001218 
   1951     1519    0.001634     0.001939     0.001785 
   1951     2024    0.002393     0.002953     0.002672 
   1951     2529    0.002643     0.003471     0.003047 
   1951     3034    0.002874     0.003748     0.003284 
   1951     3539    0.003242     0.004238     0.003701 
   1951     4044    0.003910     0.005647     0.004748 
   1951     4549    0.005034     0.008032     0.006455 
   1951     5054    0.007373     0.012277     0.009668 
   1951     5559    0.011221     0.018687     0.014663 
   1951     6064    0.018361     0.029267     0.023256 
   1951     6569    0.030142     0.043820     0.036027 
   1951     7074    0.058313     0.075200     0.065416 
   1951     7579    0.091404     0.120951     0.102873 
   1951     8084    0.135340     0.170789     0.148178 
   1951     8589    0.204820     0.257877     0.221786 
   1951     9094    0.260387     0.304986     0.271973 
   1951     9599    0.389384     0.432844     0.398091 
   1951    100104   0.430040     0.332773     0.415634 
   1951    105109   0.372439     0.080784     0.311798 
   1951    110      0.258298     0.000000     0.203587 
   1952        0     0.058293     0.070515     0.064565 
   1952      14     0.005392     0.005269     0.005329 
   1952      59     0.001361     0.001571     0.001468 
   1952     1014    0.000935     0.001069     0.001003 
   1952     1519    0.001224     0.001492     0.001357 
   1952     2024    0.001622     0.002195     0.001907 
   1952     2529    0.001950     0.002657     0.002295 
   1952     3034    0.002241     0.002930     0.002568 
   1952     3539    0.002639     0.003571     0.003069 
   1952     4044    0.003303     0.004588     0.003919 
   1952     4549    0.004493     0.006852     0.005609 
   1952     5054    0.006459     0.010506     0.008353 
   1952     5559    0.009501     0.015706     0.012364 
   1952     6064    0.016315     0.024589     0.020034 
   1952     6569    0.024703     0.035913     0.029521 
   1952     7074    0.048014     0.062088     0.053950 
   1952     7579    0.072917     0.096055     0.081846 
   1952     8084    0.111757     0.142648     0.122879 
   1952     8589    0.172788     0.214538     0.186108 
   1952     9094    0.217003     0.256566     0.227399 
   1952     9599    0.352091     0.378737     0.357562 
   1952    100104   0.393726     0.342219     0.385742 
   1952    105109   0.361111     0.312888     0.351240 
   1952    110      0.150094     0.246508     0.172596 
   1953        0     0.055554     0.065741     0.060783 
   1953      14     0.004295     0.004523     0.004412 
   1953      59     0.001082     0.001270     0.001178 
   1953     1014    0.000793     0.001004     0.000901 
   1953     1519    0.000910     0.001327     0.001119 
   1953     2024    0.001288     0.001809     0.001546 
   1953     2529    0.001665     0.002206     0.001931 
   1953     3034    0.001907     0.002618     0.002248 
   1953     3539    0.002371     0.003201     0.002754 
   1953     4044    0.003142     0.004417     0.003748 
   1953     4549    0.004333     0.006496     0.005357 
   1953     5054    0.006193     0.010019     0.007983 
   1953     5559    0.009230     0.015158     0.011972 
   1953     6064    0.016250     0.025009     0.020185 
   1953     6569    0.025925     0.037377     0.030872 
   1953     7074    0.048473     0.063457     0.054790 
   1953     7579    0.079013     0.101452     0.087702 
   1953     8084    0.120169     0.150133     0.130908 
   1953     8589    0.185273     0.228849     0.199159 
   1953     9094    0.228641     0.280472     0.242386 
   1953     9599    0.356620     0.380234     0.361575 
   1953    100104   0.426394     0.461892     0.431736 
   1953    105109   0.306839     0.245114     0.295097 
   1953    110      0.447495     0.237740     0.397216 
   1954        0     0.050641     0.062451     0.056682 
   1954      14     0.003868     0.003996     0.003933 
   1954      59     0.000945     0.001093     0.001020 
   1954     1014    0.000710     0.000820     0.000766 
   1954     1519    0.000839     0.001150     0.000996 
   1954     2024    0.001136     0.001617     0.001373 
   1954     2529    0.001516     0.001958     0.001735 
   1954     3034    0.001749     0.002317     0.002024 
   1954     3539    0.002266     0.002989     0.002601 
   1954     4044    0.003025     0.003996     0.003482 
   1954     4549    0.004107     0.005971     0.004993 
   1954     5054    0.006118     0.009817     0.007845 
   1954     5559    0.008633     0.014440     0.011327 
   1954     6064    0.014866     0.023249     0.018619 
   1954     6569    0.024519     0.035348     0.029240 
   1954     7074    0.044476     0.059358     0.050734 
   1954     7579    0.073877     0.096573     0.082718 
   1954     8084    0.114586     0.145126     0.125475 
   1954     8589    0.170816     0.215476     0.185013 
   1954     9094    0.231963     0.275321     0.243567 
   1954     9599    0.335258     0.375866     0.343867 
   1954    100104   0.383720     0.321919     0.374185 
   1954    105109   0.234084     0.299217     0.246676 
   1954    110      0.520497     0.530343     0.522930 
   1955        0     0.053888     0.065530     0.059839 
   1955      14     0.003695     0.003920     0.003810 
   1955      59     0.000936     0.001070     0.001004 
   1955     1014    0.000634     0.000821     0.000729 
   1955     1519    0.000805     0.001249     0.001031 
   1955     2024    0.001113     0.001663     0.001383 
   1955     2529    0.001500     0.001976     0.001736 
   1955     3034    0.001688     0.002234     0.001954 
   1955     3539    0.002254     0.003003     0.002603 
   1955     4044    0.002855     0.003979     0.003379 
   1955     4549    0.003895     0.005956     0.004880 
   1955     5054    0.005573     0.009355     0.007347 
   1955     5559    0.008623     0.014667     0.011415 
   1955     6064    0.014925     0.023481     0.018755 
   1955     6569    0.024923     0.036542     0.030006 
   1955     7074    0.043378     0.059437     0.050114 
   1955     7579    0.076213     0.097742     0.084663 
   1955     8084    0.120434     0.147258     0.129941 
   1955     8589    0.184413     0.223880     0.196998 
   1955     9094    0.232373     0.273162     0.243409 
   1955     9599    0.383365     0.417376     0.390685 
   1955    100104   0.502397     0.422395     0.488882 
   1955    105109   0.557752     0.342896     0.509253 
   1955    110      0.365233     0.652389     0.427300 
   1956        0     0.048791     0.059922     0.054484 
   1956      14     0.002983     0.003142     0.003064 
   1956      59     0.000793     0.000908     0.000852 
   1956     1014    0.000561     0.000815     0.000690 
   1956     1519    0.000709     0.001133     0.000926 
   1956     2024    0.001022     0.001488     0.001252 
   1956     2529    0.001406     0.001922     0.001661 
   1956     3034    0.001626     0.002257     0.001935 
   1956     3539    0.002246     0.002854     0.002533 
   1956     4044    0.002897     0.004164     0.003484 
   1956     4549    0.004021     0.006089     0.005011 
   1956     5054    0.005975     0.009644     0.007706 
   1956     5559    0.008949     0.015732     0.012066 
   1956     6064    0.015298     0.025150     0.019720 
   1956     6569    0.026606     0.039881     0.032408 
   1956     7074    0.046611     0.064081     0.053916 
   1956     7579    0.083069     0.108969     0.093313 
   1956     8084    0.131265     0.165432     0.143292 
   1956     8589    0.204180     0.249822     0.218760 
   1956     9094    0.263448     0.331950     0.281911 
   1956     9599    0.399864     0.421734     0.404676 
   1956    100104   0.414750     0.360252     0.404957 
   1956    105109   0.506975     0.193673     0.421525 
   1956    110      0.348624     0.354400     0.349766 
   1957        0     0.049989     0.062426     0.056343 
   1957      14     0.002983     0.003049     0.003017 
   1957      59     0.000834     0.000978     0.000908 
   1957     1014    0.000618     0.000764     0.000692 
   1957     1519    0.000745     0.001101     0.000929 
   1957     2024    0.001134     0.001512     0.001320 
   1957     2529    0.001473     0.001967     0.001718 
   1957     3034    0.001687     0.002279     0.001977 
   1957     3539    0.002303     0.003131     0.002698 
   1957     4044    0.002995     0.004181     0.003545 
   1957     4549    0.004179     0.006197     0.005139 
   1957     5054    0.005955     0.010115     0.007918 
   1957     5559    0.009039     0.015588     0.012055 
   1957     6064    0.015068     0.025250     0.019633 
   1957     6569    0.027187     0.040765     0.033117 
   1957     7074    0.046229     0.065095     0.054104 
   1957     7579    0.080244     0.104400     0.089847 
   1957     8084    0.125100     0.159465     0.137133 
   1957     8589    0.199199     0.243630     0.213335 
   1957     9094    0.267337     0.298699     0.275747 
   1957     9599    0.389467     0.438250     0.400291 
   1957    100104   0.509746     0.419610     0.492559 
   1957    105109   0.468029     0.427409     0.457573 
   1957    110      0.341407     0.000000     0.258744 
   1958        0     0.044615     0.055073     0.049957 
   1958      14     0.002422     0.002597     0.002511 
   1958      59     0.000663     0.000851     0.000759 
   1958     1014    0.000503     0.000683     0.000594 
   1958     1519    0.000574     0.000994     0.000789 
   1958     2024    0.000863     0.001379     0.001120 
   1958     2529    0.001221     0.001720     0.001467 
   1958     3034    0.001439     0.001992     0.001710 
   1958     3539    0.001912     0.002520     0.002205 
   1958     4044    0.002573     0.003695     0.003093 
   1958     4549    0.003473     0.005236     0.004306 
   1958     5054    0.005196     0.008893     0.006946 
   1958     5559    0.007759     0.013800     0.010546 
   1958     6064    0.013036     0.021337     0.016760 
   1958     6569    0.023029     0.034016     0.027815 
   1958     7074    0.039873     0.055157     0.046269 
   1958     7579    0.070689     0.090917     0.078767 
   1958     8084    0.113376     0.141282     0.123164 
   1958     8589    0.175242     0.213257     0.187285 
   1958     9094    0.233429     0.272213     0.243883 
   1958     9599    0.327948     0.344126     0.331585 
   1958    100104   0.459432     0.420997     0.451799 
   1958    105109   0.654397     0.725865     0.669298 
   1958    110      0.248623     0.000000     0.174526 
   1959        0     0.044330     0.054919     0.049749 
   1959      14     0.002347     0.002593     0.002472 
   1959      59     0.000654     0.000822     0.000740 
   1959     1014    0.000482     0.000666     0.000576 
   1959     1519    0.000557     0.001000     0.000782 
   1959     2024    0.000873     0.001276     0.001077 
   1959     2529    0.001107     0.001691     0.001394 
   1959     3034    0.001419     0.001955     0.001683 
   1959     3539    0.001904     0.002477     0.002183 
   1959     4044    0.002556     0.003651     0.003066 
   1959     4549    0.003404     0.005394     0.004335 
   1959     5054    0.005271     0.008830     0.006962 
   1959     5559    0.007925     0.014234     0.010837 
   1959     6064    0.013197     0.022151     0.017229 
   1959     6569    0.022990     0.035516     0.028421 
   1959     7074    0.040799     0.057148     0.047678 
   1959     7579    0.072232     0.094329     0.081099 
   1959     8084    0.114597     0.142679     0.124527 
   1959     8589    0.176832     0.220349     0.190548 
   1959     9094    0.230966     0.277450     0.243514 
   1959     9599    0.371761     0.390573     0.376089 
   1959    100104   0.446043     0.555580     0.466191 
   1959    105109   0.716611     0.727009     0.718589 
   1959    110      0.445067     0.171671     0.351469 
   1960        0     0.041094     0.052878     0.047121 
   1960      14     0.001880     0.002155     0.002020 
   1960      59     0.000552     0.000734     0.000645 
   1960     1014    0.000439     0.000567     0.000504 
   1960     1519    0.000526     0.000951     0.000741 
   1960     2024    0.000735     0.001158     0.000951 
   1960     2529    0.001062     0.001532     0.001293 
   1960     3034    0.001228     0.001886     0.001551 
   1960     3539    0.001754     0.002458     0.002098 
   1960     4044    0.002447     0.003480     0.002931 
   1960     4549    0.003443     0.005312     0.004314 
   1960     5054    0.005176     0.008573     0.006791 
   1960     5559    0.007732     0.013739     0.010522 
   1960     6064    0.013056     0.022254     0.017185 
   1960     6569    0.022456     0.035360     0.028029 
   1960     7074    0.040656     0.057763     0.047864 
   1960     7579    0.070838     0.093695     0.080007 
   1960     8084    0.114984     0.145516     0.125883 
   1960     8589    0.179022     0.223476     0.192929 
   1960     9094    0.247979     0.294398     0.260548 
   1960     9599    0.377925     0.407736     0.384847 
   1960    100104   0.454914     0.575979     0.475354 
   1960    105109   0.449819     0.274581     0.414437 
   1960    110      0.322894     0.170886     0.264393 
   1961        0     0.043705     0.054479     0.049219 
   1961      14     0.001867     0.002105     0.001989 
   1961      59     0.000564     0.000707     0.000637 
   1961     1014    0.000405     0.000559     0.000484 
   1961     1519    0.000518     0.000875     0.000698 
   1961     2024    0.000687     0.001109     0.000904 
   1961     2529    0.001054     0.001478     0.001262 
   1961     3034    0.001236     0.001820     0.001523 
   1961     3539    0.001615     0.002357     0.001978 
   1961     4044    0.002251     0.003439     0.002813 
   1961     4549    0.003272     0.005242     0.004190 
   1961     5054    0.005041     0.008239     0.006557 
   1961     5559    0.007395     0.013090     0.010056 
   1961     6064    0.012658     0.021383     0.016567 
   1961     6569    0.021142     0.033592     0.026528 
   1961     7074    0.038387     0.054433     0.045136 
   1961     7579    0.065371     0.086612     0.073837 
   1961     8084    0.108713     0.135513     0.118362 
   1961     8589    0.170416     0.205601     0.181380 
   1961     9094    0.232363     0.269548     0.242495 
   1961     9599    0.344092     0.398033     0.356495 
   1961    100104   0.430447     0.600311     0.457463 
   1961    105109   0.433672     0.228464     0.389774 
   1961    110      0.000000     0.000000     0.000000 
   1962        0     0.037912     0.047546     0.042855 
   1962      14     0.001584     0.001874     0.001732 
   1962      59     0.000544     0.000698     0.000623 
   1962     1014    0.000465     0.000566     0.000517 
   1962     1519    0.000494     0.000935     0.000717 
   1962     2024    0.000709     0.001099     0.000910 
   1962     2529    0.001021     0.001491     0.001252 
   1962     3034    0.001267     0.001814     0.001537 
   1962     3539    0.001664     0.002313     0.001982 
   1962     4044    0.002310     0.003497     0.002878 
   1962     4549    0.003336     0.005318     0.004258 
   1962     5054    0.005152     0.008397     0.006683 
   1962     5559    0.007665     0.013697     0.010485 
   1962     6064    0.012813     0.022892     0.017356 
   1962     6569    0.021562     0.036211     0.027909 
   1962     7074    0.040811     0.058900     0.048404 
   1962     7579    0.069597     0.092994     0.078880 
   1962     8084    0.116162     0.146720     0.127223 
   1962     8589    0.181366     0.222823     0.194299 
   1962     9094    0.256564     0.316817     0.272931 
   1962     9599    0.379824     0.390036     0.382146 
   1962    100104   0.469956     0.498140     0.474465 
   1962    105109   0.346281     0.000000     0.262909 
   1962    110      0.402414     0.148611     0.300572 
   1963        0     0.035641     0.047789     0.041870 
   1963      14     0.001531     0.001757     0.001646 
   1963      59     0.000528     0.000736     0.000634 
   1963     1014    0.000426     0.000537     0.000483 
   1963     1519    0.000459     0.000895     0.000680 
   1963     2024    0.000641     0.001151     0.000901 
   1963     2529    0.000945     0.001430     0.001186 
   1963     3034    0.001183     0.001776     0.001475 
   1963     3539    0.001581     0.002357     0.001962 
   1963     4044    0.002292     0.003414     0.002834 
   1963     4549    0.003363     0.005269     0.004249 
   1963     5054    0.004962     0.008616     0.006674 
   1963     5559    0.007616     0.013669     0.010453 
   1963     6064    0.013273     0.022978     0.017665 
   1963     6569    0.021285     0.035864     0.027617 
   1963     7074    0.041046     0.058865     0.048498 
   1963     7579    0.070905     0.093506     0.079862 
   1963     8084    0.114003     0.144557     0.125097 
   1963     8589    0.182993     0.223298     0.195612 
   1963     9094    0.242975     0.302563     0.258929 
   1963     9599    0.351004     0.401275     0.362397 
   1963    100104   0.508000     0.505795     0.507612 
   1963    105109   0.431647     0.523941     0.453389 
   1963    110      0.208165     0.155704     0.186894 
   1964        0     0.035854     0.045632     0.040864 
   1964      14     0.001232     0.001449     0.001343 
   1964      59     0.000452     0.000614     0.000535 
   1964     1014    0.000357     0.000561     0.000461 
   1964     1519    0.000465     0.000894     0.000683 
   1964     2024    0.000603     0.001194     0.000900 
   1964     2529    0.000874     0.001399     0.001138 
   1964     3034    0.001127     0.001656     0.001388 
   1964     3539    0.001473     0.002250     0.001855 
   1964     4044    0.002213     0.003366     0.002775 
   1964     4549    0.003130     0.005147     0.004069 
   1964     5054    0.004815     0.008126     0.006356 
   1964     5559    0.007239     0.013306     0.010090 
   1964     6064    0.012307     0.022067     0.016725 
   1964     6569    0.020227     0.034108     0.026296 
   1964     7074    0.037141     0.055559     0.044808 
   1964     7579    0.064150     0.088728     0.073906 
   1964     8084    0.109529     0.145052     0.122421 
   1964     8589    0.169553     0.209685     0.182201 
   1964     9094    0.238544     0.288303     0.251738 
   1964     9599    0.341733     0.396504     0.354052 
   1964    100104   0.381633     0.393799     0.383959 
   1964    105109   0.240383     0.285850     0.249530 
   1964    110      0.179592     0.344927     0.236576 
   1965        0     0.033072     0.042926     0.038117 
   1965      14     0.001098     0.001296     0.001199 
   1965      59     0.000400     0.000611     0.000508 
   1965     1014    0.000356     0.000520     0.000439 
   1965     1519    0.000406     0.000875     0.000645 
   1965     2024    0.000584     0.001266     0.000926 
   1965     2529    0.000797     0.001394     0.001097 
   1965     3034    0.001053     0.001646     0.001345 
   1965     3539    0.001485     0.002242     0.001857 
   1965     4044    0.002085     0.003370     0.002714 
   1965     4549    0.003138     0.005089     0.004051 
   1965     5054    0.004569     0.007871     0.006101 
   1965     5559    0.007014     0.012853     0.009755 
   1965     6064    0.011701     0.021305     0.016071 
   1965     6569    0.020652     0.034070     0.026514 
   1965     7074    0.035926     0.054791     0.043769 
   1965     7579    0.064671     0.088650     0.074179 
   1965     8084    0.107475     0.137500     0.118335 
   1965     8589    0.170951     0.208807     0.182988 
   1965     9094    0.239103     0.274741     0.248566 
   1965     9599    0.336402     0.381728     0.346514 
   1965    100104   0.443509     0.413894     0.437636 
   1965    105109   0.205864     0.000000     0.161779 
   1965    110      0.648848     1.137980     0.768535 
   1966        0     0.032950     0.040179     0.036653 
   1966      14     0.001030     0.001147     0.001090 
   1966      59     0.000386     0.000548     0.000469 
   1966     1014    0.000340     0.000488     0.000415 
   1966     1519    0.000411     0.000874     0.000648 
   1966     2024    0.000579     0.001257     0.000918 
   1966     2529    0.000766     0.001326     0.001048 
   1966     3034    0.001035     0.001650     0.001338 
   1966     3539    0.001385     0.002217     0.001795 
   1966     4044    0.002019     0.003287     0.002641 
   1966     4549    0.003039     0.005067     0.003997 
   1966     5054    0.004605     0.008115     0.006234 
   1966     5559    0.006940     0.012991     0.009770 
   1966     6064    0.011329     0.020828     0.015673 
   1966     6569    0.019768     0.034473     0.026183 
   1966     7074    0.035233     0.054294     0.043180 
   1966     7579    0.063515     0.087565     0.073026 
   1966     8084    0.106025     0.135688     0.116725 
   1966     8589    0.171188     0.208273     0.183071 
   1966     9094    0.236612     0.278722     0.247840 
   1966     9599    0.356615     0.427972     0.372281 
   1966    100104   0.377811     0.299879     0.361346 
   1966    105109   0.415618     0.055247     0.320305 
   1966    110      0.086157     0.000000     0.072376 
   1967        0     0.030617     0.039228     0.035032 
   1967      14     0.000891     0.001063     0.000979 
   1967      59     0.000369     0.000527     0.000450 
   1967     1014    0.000317     0.000473     0.000396 
   1967     1519    0.000414     0.000857     0.000640 
   1967     2024    0.000567     0.001247     0.000909 
   1967     2529    0.000749     0.001303     0.001028 
   1967     3034    0.001015     0.001593     0.001299 
   1967     3539    0.001386     0.002251     0.001813 
   1967     4044    0.001982     0.003376     0.002666 
   1967     4549    0.002969     0.005036     0.003958 
   1967     5054    0.004603     0.008039     0.006195 
   1967     5559    0.006897     0.012763     0.009631 
   1967     6064    0.011637     0.021462     0.016127 
   1967     6569    0.019367     0.033780     0.025689 
   1967     7074    0.035037     0.054955     0.043350 
   1967     7579    0.063130     0.088067     0.072979 
   1967     8084    0.105379     0.136370     0.116532 
   1967     8589    0.170839     0.206207     0.182233 
   1967     9094    0.240205     0.277396     0.250187 
   1967     9599    0.348301     0.421398     0.364102 
   1967    100104   0.433248     0.373991     0.420533 
   1967    105109   0.370114     0.392596     0.376517 
   1967    110      0.288254     0.876652     0.370974 
   1968        0     0.028454     0.037078     0.032875 
   1968      14     0.000832     0.001047     0.000942 
   1968      59     0.000371     0.000490     0.000432 
   1968     1014    0.000299     0.000480     0.000391 
   1968     1519    0.000385     0.000830     0.000612 
   1968     2024    0.000543     0.001165     0.000857 
   1968     2529    0.000711     0.001353     0.001033 
   1968     3034    0.000969     0.001574     0.001267 
   1968     3539    0.001334     0.002189     0.001756 
   1968     4044    0.001903     0.003123     0.002503 
   1968     4549    0.002933     0.004860     0.003864 
   1968     5054    0.004547     0.008001     0.006146 
   1968     5559    0.006746     0.012483     0.009405 
   1968     6064    0.011038     0.020741     0.015481 
   1968     6569    0.019416     0.034037     0.025846 
   1968     7074    0.035103     0.054556     0.043242 
   1968     7579    0.063046     0.088890     0.073225 
   1968     8084    0.106364     0.137470     0.117533 
   1968     8589    0.171889     0.213109     0.185219 
   1968     9094    0.249279     0.288959     0.260032 
   1968     9599    0.336829     0.409227     0.352385 
   1968    100104   0.493956     0.371844     0.467807 
   1968    105109   0.442037     0.539404     0.467611 
   1968    110      0.193819     0.503289     0.229649 
   1969        0     0.027310     0.034567     0.031033 
   1969      14     0.000881     0.001035     0.000960 
   1969      59     0.000350     0.000527     0.000441 
   1969     1014    0.000332     0.000451     0.000392 
   1969     1519    0.000414     0.000875     0.000648 
   1969     2024    0.000577     0.001247     0.000916 
   1969     2529    0.000741     0.001419     0.001078 
   1969     3034    0.001000     0.001606     0.001299 
   1969     3539    0.001376     0.002320     0.001842 
   1969     4044    0.002009     0.003407     0.002696 
   1969     4549    0.003132     0.005262     0.004171 
   1969     5054    0.004843     0.008366     0.006477 
   1969     5559    0.007086     0.013258     0.009930 
   1969     6064    0.011699     0.022303     0.016568 
   1969     6569    0.020980     0.036858     0.027944 
   1969     7074    0.038418     0.060892     0.047876 
   1969     7579    0.067253     0.093670     0.077617 
   1969     8084    0.108895     0.140469     0.120209 
   1969     8589    0.177004     0.216946     0.189936 
   1969     9094    0.256704     0.297213     0.267769 
   1969     9599    0.366065     0.435834     0.381012 
   1969    100104   0.397285     0.328780     0.382959 
   1969    105109   0.365317     0.048023     0.274941 
   1969    110      0.915897     0.383302     0.827150 
   1970        0     0.025089     0.032206     0.028746 
   1970      14     0.000841     0.001031     0.000938 
   1970      59     0.000365     0.000545     0.000457 
   1970     1014    0.000306     0.000441     0.000375 
   1970     1519    0.000391     0.000882     0.000639 
   1970     2024    0.000526     0.001235     0.000887 
   1970     2529    0.000720     0.001393     0.001054 
   1970     3034    0.000892     0.001646     0.001264 
   1970     3539    0.001333     0.002232     0.001777 
   1970     4044    0.001821     0.003209     0.002504 
   1970     4549    0.002736     0.005094     0.003892 
   1970     5054    0.004358     0.007922     0.006019 
   1970     5559    0.006543     0.012289     0.009187 
   1970     6064    0.010633     0.020047     0.014952 
   1970     6569    0.018533     0.032801     0.024810 
   1970     7074    0.034154     0.053350     0.042205 
   1970     7579    0.061605     0.084786     0.070709 
   1970     8084    0.103870     0.133410     0.114422 
   1970     8589    0.170941     0.200315     0.180465 
   1970     9094    0.258363     0.298472     0.269405 
   1970     9599    0.353555     0.381359     0.359617 
   1970    100104   0.430662     0.395605     0.423808 
   1970    105109   0.289912     0.213072     0.265026 
   1970    110      0.573219     0.326685     0.508989 
   1971        0     0.023132     0.029387     0.026347 
   1971      14     0.000901     0.001100     0.001003 
   1971      59     0.000360     0.000506     0.000435 
   1971     1014    0.000298     0.000452     0.000377 
   1971     1519    0.000389     0.000855     0.000624 
   1971     2024    0.000542     0.001200     0.000878 
   1971     2529    0.000625     0.001384     0.001002 
   1971     3034    0.000865     0.001582     0.001219 
   1971     3539    0.001236     0.002118     0.001671 
   1971     4044    0.001911     0.003345     0.002618 
   1971     4549    0.002967     0.005234     0.004079 
   1971     5054    0.004672     0.008262     0.006362 
   1971     5559    0.006754     0.013244     0.009738 
   1971     6064    0.011276     0.021668     0.016029 
   1971     6569    0.018863     0.034352     0.025709 
   1971     7074    0.036946     0.060128     0.046626 
   1971     7579    0.065619     0.095332     0.077305 
   1971     8084    0.110051     0.144850     0.122430 
   1971     8589    0.177366     0.220961     0.191463 
   1971     9094    0.264308     0.321232     0.279967 
   1971     9599    0.377380     0.467978     0.397393 
   1971    100104   0.491717     0.423716     0.479344 
   1971    105109   0.405932     0.054376     0.277723 
   1971    110      0.002036     0.002602     0.002195 
   1972        0     0.020640     0.025684     0.023232 
   1972      14     0.000847     0.000985     0.000918 
   1972      59     0.000363     0.000489     0.000427 
   1972     1014    0.000287     0.000420     0.000355 
   1972     1519    0.000364     0.000844     0.000606 
   1972     2024    0.000540     0.001118     0.000834 
   1972     2529    0.000679     0.001306     0.000992 
   1972     3034    0.000862     0.001540     0.001198 
   1972     3539    0.001174     0.002039     0.001599 
   1972     4044    0.001757     0.003129     0.002434 
   1972     4549    0.002668     0.004780     0.003704 
   1972     5054    0.004251     0.007576     0.005834 
   1972     5559    0.006276     0.012116     0.008955 
   1972     6064    0.010099     0.019477     0.014377 
   1972     6569    0.017164     0.031654     0.023562 
   1972     7074    0.032464     0.051772     0.040553 
   1972     7579    0.057888     0.083289     0.067847 
   1972     8084    0.101944     0.132196     0.112660 
   1972     8589    0.166914     0.204521     0.179010 
   1972     9094    0.251616     0.289139     0.261939 
   1972     9599    0.347724     0.382768     0.355595 
   1972    100104   0.395514     0.410293     0.398117 
   1972    105109   0.146122     0.167208     0.154123 
   1972    110      0.245247     0.194679     0.230327 
   1973        0     0.018758     0.024751     0.021837 
   1973      14     0.000843     0.000970     0.000908 
   1973      59     0.000335     0.000500     0.000419 
   1973     1014    0.000273     0.000433     0.000355 
   1973     1519    0.000410     0.000895     0.000655 
   1973     2024    0.000516     0.001217     0.000871 
   1973     2529    0.000622     0.001253     0.000938 
   1973     3034    0.000877     0.001540     0.001206 
   1973     3539    0.001159     0.002058     0.001602 
   1973     4044    0.001722     0.003072     0.002389 
   1973     4549    0.002597     0.004935     0.003744 
   1973     5054    0.004226     0.007964     0.006023 
   1973     5559    0.006415     0.012425     0.009167 
   1973     6064    0.010371     0.020271     0.014867 
   1973     6569    0.017709     0.032323     0.024174 
   1973     7074    0.033619     0.054281     0.042287 
   1973     7579    0.061164     0.087762     0.071594 
   1973     8084    0.108225     0.141275     0.119889 
   1973     8589    0.174371     0.211969     0.186431 
   1973     9094    0.263862     0.296918     0.273077 
   1973     9599    0.385343     0.394092     0.387367 
   1973    100104   0.414357     0.322971     0.397998 
   1973    105109   0.278825     0.046948     0.192210 
   1973    110      0.063306     0.000000     0.042131 
   1974        0     0.017746     0.022846     0.020364 
   1974      14     0.000704     0.000915     0.000812 
   1974      59     0.000344     0.000481     0.000414 
   1974     1014    0.000266     0.000421     0.000345 
   1974     1519    0.000368     0.000866     0.000621 
   1974     2024    0.000457     0.001161     0.000812 
   1974     2529    0.000590     0.001218     0.000907 
   1974     3034    0.000778     0.001517     0.001146 
   1974     3539    0.001136     0.002101     0.001611 
   1974     4044    0.001665     0.003103     0.002376 
   1974     4549    0.002619     0.004727     0.003654 
   1974     5054    0.004030     0.007922     0.005918 
   1974     5559    0.006225     0.012268     0.008995 
   1974     6064    0.010298     0.019684     0.014541 
   1974     6569    0.016893     0.032574     0.023848 
   1974     7074    0.032854     0.053681     0.041563 
   1974     7579    0.060258     0.086144     0.070432 
   1974     8084    0.105476     0.137390     0.116693 
   1974     8589    0.171361     0.206131     0.182506 
   1974     9094    0.257189     0.297703     0.268579 
   1974     9599    0.372711     0.362007     0.370189 
   1974    100104   0.433917     0.398791     0.427249 
   1974    105109   0.225274     0.023387     0.149082 
   1974    110      0.134465     0.074313     0.111881 
   1975        0     0.016630     0.020913     0.018836 
   1975      14     0.000684     0.000873     0.000781 
   1975      59     0.000325     0.000436     0.000381 
   1975     1014    0.000285     0.000398     0.000343 
   1975     1519    0.000343     0.000829     0.000590 
   1975     2024    0.000420     0.001153     0.000788 
   1975     2529    0.000523     0.001141     0.000836 
   1975     3034    0.000741     0.001382     0.001062 
   1975     3539    0.001136     0.002086     0.001605 
   1975     4044    0.001639     0.003076     0.002351 
   1975     4549    0.002580     0.004799     0.003672 
   1975     5054    0.003885     0.007771     0.005780 
   1975     5559    0.006227     0.012531     0.009130 
   1975     6064    0.009769     0.019894     0.014339 
   1975     6569    0.016696     0.031848     0.023414 
   1975     7074    0.030849     0.052022     0.039722 
   1975     7579    0.059146     0.084826     0.069180 
   1975     8084    0.100512     0.135126     0.112660 
   1975     8589    0.166257     0.206026     0.178938 
   1975     9094    0.251699     0.286065     0.261380 
   1975     9599    0.335919     0.401640     0.351412 
   1975    100104   0.488136     0.506516     0.491741 
   1975    105109   0.288752     0.244178     0.274219 
   1975    110      0.666928     0.808422     0.721656 
   1976        0     0.015061     0.019617     0.017410 
   1976      14     0.000641     0.000765     0.000705 
   1976      59     0.000287     0.000439     0.000365 
   1976     1014    0.000256     0.000373     0.000316 
   1976     1519    0.000335     0.000862     0.000603 
   1976     2024    0.000387     0.001105     0.000748 
   1976     2529    0.000512     0.001147     0.000834 
   1976     3034    0.000700     0.001357     0.001029 
   1976     3539    0.001059     0.001924     0.001488 
   1976     4044    0.001519     0.002940     0.002221 
   1976     4549    0.002534     0.004830     0.003666 
   1976     5054    0.003885     0.007828     0.005810 
   1976     5559    0.006147     0.012299     0.009008 
   1976     6064    0.009483     0.019349     0.013929 
   1976     6569    0.016349     0.031638     0.023111 
   1976     7074    0.029927     0.051422     0.038967 
   1976     7579    0.056951     0.083305     0.067200 
   1976     8084    0.097925     0.132516     0.110080 
   1976     8589    0.167292     0.200395     0.177776 
   1976     9094    0.252775     0.282275     0.261106 
   1976     9599    0.342091     0.358070     0.345871 
   1976    100104   0.407923     0.463379     0.419281 
   1976    105109   0.441846     0.430468     0.438753 
   1976    110      0.889090     1.254146     1.018916 
   1977        0     0.013928     0.017885     0.015967 
   1977      14     0.000681     0.000813     0.000749 
   1977      59     0.000281     0.000447     0.000366 
   1977     1014    0.000235     0.000386     0.000312 
   1977     1519    0.000347     0.000841     0.000597 
   1977     2024    0.000417     0.001153     0.000788 
   1977     2529    0.000490     0.001137     0.000817 
   1977     3034    0.000688     0.001345     0.001018 
   1977     3539    0.000975     0.001817     0.001395 
   1977     4044    0.001472     0.002886     0.002170 
   1977     4549    0.002264     0.004650     0.003441 
   1977     5054    0.003588     0.007505     0.005501 
   1977     5559    0.005756     0.012022     0.008705 
   1977     6064    0.009283     0.018773     0.013547 
   1977     6569    0.015574     0.030346     0.022094 
   1977     7074    0.028442     0.048394     0.036828 
   1977     7579    0.053648     0.080168     0.064002 
   1977     8084    0.096214     0.128505     0.107582 
   1977     8589    0.160021     0.195707     0.171276 
   1977     9094    0.241998     0.284024     0.253834 
   1977     9599    0.336395     0.355344     0.340965 
   1977    100104   0.425299     0.581621     0.457582 
   1977    105109   0.429471     0.434861     0.430625 
   1977    110      1.230222     1.259838     1.239492 
   1978        0     0.013434     0.016867     0.015207 
   1978      14     0.000706     0.000817     0.000763 
   1978      59     0.000304     0.000418     0.000363 
   1978     1014    0.000282     0.000395     0.000340 
   1978     1519    0.000367     0.000915     0.000645 
   1978     2024    0.000421     0.001231     0.000830 
   1978     2529    0.000506     0.001185     0.000848 
   1978     3034    0.000699     0.001411     0.001057 
   1978     3539    0.000948     0.001818     0.001383 
   1978     4044    0.001413     0.003042     0.002216 
   1978     4549    0.002288     0.004592     0.003426 
   1978     5054    0.003586     0.007433     0.005466 
   1978     5559    0.005490     0.011725     0.008455 
   1978     6064    0.008802     0.018781     0.013276 
   1978     6569    0.015196     0.029811     0.021617 
   1978     7074    0.027755     0.048308     0.036411 
   1978     7579    0.052172     0.077766     0.062188 
   1978     8084    0.094346     0.125776     0.105431 
   1978     8589    0.156399     0.191555     0.167436 
   1978     9094    0.240871     0.284917     0.253246 
   1978     9599    0.324733     0.352945     0.331622 
   1978    100104   0.532505     0.661203     0.557417 
   1978    105109   0.418608     0.312092     0.397504 
   1978    110      0.248219     0.046089     0.175088 
   1979        0     0.012330     0.015611     0.014024 
   1979      14     0.000612     0.000816     0.000717 
   1979      59     0.000280     0.000418     0.000351 
   1979     1014    0.000249     0.000404     0.000328 
   1979     1519    0.000352     0.000881     0.000621 
   1979     2024    0.000422     0.001168     0.000799 
   1979     2529    0.000491     0.001184     0.000840 
   1979     3034    0.000659     0.001353     0.001007 
   1979     3539    0.000932     0.001849     0.001391 
   1979     4044    0.001420     0.002936     0.002168 
   1979     4549    0.002166     0.004498     0.003318 
   1979     5054    0.003439     0.007371     0.005360 
   1979     5559    0.005290     0.011444     0.008244 
   1979     6064    0.008588     0.018177     0.012888 
   1979     6569    0.014259     0.028615     0.020542 
   1979     7074    0.025751     0.046190     0.034374 
   1979     7579    0.049406     0.075679     0.059694 
   1979     8084    0.089786     0.121753     0.101098 
   1979     8589    0.149141     0.180182     0.158865 
   1979     9094    0.229844     0.269426     0.240949 
   1979     9599    0.320605     0.331409     0.323293 
   1979    100104   0.426107     0.515136     0.443016 
   1979    105109   0.504281     0.890088     0.567170 
   1979    110      1.033369     2.186788     1.403509 
   1980        0     0.010265     0.013539     0.011953 
   1980      14     0.000579     0.000716     0.000649 
   1980      59     0.000290     0.000419     0.000357 
   1980     1014    0.000239     0.000365     0.000304 
   1980     1519    0.000327     0.000780     0.000558 
   1980     2024    0.000382     0.001124     0.000757 
   1980     2529    0.000456     0.001166     0.000813 
   1980     3034    0.000632     0.001338     0.000986 
   1980     3539    0.000885     0.001714     0.001300 
   1980     4044    0.001372     0.002835     0.002095 
   1980     4549    0.002059     0.004277     0.003155 
   1980     5054    0.003314     0.007073     0.005153 
   1980     5559    0.004935     0.011228     0.007971 
   1980     6064    0.008204     0.017410     0.012352 
   1980     6569    0.013741     0.026985     0.019531 
   1980     7074    0.025117     0.045369     0.033661 
   1980     7579    0.046860     0.072987     0.057115 
   1980     8084    0.087315     0.118501     0.098322 
   1980     8589    0.146236     0.184296     0.158157 
   1980     9094    0.228634     0.266801     0.239310 
   1980     9599    0.326871     0.332330     0.328247 
   1980    100104   0.429695     0.508520     0.444810 
   1980    105109   0.383171     0.462039     0.392798 
   1980    110      0.353141     0.422222     0.358044 
   1981        0     0.010233     0.013355     0.011849 
   1981      14     0.000536     0.000707     0.000624 
   1981      59     0.000241     0.000348     0.000296 
   1981     1014    0.000231     0.000356     0.000295 
   1981     1519    0.000317     0.000774     0.000551 
   1981     2024    0.000383     0.001100     0.000744 
   1981     2529    0.000440     0.001104     0.000775 
   1981     3034    0.000587     0.001253     0.000921 
   1981     3539    0.000827     0.001710     0.001269 
   1981     4044    0.001284     0.002807     0.002040 
   1981     4549    0.002077     0.004339     0.003193 
   1981     5054    0.003169     0.007035     0.005063 
   1981     5559    0.004745     0.010926     0.007730 
   1981     6064    0.008288     0.017220     0.012358 
   1981     6569    0.013154     0.027253     0.019307 
   1981     7074    0.024293     0.044610     0.032852 
   1981     7579    0.045447     0.072683     0.056153 
   1981     8084    0.086369     0.116277     0.096914 
   1981     8589    0.149950     0.183211     0.160410 
   1981     9094    0.227245     0.269794     0.239030 
   1981     9599    0.311609     0.344203     0.319751 
   1981    100104   0.439555     0.565451     0.464706 
   1981    105109   0.397126     0.555044     0.416270 
   1981    110      0.361624     0.511475     0.372082 
   1982        0     0.009931     0.012150     0.011084 
   1982      14     0.000441     0.000598     0.000522 
   1982      59     0.000218     0.000341     0.000281 
   1982     1014    0.000205     0.000312     0.000260 
   1982     1519    0.000326     0.000690     0.000512 
   1982     2024    0.000369     0.001031     0.000703 
   1982     2529    0.000416     0.001070     0.000745 
   1982     3034    0.000569     0.001186     0.000878 
   1982     3539    0.000840     0.001641     0.001241 
   1982     4044    0.001199     0.002647     0.001921 
   1982     4549    0.001937     0.004209     0.003055 
   1982     5054    0.003006     0.006829     0.004881 
   1982     5559    0.004607     0.010635     0.007520 
   1982     6064    0.007555     0.016593     0.011727 
   1982     6569    0.012696     0.026070     0.018516 
   1982     7074    0.023151     0.042546     0.031312 
   1982     7579    0.043941     0.068730     0.053689 
   1982     8084    0.080717     0.110511     0.091276 
   1982     8589    0.136486     0.174119     0.148357 
   1982     9094    0.215165     0.246954     0.223935 
   1982     9599    0.295498     0.344541     0.307688 
   1982    100104   0.446222     0.636488     0.484825 
   1982    105109   0.401710     0.480182     0.411145 
   1982    110      0.366252     0.453172     0.372102 
   1983        0     0.009594     0.011578     0.010624 
   1983      14     0.000508     0.000630     0.000571 
   1983      59     0.000210     0.000335     0.000274 
   1983     1014    0.000193     0.000333     0.000265 
   1983     1519    0.000348     0.000758     0.000557 
   1983     2024    0.000366     0.001134     0.000754 
   1983     2529    0.000437     0.001160     0.000801 
   1983     3034    0.000574     0.001261     0.000920 
   1983     3539    0.000839     0.001703     0.001271 
   1983     4044    0.001201     0.002582     0.001890 
   1983     4549    0.001970     0.004281     0.003107 
   1983     5054    0.003018     0.006665     0.004808 
   1983     5559    0.004667     0.010655     0.007562 
   1983     6064    0.007428     0.016913     0.011854 
   1983     6569    0.012943     0.026439     0.018807 
   1983     7074    0.023633     0.043019     0.031761 
   1983     7579    0.045014     0.071224     0.055340 
   1983     8084    0.083447     0.114703     0.094547 
   1983     8589    0.146226     0.183129     0.157872 
   1983     9094    0.230237     0.268343     0.240735 
   1983     9599    0.333461     0.357125     0.339291 
   1983    100104   0.411601     0.554066     0.440612 
   1983    105109   0.346083     0.465323     0.360611 
   1983    110      0.315131     0.445623     0.323836 
   1984        0     0.008677     0.010840     0.009798 
   1984      14     0.000470     0.000562     0.000518 
   1984      59     0.000197     0.000300     0.000250 
   1984     1014    0.000198     0.000313     0.000257 
   1984     1519    0.000326     0.000796     0.000566 
   1984     2024    0.000373     0.001157     0.000770 
   1984     2529    0.000397     0.001111     0.000757 
   1984     3034    0.000545     0.001252     0.000901 
   1984     3539    0.000812     0.001768     0.001290 
   1984     4044    0.001161     0.002724     0.001942 
   1984     4549    0.001885     0.004328     0.003087 
   1984     5054    0.002866     0.006588     0.004694 
   1984     5559    0.004531     0.010686     0.007507 
   1984     6064    0.007531     0.016754     0.011874 
   1984     6569    0.012232     0.026000     0.018221 
   1984     7074    0.022038     0.042234     0.030478 
   1984     7579    0.042421     0.068815     0.052845 
   1984     8084    0.079240     0.110057     0.090171 
   1984     8589    0.138057     0.171984     0.148808 
   1984     9094    0.220716     0.265496     0.233033 
   1984     9599    0.299519     0.339638     0.309396 
   1984    100104   0.377478     0.544994     0.411172 
   1984    105109   0.344644     0.483467     0.361376 
   1984    110      0.315994     0.466819     0.325939 
   1985        0     0.007732     0.009822     0.008815 
   1985      14     0.000427     0.000552     0.000492 
   1985      59     0.000211     0.000309     0.000261 
   1985     1014    0.000203     0.000313     0.000259 
   1985     1519    0.000301     0.000757     0.000534 
   1985     2024    0.000379     0.001204     0.000798 
   1985     2529    0.000396     0.001208     0.000805 
   1985     3034    0.000552     0.001251     0.000903 
   1985     3539    0.000766     0.001772     0.001269 
   1985     4044    0.001187     0.002628     0.001907 
   1985     4549    0.001850     0.004387     0.003099 
   1985     5054    0.002828     0.006834     0.004795 
   1985     5559    0.004421     0.010600     0.007411 
   1985     6064    0.007177     0.016763     0.011713 
   1985     6569    0.012428     0.026077     0.018398 
   1985     7074    0.022422     0.042681     0.030878 
   1985     7579    0.042880     0.070214     0.053674 
   1985     8084    0.080359     0.113424     0.092105 
   1985     8589    0.144617     0.180372     0.155920 
   1985     9094    0.231874     0.275168     0.243707 
   1985     9599    0.317130     0.348547     0.324802 
   1985    100104   0.411018     0.635444     0.454575 
   1985    105109   0.363930     0.607301     0.391545 
   1985    110      0.334868     0.584746     0.350308 
   1986        0     0.007971     0.010139     0.009092 
   1986      14     0.000395     0.000544     0.000472 
   1986      59     0.000224     0.000286     0.000256 
   1986     1014    0.000195     0.000280     0.000238 
   1986     1519    0.000337     0.000825     0.000587 
   1986     2024    0.000401     0.001237     0.000826 
   1986     2529    0.000447     0.001254     0.000853 
   1986     3034    0.000553     0.001302     0.000929 
   1986     3539    0.000810     0.001797     0.001304 
   1986     4044    0.001182     0.002531     0.001855 
   1986     4549    0.001920     0.004197     0.003044 
   1986     5054    0.002772     0.006642     0.004668 
   1986     5559    0.004364     0.010345     0.007261 
   1986     6064    0.006882     0.016546     0.011460 
   1986     6569    0.011856     0.025399     0.017848 
   1986     7074    0.021686     0.040936     0.029709 
   1986     7579    0.041780     0.066760     0.051633 
   1986     8084    0.077428     0.107491     0.088142 
   1986     8589    0.136947     0.170688     0.147607 
   1986     9094    0.224935     0.260215     0.234623 
   1986     9599    0.311861     0.352737     0.321677 
   1986    100104   0.372476     0.427378     0.382785 
   1986    105109   0.350677     0.385396     0.354532 
   1986    110      0.320438     0.359768     0.322765 
   1987        0     0.007512     0.010062     0.008831 
   1987      14     0.000389     0.000453     0.000422 
   1987      59     0.000183     0.000271     0.000228 
   1987     1014    0.000168     0.000278     0.000225 
   1987     1519    0.000378     0.000925     0.000658 
   1987     2024    0.000461     0.001393     0.000935 
   1987     2529    0.000462     0.001386     0.000928 
   1987     3034    0.000569     0.001465     0.001019 
   1987     3539    0.000800     0.001845     0.001323 
   1987     4044    0.001232     0.002640     0.001934 
   1987     4549    0.001865     0.004113     0.002979 
   1987     5054    0.002859     0.006572     0.004675 
   1987     5559    0.004306     0.010007     0.007070 
   1987     6064    0.006837     0.016064     0.011211 
   1987     6569    0.011500     0.024766     0.017445 
   1987     7074    0.020910     0.040252     0.028954 
   1987     7579    0.039483     0.064426     0.049313 
   1987     8084    0.073435     0.106144     0.085124 
   1987     8589    0.129898     0.161485     0.139953 
   1987     9094    0.214784     0.245149     0.223170 
   1987     9599    0.305458     0.340378     0.313868 
   1987    100104   0.384766     0.499775     0.407105 
   1987    105109   0.344886     0.483305     0.360772 
   1987    110      0.316390     0.461538     0.325194 
   1988        0     0.007380     0.008695     0.008060 
   1988      14     0.000408     0.000471     0.000440 
   1988      59     0.000178     0.000269     0.000225 
   1988     1014    0.000171     0.000272     0.000223 
   1988     1519    0.000340     0.000900     0.000627 
   1988     2024    0.000446     0.001489     0.000977 
   1988     2529    0.000537     0.001537     0.001042 
   1988     3034    0.000583     0.001565     0.001076 
   1988     3539    0.000805     0.001925     0.001366 
   1988     4044    0.001214     0.002661     0.001935 
   1988     4549    0.001829     0.004180     0.002997 
   1988     5054    0.002831     0.006672     0.004707 
   1988     5559    0.004262     0.010197     0.007141 
   1988     6064    0.006732     0.015871     0.011069 
   1988     6569    0.011324     0.024761     0.017411 
   1988     7074    0.020285     0.039941     0.028450 
   1988     7579    0.038957     0.064112     0.048836 
   1988     8084    0.074135     0.105177     0.085275 
   1988     8589    0.131109     0.165507     0.142101 
   1988     9094    0.219665     0.254678     0.229408 
   1988     9599    0.318708     0.361477     0.328894 
   1988    100104   0.375539     0.468602     0.393937 
   1988    105109   0.356165     0.442788     0.366200 
   1988    110      0.327353     0.419401     0.332957 
   1989        0     0.006951     0.008565     0.007784 
   1989      14     0.000384     0.000523     0.000456 
   1989      59     0.000191     0.000253     0.000223 
   1989     1014    0.000190     0.000273     0.000233 
   1989     1519    0.000366     0.000949     0.000665 
   1989     2024    0.000439     0.001613     0.001037 
   1989     2529    0.000549     0.001801     0.001182 
   1989     3034    0.000592     0.001752     0.001174 
   1989     3539    0.000763     0.001988     0.001377 
   1989     4044    0.001212     0.002733     0.001970 
   1989     4549    0.001775     0.004184     0.002972 
   1989     5054    0.002733     0.006550     0.004597 
   1989     5559    0.004081     0.010189     0.007044 
   1989     6064    0.006510     0.015592     0.010822 
   1989     6569    0.010841     0.024774     0.017207 
   1989     7074    0.020142     0.038919     0.027951 
   1989     7579    0.038016     0.063922     0.048157 
   1989     8084    0.072601     0.104893     0.084246 
   1989     8589    0.130799     0.165676     0.141903 
   1989     9094    0.219567     0.246376     0.227118 
   1989     9599    0.318181     0.346551     0.324871 
   1989    100104   0.396657     0.465418     0.410725 
   1989    105109   0.378394     0.466114     0.388903 
   1989    110      0.350195     0.453532     0.356666 
   1990        0     0.006916     0.008370     0.007665 
   1990      14     0.000403     0.000499     0.000452 
   1990      59     0.000189     0.000276     0.000234 
   1990     1014    0.000200     0.000294     0.000248 
   1990     1519    0.000354     0.000939     0.000653 
   1990     2024    0.000447     0.001600     0.001035 
   1990     2529    0.000553     0.001865     0.001216 
   1990     3034    0.000630     0.001912     0.001274 
   1990     3539    0.000820     0.002008     0.001415 
   1990     4044    0.001126     0.002772     0.001946 
   1990     4549    0.001669     0.004038     0.002847 
   1990     5054    0.002747     0.006606     0.004633 
   1990     5559    0.004052     0.009947     0.006912 
   1990     6064    0.006397     0.015337     0.010646 
   1990     6569    0.010694     0.024502     0.017035 
   1990     7074    0.019641     0.039726     0.028043 
   1990     7579    0.037596     0.063863     0.047859 
   1990     8084    0.072598     0.103715     0.083828 
   1990     8589    0.130577     0.167892     0.142448 
   1990     9094    0.221394     0.264167     0.233384 
   1990     9599    0.327857     0.364221     0.336468 
   1990    100104   0.425959     0.577741     0.456751 
   1990    105109   0.396280     0.575496     0.417662 
   1990    110      0.369217     0.553633     0.380613 
   1991        0     0.006457     0.007975     0.007240 
   1991      14     0.000363     0.000443     0.000404 
   1991      59     0.000169     0.000245     0.000208 
   1991     1014    0.000184     0.000281     0.000234 
   1991     1519    0.000332     0.000890     0.000617 
   1991     2024    0.000450     0.001610     0.001042 
   1991     2529    0.000562     0.002015     0.001298 
   1991     3034    0.000637     0.002108     0.001376 
   1991     3539    0.000813     0.002137     0.001476 
   1991     4044    0.001203     0.002717     0.001958 
   1991     4549    0.001748     0.004118     0.002925 
   1991     5054    0.002744     0.006393     0.004532 
   1991     5559    0.003853     0.010010     0.006836 
   1991     6064    0.006269     0.015388     0.010607 
   1991     6569    0.010305     0.024372     0.016778 
   1991     7074    0.019116     0.038462     0.027305 
   1991     7579    0.037015     0.062488     0.046952 
   1991     8084    0.071928     0.103959     0.083481 
   1991     8589    0.128788     0.164069     0.140049 
   1991     9094    0.218133     0.253823     0.228104 
   1991     9599    0.321673     0.384340     0.336614 
   1991    100104   0.415163     0.546761     0.440331 
   1991    105109   0.380551     0.598982     0.405006 
   1991    110      0.357630     0.583333     0.370552 
   1992        0     0.006315     0.007817     0.007090 
   1992      14     0.000348     0.000451     0.000401 
   1992      59     0.000180     0.000218     0.000200 
   1992     1014    0.000178     0.000234     0.000207 
   1992     1519    0.000293     0.000775     0.000539 
   1992     2024    0.000426     0.001419     0.000933 
   1992     2529    0.000577     0.001943     0.001269 
   1992     3034    0.000637     0.002256     0.001451 
   1992     3539    0.000766     0.002171     0.001469 
   1992     4044    0.001112     0.002751     0.001931 
   1992     4549    0.001669     0.004007     0.002830 
   1992     5054    0.002528     0.006231     0.004350 
   1992     5559    0.003847     0.009766     0.006710 
   1992     6064    0.005909     0.015227     0.010347 
   1992     6569    0.009816     0.023301     0.016030 
   1992     7074    0.017925     0.036955     0.026087 
   1992     7579    0.034888     0.061475     0.045239 
   1992     8084    0.067861     0.097779     0.078652 
   1992     8589    0.122205     0.156456     0.133152 
   1992     9094    0.205948     0.237222     0.214758 
   1992     9599    0.317016     0.353167     0.325649 
   1992    100104   0.382520     0.528961     0.409612 
   1992    105109   0.360369     0.560914     0.381204 
   1992    110      0.344342     0.532258     0.354323 
   1993        0     0.005874     0.007311     0.006616 
   1993      14     0.000380     0.000408     0.000395 
   1993      59     0.000168     0.000220     0.000195 
   1993     1014    0.000137     0.000256     0.000198 
   1993     1519    0.000284     0.000695     0.000494 
   1993     2024    0.000368     0.001198     0.000792 
   1993     2529    0.000570     0.001769     0.001178 
   1993     3034    0.000669     0.002254     0.001466 
   1993     3539    0.000780     0.002168     0.001475 
   1993     4044    0.001154     0.002716     0.001935 
   1993     4549    0.001614     0.004128     0.002862 
   1993     5054    0.002492     0.006066     0.004255 
   1993     5559    0.003745     0.009500     0.006528 
   1993     6064    0.005927     0.014776     0.010146 
   1993     6569    0.009883     0.023534     0.016185 
   1993     7074    0.017930     0.037098     0.026244 
   1993     7579    0.034685     0.060717     0.044808 
   1993     8084    0.067182     0.098879     0.078580 
   1993     8589    0.124277     0.158768     0.135365 
   1993     9094    0.208436     0.242844     0.218134 
   1993     9599    0.312182     0.350923     0.321514 
   1993    100104   0.360694     0.517259     0.389248 
   1993    105109   0.345985     0.489601     0.360304 
   1993    110      0.337194     0.463547     0.343703 
   1994        0     0.005258     0.006578     0.005940 
   1994      14     0.000316     0.000414     0.000366 
   1994      59     0.000179     0.000221     0.000201 
   1994     1014    0.000153     0.000220     0.000187 
   1994     1519    0.000229     0.000609     0.000423 
   1994     2024    0.000322     0.001100     0.000720 
   1994     2529    0.000555     0.001734     0.001154 
   1994     3034    0.000733     0.002351     0.001547 
   1994     3539    0.000800     0.002291     0.001546 
   1994     4044    0.001120     0.002704     0.001912 
   1994     4549    0.001704     0.004103     0.002895 
   1994     5054    0.002418     0.005895     0.004136 
   1994     5559    0.003720     0.009348     0.006442 
   1994     6064    0.005651     0.014276     0.009767 
   1994     6569    0.009506     0.022688     0.015598 
   1994     7074    0.017069     0.036167     0.025431 
   1994     7579    0.033421     0.058586     0.043227 
   1994     8084    0.065284     0.095947     0.076268 
   1994     8589    0.119223     0.154181     0.130533 
   1994     9094    0.202546     0.239601     0.212948 
   1994     9599    0.308001     0.371169     0.323255 
   1994    100104   0.373602     0.497954     0.395988 
   1994    105109   0.350896     0.511703     0.366617 
   1994    110      0.349631     0.502016     0.357366 
   1995        0     0.005054     0.005830     0.005454 
   1995      14     0.000325     0.000360     0.000343 
   1995      59     0.000148     0.000198     0.000174 
   1995     1014    0.000162     0.000217     0.000190 
   1995     1519    0.000241     0.000629     0.000440 
   1995     2024    0.000335     0.001036     0.000693 
   1995     2529    0.000514     0.001674     0.001104 
   1995     3034    0.000734     0.002459     0.001603 
   1995     3539    0.000904     0.002409     0.001657 
   1995     4044    0.001156     0.002717     0.001936 
   1995     4549    0.001592     0.004057     0.002816 
   1995     5054    0.002363     0.005831     0.004077 
   1995     5559    0.003583     0.009459     0.006428 
   1995     6064    0.005538     0.014359     0.009752 
   1995     6569    0.009357     0.022422     0.015404 
   1995     7074    0.016752     0.035993     0.025228 
   1995     7579    0.033031     0.058745     0.043118 
   1995     8084    0.063816     0.097297     0.075784 
   1995     8589    0.119492     0.155590     0.131177 
   1995     9094    0.204188     0.241275     0.214581 
   1995     9599    0.319323     0.342127     0.324868 
   1995    100104   0.379090     0.453666     0.392826 
   1995    105109   0.342921     0.448530     0.353221 
   1995    110      0.347395     0.433669     0.351790 
   1996        0     0.004711     0.006327     0.005543 
   1996      14     0.000319     0.000404     0.000362 
   1996      59     0.000150     0.000199     0.000175 
   1996     1014    0.000154     0.000233     0.000195 
   1996     1519    0.000252     0.000611     0.000436 
   1996     2024    0.000316     0.000982     0.000657 
   1996     2529    0.000526     0.001481     0.001012 
   1996     3034    0.000772     0.002337     0.001561 
   1996     3539    0.000837     0.002445     0.001642 
   1996     4044    0.001196     0.002762     0.001979 
   1996     4549    0.001527     0.003897     0.002705 
   1996     5054    0.002288     0.005927     0.004085 
   1996     5559    0.003528     0.009258     0.006312 
   1996     6064    0.005418     0.013944     0.009489 
   1996     6569    0.009068     0.022114     0.015117 
   1996     7074    0.016360     0.035735     0.024919 
   1996     7579    0.032317     0.058255     0.042623 
   1996     8084    0.063846     0.096110     0.075356 
   1996     8589    0.118529     0.155021     0.130321 
   1996     9094    0.204625     0.242617     0.215285 
   1996     9599    0.314464     0.355565     0.324563 
   1996    100104   0.407649     0.446627     0.415092 
   1996    105109   0.368300     0.500131     0.381458 
   1996    110      0.377324     0.478405     0.382546 
   1997        0     0.004554     0.005587     0.005085 
   1997      14     0.000301     0.000342     0.000322 
   1997      59     0.000150     0.000165     0.000158 
   1997     1014    0.000152     0.000205     0.000179 
   1997     1519    0.000268     0.000635     0.000456 
   1997     2024    0.000265     0.000855     0.000567 
   1997     2529    0.000388     0.001219     0.000812 
   1997     3034    0.000607     0.001778     0.001198 
   1997     3539    0.000767     0.002063     0.001416 
   1997     4044    0.001068     0.002566     0.001816 
   1997     4549    0.001553     0.003869     0.002705 
   1997     5054    0.002229     0.005757     0.003970 
   1997     5559    0.003384     0.008644     0.005949 
   1997     6064    0.005385     0.013647     0.009327 
   1997     6569    0.008867     0.021425     0.014701 
   1997     7074    0.016044     0.034828     0.024357 
   1997     7579    0.031007     0.056954     0.041465 
   1997     8084    0.062035     0.095507     0.073949 
   1997     8589    0.117037     0.153494     0.128807 
   1997     9094    0.201631     0.240063     0.212413 
   1997     9599    0.308057     0.354076     0.319371 
   1997    100104   0.354139     0.499242     0.381781 
   1997    105109   0.327549     0.553639     0.349800 
   1997    110      0.340296     0.559157     0.350986 
   1998        0     0.004409     0.005239     0.004837 
   1998      14     0.000272     0.000298     0.000285 
   1998      59     0.000127     0.000211     0.000170 
   1998     1014    0.000147     0.000203     0.000176 
   1998     1519    0.000273     0.000617     0.000450 
   1998     2024    0.000273     0.000930     0.000609 
   1998     2529    0.000373     0.001101     0.000745 
   1998     3034    0.000493     0.001517     0.001011 
   1998     3539    0.000701     0.001874     0.001289 
   1998     4044    0.001060     0.002457     0.001757 
   1998     4549    0.001533     0.003665     0.002595 
   1998     5054    0.002227     0.005622     0.003902 
   1998     5559    0.003223     0.008537     0.005821 
   1998     6064    0.005190     0.013819     0.009305 
   1998     6569    0.008674     0.021353     0.014576 
   1998     7074    0.016090     0.034969     0.024463 
   1998     7579    0.031431     0.058342     0.042407 
   1998     8084    0.062420     0.097940     0.075031 
   1998     8589    0.119240     0.156973     0.131355 
   1998     9094    0.208967     0.245687     0.219328 
   1998     9599    0.320154     0.362939     0.330640 
   1998    100104   0.375384     0.504841     0.399559 
   1998    105109   0.327967     0.516215     0.345902 
   1998    110      0.344438     0.571665     0.354314 
   1999        0     0.004212     0.004893     0.004563 
   1999      14     0.000282     0.000279     0.000280 
   1999      59     0.000116     0.000183     0.000150 
   1999     1014    0.000134     0.000204     0.000170 
   1999     1519    0.000254     0.000653     0.000458 
   1999     2024    0.000280     0.000888     0.000591 
   1999     2529    0.000319     0.001040     0.000687 
   1999     3034    0.000505     0.001418     0.000967 
   1999     3539    0.000692     0.001858     0.001277 
   1999     4044    0.001072     0.002501     0.001785 
   1999     4549    0.001580     0.003745     0.002658 
   1999     5054    0.002204     0.005679     0.003919 
   1999     5559    0.003274     0.008744     0.005953 
   1999     6064    0.005212     0.013734     0.009275 
   1999     6569    0.008591     0.021730     0.014716 
   1999     7074    0.015970     0.034799     0.024337 
   1999     7579    0.030991     0.058307     0.042233 
   1999     8084    0.063828     0.098411     0.076119 
   1999     8589    0.122610     0.162025     0.135176 
   1999     9094    0.211904     0.251469     0.223143 
   1999     9599    0.331027     0.370610     0.340613 
   1999    100104   0.399627     0.445390     0.408438 
   1999    105109   0.367568     0.486939     0.379196 
   1999    110      0.391018     0.629371     0.400161 
   2000        0     0.004150     0.004792     0.004481 
   2000      14     0.000227     0.000291     0.000260 
   2000      59     0.000125     0.000180     0.000153 
   2000     1014    0.000139     0.000199     0.000170 
   2000     1519    0.000262     0.000640     0.000456 
   2000     2024    0.000286     0.000902     0.000601 
   2000     2529    0.000316     0.001026     0.000679 
   2000     3034    0.000476     0.001293     0.000890 
   2000     3539    0.000700     0.001822     0.001263 
   2000     4044    0.001090     0.002532     0.001810 
   2000     4549    0.001515     0.003658     0.002583 
   2000     5054    0.002156     0.005603     0.003858 
   2000     5559    0.003143     0.008294     0.005666 
   2000     6064    0.005013     0.013310     0.008973 
   2000     6569    0.008451     0.020523     0.014086 
   2000     7074    0.015091     0.032898     0.023020 
   2000     7579    0.029282     0.054885     0.039891 
   2000     8084    0.060305     0.092011     0.071660 
   2000     8589    0.115271     0.151881     0.126905 
   2000     9094    0.202241     0.237220     0.212161 
   2000     9599    0.304994     0.353082     0.316626 
   2000    100104   0.344409     0.461639     0.367456 
   2000    105109   0.308780     0.481638     0.326273 
   2000    110      0.330645     0.871795     0.346445 
   2001        0     0.003753     0.004445     0.004109 
   2001      14     0.000207     0.000284     0.000247 
   2001      59     0.000110     0.000158     0.000135 
   2001     1014    0.000138     0.000188     0.000164 
   2001     1519    0.000232     0.000591     0.000416 
   2001     2024    0.000257     0.000844     0.000557 
   2001     2529    0.000335     0.000904     0.000626 
   2001     3034    0.000486     0.001280     0.000889 
   2001     3539    0.000707     0.001786     0.001250 
   2001     4044    0.001022     0.002362     0.001691 
   2001     4549    0.001567     0.003589     0.002574 
   2001     5054    0.002177     0.005556     0.003847 
   2001     5559    0.003096     0.008435     0.005709 
   2001     6064    0.004842     0.012979     0.008740 
   2001     6569    0.008162     0.019701     0.013550 
   2001     7074    0.014659     0.032291     0.022532 
   2001     7579    0.028198     0.053255     0.038627 
   2001     8084    0.057229     0.089304     0.068894 
   2001     8589    0.111910     0.149703     0.123904 
   2001     9094    0.196133     0.234129     0.206894 
   2001     9599    0.306455     0.340159     0.314632 
   2001    100104   0.359385     0.467893     0.380731 
   2001    105109   0.383545     0.524397     0.398273 
   2001    110      0.415168     1.513932     0.436008 
