  2.9486000e-002  1.4850000e-003  5.5600000e-004  4.1800000e-004  7.1400000e-004  1.0080000e-003  1.0860000e-003  1.3570000e-003  1.7830000e-003  2.5290000e-003  4.2920000e-003  6.6820000e-003  1.0333000e-002  1.6865000e-002  2.7011000e-002  4.7441000e-002  8.0979000e-002  1.3174200e-001
  2.7920000e-002  1.1840000e-003  5.0600000e-004  3.4200000e-004  6.4000000e-004  9.9300000e-004  1.0880000e-003  1.3220000e-003  1.6670000e-003  2.6960000e-003  4.1580000e-003  6.5000000e-003  1.0516000e-002  1.6128000e-002  2.6791000e-002  4.6865000e-002  7.9103000e-002  1.3276300e-001
  2.6985000e-002  1.2130000e-003  3.6400000e-004  3.0200000e-004  6.2600000e-004  9.3000000e-004  1.0280000e-003  1.2130000e-003  1.7000000e-003  2.5120000e-003  4.3000000e-003  6.4910000e-003  1.0156000e-002  1.6575000e-002  2.7044000e-002  4.6564000e-002  7.8992000e-002  1.3280400e-001
  2.5668000e-002  1.0030000e-003  3.5300000e-004  2.8100000e-004  6.4600000e-004  8.8300000e-004  9.9500000e-004  1.2890000e-003  1.5720000e-003  2.3900000e-003  3.9170000e-003  6.3710000e-003  1.0113000e-002  1.6113000e-002  2.6810000e-002  4.3290000e-002  7.4906000e-002  1.2364700e-001
  2.5356000e-002  9.2900000e-004  3.4000000e-004  3.2100000e-004  6.5200000e-004  8.0400000e-004  8.5900000e-004  1.1710000e-003  1.4850000e-003  2.4220000e-003  4.0100000e-003  6.5090000e-003  1.0515000e-002  1.5720000e-002  2.5955000e-002  4.3596000e-002  7.4563000e-002  1.2263700e-001
  2.3527000e-002  1.1250000e-003  3.7700000e-004  3.5700000e-004  6.1600000e-004  8.2500000e-004  9.5700000e-004  1.1930000e-003  1.6810000e-003  2.4740000e-003  3.7820000e-003  6.4040000e-003  1.0461000e-002  1.6308000e-002  2.7277000e-002  4.5331000e-002  7.7188000e-002  1.2717900e-001
  2.2683000e-002  7.9400000e-004  3.9200000e-004  3.2400000e-004  5.6600000e-004  7.6200000e-004  9.5700000e-004  1.0880000e-003  1.6150000e-003  2.2890000e-003  3.7670000e-003  6.4530000e-003  9.8780000e-003  1.6072000e-002  2.6215000e-002  4.4175000e-002  7.5207000e-002  1.2685200e-001
  2.2650000e-002  9.4300000e-004  4.6700000e-004  3.0800000e-004  6.2300000e-004  7.9300000e-004  9.7400000e-004  1.1750000e-003  1.6000000e-003  2.5130000e-003  3.7830000e-003  6.2520000e-003  9.9810000e-003  1.5654000e-002  2.5326000e-002  4.3922000e-002  7.5296000e-002  1.2539800e-001
  2.2247000e-002  9.4200000e-004  3.9700000e-004  2.7600000e-004  5.7200000e-004  6.8000000e-004  8.9800000e-004  1.2380000e-003  1.5890000e-003  2.3050000e-003  3.7990000e-003  6.2020000e-003  1.0063000e-002  1.6079000e-002  2.6041000e-002  4.4567000e-002  7.7116000e-002  1.2931500e-001
  2.2290000e-002  8.7800000e-004  4.5400000e-004  2.8200000e-004  5.5800000e-004  8.2500000e-004  8.0700000e-004  1.0560000e-003  1.5960000e-003  2.4630000e-003  3.6040000e-003  6.1250000e-003  9.9900000e-003  1.5590000e-002  2.5788000e-002  4.3152000e-002  7.3857000e-002  1.2356200e-001
  2.0508000e-002  8.4200000e-004  4.3400000e-004  3.4700000e-004  5.4400000e-004  8.1100000e-004  7.6600000e-004  1.1060000e-003  1.4820000e-003  2.4070000e-003  3.8670000e-003  6.1990000e-003  1.0294000e-002  1.6326000e-002  2.6619000e-002  4.4880000e-002  7.5548000e-002  1.2780900e-001
  1.9908000e-002  9.1600000e-004  4.2500000e-004  2.8600000e-004  5.8700000e-004  6.9900000e-004  8.7200000e-004  1.0820000e-003  1.6600000e-003  2.5310000e-003  3.7790000e-003  6.1060000e-003  1.0454000e-002  1.6222000e-002  2.6806000e-002  4.3392000e-002  7.4244000e-002  1.2408900e-001
  1.9041000e-002  8.1000000e-004  4.1500000e-004  3.2900000e-004  6.5000000e-004  6.8700000e-004  8.8300000e-004  1.0110000e-003  1.5810000e-003  2.2090000e-003  3.9290000e-003  6.1480000e-003  1.0166000e-002  1.6832000e-002  2.6995000e-002  4.4096000e-002  7.4355000e-002  1.2506400e-001
  1.9218000e-002  8.7900000e-004  4.3500000e-004  3.4200000e-004  6.3300000e-004  7.2000000e-004  7.6300000e-004  1.1090000e-003  1.6420000e-003  2.4140000e-003  3.7520000e-003  6.3310000e-003  1.0637000e-002  1.6840000e-002  2.7164000e-002  4.4050000e-002  7.4246000e-002  1.2483100e-001
  1.7411000e-002  7.9300000e-004  4.1300000e-004  3.5300000e-004  6.6600000e-004  6.8800000e-004  7.4500000e-004  1.1010000e-003  1.5810000e-003  2.3820000e-003  3.9040000e-003  6.3250000e-003  1.0194000e-002  1.6711000e-002  2.7367000e-002  4.5494000e-002  7.5896000e-002  1.2710900e-001
  1.5338000e-002  7.0500000e-004  4.4900000e-004  3.5300000e-004  6.1500000e-004  6.9100000e-004  7.2100000e-004  9.5300000e-004  1.5280000e-003  2.5280000e-003  3.9170000e-003  6.4230000e-003  1.0408000e-002  1.6963000e-002  2.6906000e-002  4.3747000e-002  7.0059000e-002  1.1605500e-001
  1.5803000e-002  7.6700000e-004  4.7000000e-004  3.4900000e-004  6.6400000e-004  7.6900000e-004  7.3300000e-004  9.9500000e-004  1.7270000e-003  2.6950000e-003  3.6920000e-003  6.0390000e-003  9.9780000e-003  1.6132000e-002  2.6158000e-002  4.1848000e-002  6.7025000e-002  1.1333800e-001
  1.4656000e-002  7.0700000e-004  4.6500000e-004  3.3900000e-004  6.7900000e-004  7.4300000e-004  7.4200000e-004  1.0170000e-003  1.6060000e-003  2.5550000e-003  4.1780000e-003  6.0970000e-003  9.9920000e-003  1.6114000e-002  2.6559000e-002  4.3183000e-002  6.5209000e-002  1.0974700e-001
  1.4270000e-002  6.9600000e-004  4.4100000e-004  3.0700000e-004  6.9200000e-004  7.7400000e-004  7.9400000e-004  1.0260000e-003  1.5870000e-003  2.4840000e-003  4.1440000e-003  6.6550000e-003  1.0035000e-002  1.6201000e-002  2.5503000e-002  4.1872000e-002  6.4756000e-002  1.0610700e-001
  1.4057000e-002  6.6700000e-004  4.7400000e-004  3.5800000e-004  7.7800000e-004  7.5800000e-004  7.5600000e-004  1.0400000e-003  1.5510000e-003  2.7430000e-003  4.1620000e-003  6.6980000e-003  1.0042000e-002  1.6103000e-002  2.5326000e-002  4.0167000e-002  6.2998000e-002  1.0409500e-001
  1.2305000e-002  6.4000000e-004  4.0600000e-004  3.6400000e-004  6.9500000e-004  7.2200000e-004  7.3500000e-004  9.9600000e-004  1.6690000e-003  2.6900000e-003  4.1390000e-003  6.7920000e-003  9.9910000e-003  1.6537000e-002  2.6744000e-002  4.1659000e-002  6.4937000e-002  1.0456500e-001
  1.1311000e-002  5.6800000e-004  4.2400000e-004  3.1900000e-004  7.4400000e-004  8.2700000e-004  7.2600000e-004  1.0350000e-003  1.6650000e-003  2.7290000e-003  4.3140000e-003  6.3650000e-003  1.0167000e-002  1.5964000e-002  2.5642000e-002  3.9800000e-002  6.3920000e-002  1.0255700e-001
  1.0820000e-002  5.2500000e-004  3.2100000e-004  2.7900000e-004  6.9000000e-004  8.1500000e-004  6.9900000e-004  9.5700000e-004  1.4690000e-003  2.5060000e-003  4.3740000e-003  6.6830000e-003  1.0425000e-002  1.5968000e-002  2.4597000e-002  4.1023000e-002  6.5232000e-002  1.0340500e-001
  1.0536000e-002  5.6300000e-004  4.3800000e-004  3.2600000e-004  6.0900000e-004  8.0500000e-004  8.1500000e-004  9.0100000e-004  1.5440000e-003  2.5240000e-003  4.0610000e-003  6.7390000e-003  1.0003000e-002  1.5564000e-002  2.4496000e-002  3.8856000e-002  6.2557000e-002  9.7921000e-002
  9.6970000e-003  5.7000000e-004  3.0100000e-004  2.7300000e-004  7.0600000e-004  7.1800000e-004  8.5300000e-004  9.2800000e-004  1.5190000e-003  2.6230000e-003  4.3060000e-003  7.1080000e-003  1.0447000e-002  1.6353000e-002  2.5298000e-002  4.0424000e-002  6.4981000e-002  1.0299800e-001
  8.4630000e-003  5.1800000e-004  2.8600000e-004  2.6900000e-004  6.2700000e-004  8.5400000e-004  7.3300000e-004  1.0000000e-003  1.4440000e-003  2.5670000e-003  3.9410000e-003  6.4320000e-003  1.0004000e-002  1.5309000e-002  2.3571000e-002  3.8304000e-002  5.9033000e-002  9.0801000e-002
  8.8010000e-003  4.5100000e-004  2.8000000e-004  2.5800000e-004  6.8700000e-004  8.5300000e-004  7.9100000e-004  8.9300000e-004  1.4150000e-003  2.5300000e-003  4.0520000e-003  6.3780000e-003  1.0179000e-002  1.5701000e-002  2.4723000e-002  3.8765000e-002  6.0756000e-002  9.6254000e-002
  8.6010000e-003  5.5200000e-004  2.7500000e-004  2.4600000e-004  6.9200000e-004  8.7400000e-004  8.6500000e-004  1.0240000e-003  1.5360000e-003  2.3860000e-003  4.0450000e-003  6.6060000e-003  1.0671000e-002  1.6021000e-002  2.3946000e-002  3.9238000e-002  6.1530000e-002  9.8339000e-002
  8.3000000e-003  4.8500000e-004  2.2000000e-004  2.1500000e-004  6.6700000e-004  8.4500000e-004  9.8200000e-004  1.0960000e-003  1.6800000e-003  2.6060000e-003  4.2210000e-003  6.6750000e-003  1.0553000e-002  1.6483000e-002  2.4679000e-002  3.9335000e-002  6.1669000e-002  9.7610000e-002
  7.5960000e-003  4.7300000e-004  3.1400000e-004  2.4700000e-004  5.8400000e-004  8.4000000e-004  9.6000000e-004  1.0970000e-003  1.5340000e-003  2.4330000e-003  4.3280000e-003  6.5790000e-003  1.0641000e-002  1.6329000e-002  2.4803000e-002  3.8560000e-002  6.1733000e-002  9.8432000e-002
  8.2030000e-003  4.0200000e-004  2.2100000e-004  2.3100000e-004  5.3100000e-004  7.9200000e-004  9.6800000e-004  1.1760000e-003  1.4480000e-003  2.2940000e-003  4.0970000e-003  6.7380000e-003  1.0409000e-002  1.6037000e-002  2.3749000e-002  3.7526000e-002  6.0154000e-002  9.4708000e-002
  7.5830000e-003  4.6200000e-004  2.3400000e-004  2.2200000e-004  5.3600000e-004  7.6200000e-004  8.2700000e-004  1.2610000e-003  1.5540000e-003  2.3730000e-003  4.2850000e-003  6.5710000e-003  1.0513000e-002  1.6631000e-002  2.4698000e-002  3.7702000e-002  5.9658000e-002  9.5097000e-002
  7.7610000e-003  4.3000000e-004  1.6200000e-004  2.2000000e-004  5.6700000e-004  7.3200000e-004  8.4300000e-004  1.2100000e-003  1.6240000e-003  2.3690000e-003  3.8710000e-003  6.8380000e-003  1.0240000e-002  1.6498000e-002  2.4458000e-002  3.7640000e-002  5.9047000e-002  9.2547000e-002
  8.0700000e-003  3.9600000e-004  2.8700000e-004  2.8300000e-004  5.8400000e-004  7.4400000e-004  9.2700000e-004  1.1070000e-003  1.5410000e-003  2.2660000e-003  4.0280000e-003  6.8270000e-003  1.0659000e-002  1.6341000e-002  2.4395000e-002  3.8107000e-002  5.8611000e-002  9.3442000e-002
  8.2790000e-003  3.8500000e-004  1.8300000e-004  2.3300000e-004  5.3200000e-004  7.3100000e-004  7.7600000e-004  1.2150000e-003  1.6620000e-003  2.4270000e-003  3.8800000e-003  6.5540000e-003  1.0676000e-002  1.6533000e-002  2.4552000e-002  3.7314000e-002  5.8865000e-002  9.1038000e-002
  8.3550000e-003  5.2200000e-004  1.7500000e-004  1.5700000e-004  5.1900000e-004  7.6300000e-004  8.3300000e-004  1.1930000e-003  1.4800000e-003  2.3950000e-003  3.7830000e-003  6.7190000e-003  1.0914000e-002  1.6319000e-002  2.4067000e-002  3.6801000e-002  5.6373000e-002  9.0761000e-002
  7.7950000e-003  4.4800000e-004  1.8400000e-004  1.8300000e-004  5.1700000e-004  7.3500000e-004  9.2300000e-004  1.1260000e-003  1.5610000e-003  2.3460000e-003  3.7270000e-003  6.3770000e-003  1.0354000e-002  1.6085000e-002  2.5156000e-002  3.6140000e-002  5.7725000e-002  9.0766000e-002
  8.1850000e-003  4.5400000e-004  1.8700000e-004  1.7000000e-004  4.5600000e-004  6.7400000e-004  7.7700000e-004  1.1530000e-003  1.6980000e-003  2.5610000e-003  3.7730000e-003  6.4090000e-003  1.0515000e-002  1.5880000e-002  2.4559000e-002  3.6177000e-002  5.7811000e-002  8.8537000e-002
  7.5770000e-003  4.0500000e-004  2.3500000e-004  2.3000000e-004  4.3300000e-004  6.5400000e-004  7.4300000e-004  1.0300000e-003  1.5250000e-003  2.5000000e-003  3.7310000e-003  6.2770000e-003  1.0582000e-002  1.5862000e-002  2.4415000e-002  3.7831000e-002  5.8770000e-002  9.1656000e-002
  7.3630000e-003  3.8700000e-004  2.2700000e-004  1.8400000e-004  4.2800000e-004  6.5100000e-004  7.8100000e-004  1.0970000e-003  1.5540000e-003  2.2780000e-003  3.6490000e-003  5.8560000e-003  9.9670000e-003  1.5528000e-002  2.3704000e-002  3.7246000e-002  5.6280000e-002  8.9532000e-002
  6.7190000e-003  3.3800000e-004  1.6200000e-004  1.8000000e-004  4.8600000e-004  6.1600000e-004  7.3300000e-004  1.0660000e-003  1.5670000e-003  2.3950000e-003  3.4720000e-003  5.7240000e-003  9.7230000e-003  1.5877000e-002  2.4001000e-002  3.7433000e-002  5.6942000e-002  8.8804000e-002
  5.4290000e-003  3.1400000e-004  1.7300000e-004  2.0000000e-004  4.6300000e-004  5.5400000e-004  7.1000000e-004  9.9800000e-004  1.7150000e-003  2.4010000e-003  3.5670000e-003  5.7150000e-003  9.4900000e-003  1.5726000e-002  2.4774000e-002  3.8393000e-002  5.9673000e-002  9.3190000e-002
  5.5370000e-003  3.4700000e-004  1.8500000e-004  1.3000000e-004  3.9200000e-004  6.4800000e-004  7.2100000e-004  1.0540000e-003  1.5560000e-003  2.4750000e-003  3.6620000e-003  5.7610000e-003  9.1190000e-003  1.5465000e-002  2.4451000e-002  3.7137000e-002  5.6681000e-002  9.0311000e-002
  5.0430000e-003  3.1600000e-004  1.5800000e-004  1.6800000e-004  4.9000000e-004  6.2800000e-004  8.3800000e-004  1.0270000e-003  1.5650000e-003  2.4060000e-003  3.5270000e-003  5.4460000e-003  9.1800000e-003  1.5927000e-002  2.4915000e-002  3.8234000e-002  5.8791000e-002  9.2519000e-002
  5.4460000e-003  3.1500000e-004  1.4300000e-004  1.9700000e-004  4.3100000e-004  5.8900000e-004  6.4800000e-004  9.8600000e-004  1.4570000e-003  2.4660000e-003  3.4800000e-003  5.5000000e-003  8.7800000e-003  1.5026000e-002  2.4214000e-002  3.6603000e-002  5.7282000e-002  8.9565000e-002
