  5.5265622e+005  2.0659232e+006  2.5695512e+006  2.2040989e+006  2.6666216e+006  2.6544112e+006  2.4465818e+006  2.0559962e+006  1.8435395e+006  1.8526767e+006  1.6776536e+006  1.4666596e+006  1.2086935e+006  1.0296034e+006  8.4076793e+005  5.9201946e+005  3.7674058e+005  1.9787953e+005
  5.6499718e+005  2.0571288e+006  2.6428326e+006  2.2342544e+006  2.5349665e+006  2.6595708e+006  2.4706004e+006  2.1415771e+006  1.8357132e+006  1.8559515e+006  1.6907714e+006  1.5192280e+006  1.2296175e+006  1.0328121e+006  8.6402079e+005  6.0103079e+005  3.8873703e+005  2.0486408e+005
  5.5882508e+005  2.0737152e+006  2.6775156e+006  2.3486139e+006  2.3792596e+006  2.6467274e+006  2.4898862e+006  2.2320802e+006  1.8206130e+006  1.8613153e+006  1.7028859e+006  1.5708228e+006  1.2422131e+006  1.0476310e+006  8.7564890e+005  6.1933885e+005  3.9600048e+005  2.1129152e+005
  5.6378851e+005  2.1301238e+006  2.6449403e+006  2.4373394e+006  2.2956997e+006  2.6126662e+006  2.5048086e+006  2.2866505e+006  1.8429365e+006  1.8413953e+006  1.7268212e+006  1.5868548e+006  1.2870260e+006  1.0720497e+006  8.8384102e+005  6.3919450e+005  4.0928375e+005  2.1751070e+005
  5.7835978e+005  2.1839084e+006  2.6261137e+006  2.4888181e+006  2.2466412e+006  2.5831458e+006  2.5129510e+006  2.3079103e+006  1.9122029e+006  1.8015771e+006  1.7572716e+006  1.5833626e+006  1.3416259e+006  1.1029193e+006  8.9252030e+005  6.5277575e+005  4.2045608e+005  2.2258089e+005
  6.0117354e+005  2.2125750e+006  2.6514891e+006  2.5719580e+006  2.1966250e+006  2.5347927e+006  2.5106250e+006  2.3246391e+006  1.9883636e+006  1.7802203e+006  1.7702512e+006  1.5974411e+006  1.3732580e+006  1.1364757e+006  8.9785046e+005  6.6525728e+005  4.2173603e+005  2.2754726e+005
  6.2283770e+005  2.2465174e+006  2.6566941e+006  2.6444566e+006  2.2303017e+006  2.4340088e+006  2.5200757e+006  2.3354876e+006  2.0658504e+006  1.7693952e+006  1.7749690e+006  1.6114873e+006  1.4189966e+006  1.1538513e+006  9.0705677e+005  6.8492827e+005  4.2814104e+005  2.3446163e+005
  6.2881883e+005  2.3048158e+006  2.6565851e+006  2.6876887e+006  2.3413103e+006  2.3126026e+006  2.5188159e+006  2.3381277e+006  2.1417883e+006  1.7599660e+006  1.7764816e+006  1.6260998e+006  1.4663420e+006  1.1637859e+006  9.2412130e+005  7.0174059e+005  4.3609192e+005  2.4279292e+005
  6.0944046e+005  2.3616634e+006  2.6858320e+006  2.6884684e+006  2.4325027e+006  2.2527979e+006  2.4872663e+006  2.3486585e+006  2.1876093e+006  1.7812674e+006  1.7626416e+006  1.6468505e+006  1.4839982e+006  1.1953502e+006  9.5450009e+005  7.1342268e+005  4.4445770e+005  2.5172480e+005
  6.0969664e+005  2.3975001e+006  2.7293378e+006  2.6780534e+006  2.4780932e+006  2.2133580e+006  2.4607070e+006  2.3782844e+006  2.2077503e+006  1.8486405e+006  1.7394349e+006  1.6729255e+006  1.4911270e+006  1.2355452e+006  9.9258721e+005  7.2703349e+005  4.5869278e+005  2.6049364e+005
  6.3472766e+005  2.4240944e+006  2.7756700e+006  2.6809316e+006  2.5425740e+006  2.1531191e+006  2.4277172e+006  2.4047553e+006  2.2333762e+006  1.9315568e+006  1.7248142e+006  1.6932357e+006  1.5174679e+006  1.2664334e+006  1.0227061e+006  7.4075038e+005  4.7437475e+005  2.6656453e+005
  6.4435863e+005  2.4543720e+006  2.8274252e+006  2.6715685e+006  2.5942708e+006  2.1699259e+006  2.3464320e+006  2.4353156e+006  2.2575249e+006  2.0139764e+006  1.7188446e+006  1.7075168e+006  1.5412741e+006  1.3128409e+006  1.0326694e+006  7.5358986e+005  4.9425212e+005  2.7067041e+005
  6.6372021e+005  2.4835390e+006  2.8991598e+006  2.6569147e+006  2.6242653e+006  2.2597982e+006  2.2283032e+006  2.4539357e+006  2.2791425e+006  2.0942524e+006  1.7178343e+006  1.7165172e+006  1.5642371e+006  1.3650246e+006  1.0373385e+006  7.6780734e+005  5.1272432e+005  2.7641685e+005
  6.6697741e+005  2.5318811e+006  2.9663550e+006  2.6755230e+006  2.6192439e+006  2.3261050e+006  2.1560959e+006  2.4372246e+006  2.3146007e+006  2.1523881e+006  1.7446112e+006  1.7125833e+006  1.5902276e+006  1.3956768e+006  1.0665008e+006  7.9110082e+005  5.2752873e+005  2.8398014e+005
  6.5440690e+005  2.5812789e+006  3.0240580e+006  2.7175049e+006  2.6142088e+006  2.3599248e+006  2.1021699e+006  2.4160531e+006  2.3531413e+006  2.1827865e+006  1.8127368e+006  1.6960140e+006  1.6146117e+006  1.4148498e+006  1.1044026e+006  8.2151439e+005  5.4002935e+005  2.9272982e+005
  6.5651758e+005  2.6057621e+006  3.0750648e+006  2.7679351e+006  2.6325357e+006  2.4285460e+006  2.0300918e+006  2.3790919e+006  2.3776923e+006  2.2063042e+006  1.8950408e+006  1.6825493e+006  1.6314718e+006  1.4434179e+006  1.1366755e+006  8.4646615e+005  5.5122517e+005  3.0287475e+005
  6.5503784e+005  2.6205317e+006  3.1144229e+006  2.8261471e+006  2.6380908e+006  2.4869934e+006  2.0494514e+006  2.2794542e+006  2.4045268e+006  2.2282859e+006  1.9775174e+006  1.6765804e+006  1.6440686e+006  1.4659244e+006  1.1845246e+006  8.5757880e+005  5.6322839e+005  3.1608413e+005
  6.4679842e+005  2.6116571e+006  3.1651401e+006  2.9012098e+006  2.6349181e+006  2.5263617e+006  2.1462222e+006  2.1382758e+006  2.4142515e+006  2.2537361e+006  2.0563139e+006  1.6738607e+006  1.6520555e+006  1.4866041e+006  1.2353418e+006  8.6366802e+005  5.7151530e+005  3.2916766e+005
  6.4677756e+005  2.5814494e+006  3.2075137e+006  2.9841331e+006  2.6595268e+006  2.5364036e+006  2.2075223e+006  2.0548599e+006  2.3931534e+006  2.2889457e+006  2.1147816e+006  1.6981542e+006  1.6482593e+006  1.5072207e+006  1.2699640e+006  8.9105243e+005  5.8377229e+005  3.3999855e+005
  6.5346915e+005  2.5673123e+006  3.2374857e+006  3.0489567e+006  2.6986604e+006  2.5475377e+006  2.2517633e+006  2.0027243e+006  2.3738012e+006  2.3241332e+006  2.1491575e+006  1.7644499e+006  1.6342087e+006  1.5257277e+006  1.2927125e+006  9.2637294e+005  6.0427613e+005  3.4683478e+005
  6.5939636e+005  2.5714567e+006  3.2706571e+006  3.0857585e+006  2.7393378e+006  2.5747734e+006  2.3436861e+006  1.9473965e+006  2.3427371e+006  2.3507236e+006  2.1742007e+006  1.8472024e+006  1.6240636e+006  1.5417528e+006  1.3177010e+006  9.5740984e+005  6.2432269e+005  3.5402650e+005
  6.6075647e+005  2.5862415e+006  3.2848570e+006  3.1186768e+006  2.7896625e+006  2.5802320e+006  2.4198096e+006  1.9926463e+006  2.2470847e+006  2.3804741e+006  2.1981316e+006  1.9305068e+006  1.6205886e+006  1.5554521e+006  1.3365251e+006  1.0032078e+006  6.3687675e+005  3.6109197e+005
  6.6897429e+005  2.6081255e+006  3.2706442e+006  3.1715876e+006  2.8728655e+006  2.5786436e+006  2.4879165e+006  2.1227934e+006  2.1231597e+006  2.3975662e+006  2.2307260e+006  2.0093697e+006  1.6175903e+006  1.5616334e+006  1.3512461e+006  1.0447220e+006  6.4534737e+005  3.6512071e+005
  6.6803308e+005  2.6314306e+006  3.2557259e+006  3.2227100e+006  2.9602511e+006  2.6005269e+006  2.5189860e+006  2.2189523e+006  2.0618221e+006  2.3904365e+006  2.2708245e+006  2.0706456e+006  1.6397663e+006  1.5588275e+006  1.3684830e+006  1.0719187e+006  6.6885569e+005  3.7372572e+005
  6.6286063e+005  2.6458441e+006  3.2520614e+006  3.2658664e+006  3.0226830e+006  2.6350664e+006  2.5229426e+006  2.2781048e+006  2.0176025e+006  2.3768140e+006  2.3074072e+006  2.1098643e+006  1.7027365e+006  1.5507043e+006  1.3896484e+006  1.0935167e+006  7.0073871e+005  3.9015260e+005
  6.5622368e+005  2.6486643e+006  3.2534835e+006  3.3086882e+006  3.0683509e+006  2.6815914e+006  2.5336867e+006  2.3632242e+006  1.9695914e+006  2.3450102e+006  2.3366100e+006  2.1384844e+006  1.7825140e+006  1.5420306e+006  1.4096536e+006  1.1187410e+006  7.3010185e+005  4.0519071e+005
  6.3644280e+005  2.6413358e+006  3.2660145e+006  3.3242602e+006  3.1102589e+006  2.7426200e+006  2.5234568e+006  2.4310356e+006  2.0178555e+006  2.2527628e+006  2.3675551e+006  2.1650848e+006  1.8654787e+006  1.5375030e+006  1.4257937e+006  1.1414071e+006  7.7048451e+005  4.1566325e+005
  6.1048022e+005  2.6071605e+006  3.2861326e+006  3.3139701e+006  3.1686726e+006  2.8174640e+006  2.5090062e+006  2.4663070e+006  2.1317695e+006  2.1328208e+006  2.3814976e+006  2.1959460e+006  1.9450287e+006  1.5408282e+006  1.4378854e+006  1.1666101e+006  8.0935542e+005  4.2693495e+005
  5.8791442e+005  2.5422196e+006  3.3023179e+006  3.3034878e+006  3.2290737e+006  2.8934634e+006  2.5204425e+006  2.4669793e+006  2.2177485e+006  2.0645736e+006  2.3741980e+006  2.2326253e+006  2.0085249e+006  1.5656137e+006  1.4451012e+006  1.1942707e+006  8.3843333e+005  4.4970681e+005
  5.5912623e+005  2.4672409e+006  3.3074124e+006  3.2888013e+006  3.2802505e+006  2.9660661e+006  2.5575799e+006  2.4681437e+006  2.2757066e+006  2.0133336e+006  2.3599744e+006  2.2686506e+006  2.0510227e+006  1.6230594e+006  1.4425095e+006  1.2196766e+006  8.6245407e+005  4.7725435e+005
  5.2378429e+005  2.3813988e+006  3.2962440e+006  3.2759600e+006  3.3142838e+006  3.0231548e+006  2.6163842e+006  2.4792417e+006  2.3489633e+006  1.9659363e+006  2.3225121e+006  2.2979536e+006  2.0814945e+006  1.7004016e+006  1.4339703e+006  1.2418252e+006  8.8928546e+005  5.0438440e+005
  4.9617232e+005  2.2759089e+006  3.2680042e+006  3.2827629e+006  3.3152974e+006  3.0677969e+006  2.6908063e+006  2.4746153e+006  2.4090407e+006  2.0089971e+006  2.2284266e+006  2.3260287e+006  2.1084735e+006  1.7826501e+006  1.4285353e+006  1.2583398e+006  9.1440935e+005  5.3654691e+005
  4.7546041e+005  2.1641084e+006  3.2168305e+006  3.2976024e+006  3.2951146e+006  3.1191296e+006  2.7738281e+006  2.4735177e+006  2.4400733e+006  2.1150248e+006  2.1071677e+006  2.3364989e+006  2.1370795e+006  1.8615812e+006  1.4326935e+006  1.2697776e+006  9.3919756e+005  5.6698929e+005
  4.6086795e+005  2.0538669e+006  3.1386401e+006  3.3142918e+006  3.2784277e+006  3.1642834e+006  2.8544343e+006  2.4982567e+006  2.4426058e+006  2.1961295e+006  2.0346019e+006  2.3251414e+006  2.1709060e+006  1.9241244e+006  1.4578133e+006  1.2757837e+006  9.6387404e+005  5.9092064e+005
  4.4315623e+005  1.9583381e+006  3.0325961e+006  3.3252293e+006  3.2704914e+006  3.2011473e+006  2.9244572e+006  2.5421621e+006  2.4463078e+006  2.2533057e+006  1.9799783e+006  2.3082035e+006  2.2035518e+006  1.9669367e+006  1.5134935e+006  1.2743031e+006  9.8630439e+005  6.1100721e+005
  4.2817962e+005  1.8753636e+006  2.9077325e+006  3.3175056e+006  3.2703015e+006  3.2346521e+006  2.9724029e+006  2.5983200e+006  2.4591037e+006  2.3251083e+006  1.9339228e+006  2.2698436e+006  2.2310243e+006  1.9964762e+006  1.5887048e+006  1.2701644e+006  1.0084162e+006  6.3274718e+005
  4.1743148e+005  1.8002623e+006  2.7749148e+006  3.2905390e+006  3.2829146e+006  3.2471350e+006  3.0074510e+006  2.6661000e+006  2.4567027e+006  2.3839776e+006  1.9769314e+006  2.1771466e+006  2.2572882e+006  2.0216243e+006  1.6678100e+006  1.2698504e+006  1.0272875e+006  6.5455890e+005
  4.0761568e+005  1.7295357e+006  2.6420292e+006  3.2408058e+006  3.3034132e+006  3.2393477e+006  3.0490365e+006  2.7421277e+006  2.4564734e+006  2.4147313e+006  2.0823271e+006  2.0581773e+006  2.2656338e+006  2.0486465e+006  1.7433781e+006  1.2785428e+006  1.0413369e+006  6.7733169e+005
  3.9718216e+005  1.6623135e+006  2.5179770e+006  3.1558608e+006  3.3254293e+006  3.2344895e+006  3.0858656e+006  2.8167142e+006  2.4808254e+006  2.4161259e+006  2.1641329e+006  1.9868732e+006  2.2536398e+006  2.0804718e+006  1.8037924e+006  1.3061680e+006  1.0500020e+006  6.9985361e+005
  3.9244594e+005  1.6163077e+006  2.4044154e+006  3.0471181e+006  3.3459781e+006  3.2493583e+006  3.1289686e+006  2.8880974e+006  2.5283423e+006  2.4222497e+006  2.2243462e+006  1.9373029e+006  2.2394664e+006  2.1122592e+006  1.8454398e+006  1.3595601e+006  1.0529149e+006  7.1934451e+005
  3.9397311e+005  1.5942739e+006  2.3050312e+006  2.9336933e+006  3.3530541e+006  3.2758408e+006  3.1905423e+006  2.9491707e+006  2.5930692e+006  2.4454019e+006  2.3012152e+006  1.8996711e+006  2.2079190e+006  2.1420887e+006  1.8737354e+006  1.4288595e+006  1.0547631e+006  7.3766139e+005
  3.8954513e+005  1.5867850e+006  2.2192288e+006  2.8127042e+006  3.3415941e+006  3.3058729e+006  3.2397430e+006  3.0045644e+006  2.6717143e+006  2.4551057e+006  2.3681801e+006  1.9489380e+006  2.1254426e+006  2.1729155e+006  1.8983001e+006  1.5011953e+006  1.0596355e+006  7.5426246e+005
  3.7644254e+005  1.5802683e+006  2.1479676e+006  2.6882115e+006  3.3065991e+006  3.3423921e+006  3.2627829e+006  3.0713612e+006  2.7631568e+006  2.4656414e+006  2.4087726e+006  2.0615422e+006  2.0162800e+006  2.1883503e+006  1.9269135e+006  1.5712988e+006  1.0701375e+006  7.6769230e+005
  3.6550894e+005  1.5620898e+006  2.0939199e+006  2.5697484e+006  3.2361148e+006  3.3813152e+006  3.2809355e+006  3.1359589e+006  2.8587620e+006  2.5035103e+006  2.4199814e+006  2.1479806e+006  1.9554265e+006  2.1862803e+006  1.9617530e+006  1.6281512e+006  1.0965060e+006  7.7787667e+005
  3.6178325e+005  1.5338696e+006  2.0592152e+006  2.4562328e+006  3.1352866e+006  3.4144711e+006  3.3068449e+006  3.1964285e+006  2.9430573e+006  2.5618224e+006  2.4306009e+006  2.2113435e+006  1.9156067e+006  2.1791638e+006  1.9979580e+006  1.6687528e+006  1.1444263e+006  7.8349313e+005
