1950       0        270132.88    283671.45    553804.33
1950       14     1069091.16   1116320.96   2185412.12
1950       59     1190531.13   1242042.83   2432573.96
1950      1014    1152831.59   1174735.71   2327567.30
1950      1519    1399621.97   1364194.94   2763816.91
1950      2024    1314194.08   1300513.00   2614707.08
1950      2529    1231255.31   1154969.71   2386225.02
1950      3034    1002597.84    868131.14   1870728.98
1950      3539    1042242.51    918547.60   1960790.11
1950      4044     917237.74    839104.68   1756342.42
1950      4549     901376.15    793370.02   1694746.17
1950      5054     679716.90    616162.80   1295879.70
1950      5559     637674.74    532340.02   1170014.76
1950      6064     545378.41    451144.48    996522.89
1950      6569     456542.55    346544.57    803087.12
1950      7074     322777.19    232475.03    555252.22
1950      7579     222154.64    142825.83    364980.47
1950      8084     117436.52     66695.27    184131.79
1950      8589      49945.87     23357.81     73303.68
1950      9094      15501.32      5267.33     20768.65
1950      9599       3481.20       871.97      4353.17
1950     100104       376.50        59.72       436.22
1950     105109        53.81         9.09        62.90
1950     110             8.97         8.97        17.94
1951       0        218161.00    234906.00    453067.00
1951       14     1044618.00   1090102.00   2134720.00
1951       59     1190757.00   1256331.00   2447088.00
1951      1014    1153203.00   1184778.00   2337981.00
1951      1519    1368626.00   1329688.00   2698314.00
1951      2024    1351742.00   1342699.00   2694441.00
1951      2529    1223689.00   1165601.00   2389290.00
1951      3034    1041992.00    910111.00   1952103.00
1951      3539    1011567.00    860408.00   1871975.00
1951      4044     948524.00    885086.00   1833610.00
1951      4549     867173.00    784818.00   1651991.00
1951      5054     757734.00    664107.00   1421841.00
1951      5559     619110.00    531685.00   1150795.00
1951      6064     572953.00    463820.00   1036773.00
1951      6569     458436.00    348354.00    806790.00
1951      7074     343758.00    247966.00    591724.00
1951      7579     217933.00    140102.00    358035.00
1951      8084     121925.04     69548.60    191473.64
1951      8589      50927.83     24025.65     74953.48
1951      9094      16236.58      5648.51     21885.09
1951      9599       3582.32       883.93      4466.25
1951     100104       393.91        65.58       459.49
1951     105109        47.33        11.83        59.16
1951     110            13.19        13.19        26.38
1952       0        263140.79    275683.56    538824.35
1952       14     1008277.49   1059101.01   2067378.50
1952       59     1237747.73   1297584.39   2535332.12
1952      1014    1081473.59   1121303.00   2202776.59
1952      1519    1379052.05   1355934.53   2734986.58
1952      2024    1323191.52   1307864.77   2631056.29
1952      2529    1256259.45   1196403.62   2452663.07
1952      3034    1059401.51    946497.43   2005898.94
1952      3539     999798.25    855076.81   1854875.06
1952      4044     955558.53    886155.66   1841714.19
1952      4549     885970.96    794199.75   1680170.71
1952      5054     761084.62    671764.65   1432849.27
1952      5559     650449.28    554458.24   1204907.52
1952      6064     560459.10    459187.64   1019646.74
1952      6569     476804.21    357896.62    834700.83
1952      7074     337756.70    246746.01    584502.71
1952      7579     229147.89    143535.45    372683.34
1952      8084     124001.30     70054.63    194055.93
1952      8589      50822.34     23774.99     74597.33
1952      9094      16152.58      5704.89     21857.47
1952      9599       3511.10       888.28      4399.38
1952     100104       390.05        71.96       462.01
1952     105109        49.46        13.65        63.11
1952     110            16.02        16.02        32.04
1953       0        275392.50    291095.59    566488.09
1953       14     1005754.28   1058713.60   2064467.88
1953       59     1277802.37   1325967.96   2603770.33
1953      1014    1074518.00   1130903.19   2205421.19
1953      1519    1306526.86   1291729.83   2598256.69
1953      2024    1341998.88   1335767.23   2677766.11
1953      2529    1249415.87   1191084.58   2440500.45
1953      3034    1102395.32   1003698.22   2106093.54
1953      3539     986476.63    845727.36   1832203.99
1953      4044     974637.24    889001.91   1863639.15
1953      4549     882152.66    792983.77   1675136.43
1953      5054     798976.95    701493.03   1500469.98
1953      5559     651357.87    561121.54   1212479.41
1953      6064     573002.04    466558.06   1039560.10
1953      6569     482004.19    364830.83    846835.02
1953      7074     346906.93    252629.28    599536.21
1953      7579     233544.18    147253.64    380797.82
1953      8084     129279.49     72423.64    201703.13
1953      8589      52067.57     24407.27     76474.84
1953      9094      16689.53      5988.74     22678.27
1953      9599       3554.19       932.59      4486.78
1953     100104       396.14        72.03       468.17
1953     105109        50.32        12.05        62.37
1953     110            18.73        18.73        37.46
1954       0        274909.08    288597.18    563506.26
1954       14      998213.65   1051576.04   2049789.69
1954       59     1313769.14   1368125.66   2681894.80
1954      1014    1111228.53   1151859.13   2263087.66
1954      1519    1228154.79   1243521.56   2471676.35
1954      2024    1340757.72   1300617.83   2641375.55
1954      2529    1264869.58   1235830.67   2500700.25
1954      3034    1124675.89   1052384.76   2177060.65
1954      3539     991276.25    847946.15   1839222.40
1954      4044     972126.16    876137.71   1848263.87
1954      4549     898929.67    807476.64   1706406.31
1954      5054     817568.20    720417.86   1537986.06
1954      5559     670587.10    576168.53   1246755.63
1954      6064     564622.57    461441.43   1026064.00
1954      6569     499581.77    381624.80    881206.57
1954      7074     348395.01    254130.36    602525.37
1954      7579     242872.83    153803.41    396676.24
1954      8084     133628.59     74396.44    208025.03
1954      8589      52757.62     24588.53     77346.15
1954      9094      17069.86      6180.95     23250.81
1954      9599       3639.00       973.05      4612.05
1954     100104       394.84        67.46       462.30
1954     105109        53.95        12.45        66.40
1954     110            16.73        16.73        33.46
1955       0        271463.91    282679.99    554143.90
1955       14     1023525.84   1074114.81   2097640.65
1955       59     1306449.51   1366686.96   2673136.47
1955      1014    1196377.28   1237762.76   2434140.04
1955      1519    1128966.26   1157876.58   2286842.84
1955      2024    1347575.99   1304503.18   2652079.17
1955      2529    1252440.10   1226631.98   2479072.08
1955      3034    1177046.50   1110053.25   2287099.75
1955      3539     962370.83    839632.67   1802003.50
1955      4044     996906.48    877460.26   1874366.74
1955      4549     888777.96    810587.60   1699365.56
1955      5054     856982.65    746676.93   1603659.58
1955      5559     661230.57    576440.01   1237670.58
1955      6064     592617.21    476580.84   1069198.05
1955      6569     488147.47    381943.75    870091.22
1955      7074     369417.43    266734.91    636152.34
1955      7579     240629.50    154695.22    395324.72
1955      8084     138290.90     76267.11    214558.01
1955      8589      55325.06     25760.04     81085.10
1955      9094      17417.07      6407.99     23825.06
1955      9599       3919.29      1055.63      4974.92
1955     100104       413.92        80.52       494.44
1955     105109        57.59        14.28        71.87
1955     110            13.97        13.97        27.94
1956       0        280157.50    293275.61    573433.11
1956       14     1058011.13   1104595.83   2162606.96
1956       59     1277946.13   1338798.08   2616744.21
1956      1014    1198283.56   1242255.25   2440538.81
1956      1519    1129425.91   1175130.74   2304556.65
1956      2024    1306487.11   1266766.12   2573253.23
1956      2529    1277765.93   1252779.21   2530545.14
1956      3034    1168306.96   1117894.27   2286201.23
1956      3539    1002698.50    881171.03   1883869.53
1956      4044     970528.07    837895.78   1808423.85
1956      4549     913719.60    840557.21   1754276.81
1956      5054     827991.95    742058.01   1570049.96
1956      5559     723917.30    612464.16   1336381.46
1956      6064     591617.04    483284.34   1074901.38
1956      6569     506280.11    391310.72    897590.83
1956      7074     372744.03    269492.62    642236.65
1956      7579     256644.20    166598.57    423242.77
1956      8084     142563.14     77900.24    220463.38
1956      8589      57587.68     27068.76     84656.44
1956      9094      17751.08      6622.37     24373.45
1956      9599       3993.46      1108.78      5102.24
1956     100104       388.00        83.24       471.24
1956     105109        42.79        15.01        57.80
1956     110            13.86        13.86        27.72
1957       0        285403.60    297882.85    583286.45
1957       14     1078169.22   1127040.68   2205209.90
1957       59     1287563.47   1347919.67   2635483.14
1957      1014    1247529.01   1289568.45   2537097.46
1957      1519    1064507.57   1124218.15   2188725.72
1957      2024    1315298.50   1277739.77   2593038.27
1957      2529    1261635.82   1233721.02   2495356.84
1957      3034    1191715.34   1137904.06   2329619.40
1957      3539    1019908.47    920627.72   1940536.19
1957      4044     962818.97    831911.45   1794730.42
1957      4549     918624.14    841642.30   1760266.44
1957      5054     844614.02    752061.15   1596675.17
1957      5559     726538.45    620331.97   1346870.42
1957      6064     624251.81    506685.37   1130937.18
1957      6569     498656.55    388793.23    887449.78
1957      7074     386911.12    276403.73    663314.85
1957      7579     251663.76    166005.63    417669.39
1957      8084     145922.17     78776.23    224698.40
1957      8589      58129.44     27209.62     85339.06
1957      9094      17566.71      6393.44     23960.15
1957      9599       3930.72      1120.95      5051.67
1957     100104       385.43        86.47       471.90
1957     105109        40.01        16.11        56.12
1957     110            14.52        14.52        29.04
1958       0        303154.28    315906.36    619060.64
1958       14     1087154.84   1132785.24   2219940.08
1958       59     1302218.53   1365276.46   2667494.99
1958      1014    1283395.20   1323423.26   2606818.46
1958      1519    1063359.16   1141165.07   2204524.23
1958      2024    1256592.22   1219954.94   2476547.16
1958      2529    1275906.30   1249986.90   2525893.20
1958      3034    1184404.35   1135254.52   2319658.87
1958      3539    1061030.20    975160.81   2036191.01
1958      4044     946206.55    819503.72   1765710.27
1958      4549     936620.29    843615.63   1780235.92
1958      5054     842400.63    755806.49   1598207.12
1958      5559     755138.11    644507.48   1399645.59
1958      6064     629567.44    512446.82   1142014.26
1958      6569     512776.14    395474.99    908251.13
1958      7074     388214.08    278985.63    667199.71
1958      7579     256483.89    169318.77    425802.66
1958      8084     149840.27     80555.84    230396.11
1958      8589      59145.19     27475.53     86620.72
1958      9094      17295.79      6366.84     23662.63
1958      9599       3856.47      1093.47      4949.94
1958     100104       347.45        87.62       435.07
1958     105109        41.07        12.02        53.09
1958     110            16.08        16.08        32.16
1959       0        306657.94    319956.82    626614.76
1959       14     1114735.96   1158358.84   2273094.80
1959       59     1292291.03   1353602.12   2645893.15
1959      1014    1317888.90   1364205.75   2682094.65
1959      1519    1111442.43   1144636.66   2256079.09
1959      2024    1184219.57   1207250.86   2391470.43
1959      2529    1277463.65   1236794.50   2514258.15
1959      3034    1195962.81   1155353.57   2351316.38
1959      3539    1078498.65   1017011.18   2095509.83
1959      4044     951130.97    821949.18   1773080.15
1959      4549     936924.45    832777.53   1769701.98
1959      5054     854917.01    769850.54   1624767.55
1959      5559     773455.96    664891.66   1438347.62
1959      6064     642870.24    522818.18   1165688.42
1959      6569     510978.22    394884.19    905862.41
1959      7074     408439.73    294217.10    702656.83
1959      7579     257834.99    172644.44    430479.43
1959      8084     154622.82     83904.32    238527.14
1959      8589      61783.80     28562.21     90346.01
1959      9094      17696.98      6532.67     24229.65
1959      9599       3999.17      1179.87      5179.04
1959     100104       349.18        85.15       434.33
1959     105109        31.93         7.21        39.14
1959     110            18.42        18.42        36.84
1960       0        307871.38    323151.53    631022.91
1960       14     1145837.14   1190699.67   2336536.81
1960       59     1305039.32   1362237.74   2667277.06
1960      1014    1317577.34   1375705.41   2693282.75
1960      1519    1199736.68   1226804.77   2426541.45
1960      2024    1098219.01   1135515.78   2233734.79
1960      2529    1284245.33   1239128.23   2523373.56
1960      3034    1181420.78   1143518.25   2324939.03
1960      3539    1121394.82   1066671.86   2188066.68
1960      4044     929825.68    817026.08   1746851.76
1960      4549     953273.14    829987.99   1783261.13
1960      5054     851533.81    775898.15   1627431.96
1960      5559     805730.09    688606.38   1494336.47
1960      6064     636664.80    525218.66   1161883.46
1960      6569     535930.12    406450.06    942380.18
1960      7074     404506.12    296318.24    700824.36
1960      7579     264362.54    177341.87    441704.41
1960      8084     159273.93     87784.77    247058.70
1960      8589      64307.00     29438.39     93745.39
1960      9094      18527.95      6847.40     25375.35
1960      9599       4010.84      1207.69      5218.53
1960     100104       374.00        77.12       451.12
1960     105109        26.42         6.48        32.90
1960     110            15.95        15.95        31.90
1961       0        288129.00    299729.00    587858.00
1961       14     1169117.00   1217673.00   2386790.00
1961       59     1324255.00   1380132.00   2704387.00
1961      1014    1310918.00   1372736.00   2683654.00
1961      1519    1208330.00   1230134.00   2438464.00
1961      2024    1106661.00   1165200.00   2271861.00
1961      2529    1245838.00   1205321.00   2451159.00
1961      3034    1206499.00   1165879.00   2372378.00
1961      3539    1114896.00   1072256.00   2187152.00
1961      4044     963636.00    852047.00   1815683.00
1961      4549     929087.00    812935.00   1742022.00
1961      5054     876200.00    790069.00   1666269.00
1961      5559     783986.00    689674.00   1473660.00
1961      6064     680776.00    548041.00   1228817.00
1961      6569     548626.00    417994.00    966620.00
1961      7074     421175.00    304846.00    726021.00
1961      7579     267983.00    179228.00    447211.00
1961      8084     164468.38     91922.51    256390.89
1961      8589      67012.34     30315.29     97327.63
1961      9094      19244.07      7163.64     26407.71
1961      9599       3980.04      1203.34      5183.38
1961     100104       399.60        78.80       478.40
1961     105109        31.39         8.18        39.57
1961     110            14.17        14.17        28.34
1962       0        307645.23    323890.05    631535.28
1962       14     1180078.51   1228131.74   2408210.25
1962       59     1348848.51   1405440.07   2754288.58
1962      1014    1306910.41   1365542.34   2672452.75
1962      1519    1246808.19   1270914.15   2517722.34
1962      2024    1044752.29   1110102.65   2154854.94
1962      2529    1258988.18   1211266.85   2470255.03
1962      3034    1210554.10   1173636.71   2384190.81
1962      3539    1138111.97   1090236.58   2228348.55
1962      4044     984976.25    896621.70   1881597.95
1962      4549     929055.59    807792.29   1736847.88
1962      5054     883772.00    795809.90   1679581.90
1962      5559     804826.49    703767.57   1508594.06
1962      6064     683193.41    559080.03   1242273.44
1962      6569     577716.26    440838.15   1018554.41
1962      7074     421320.81    306725.17    728045.98
1962      7579     283773.64    186400.92    470174.56
1962      8084     168971.34     95625.04    264596.38
1962      8589      70467.22     31878.60    102345.82
1962      9094      20074.93      7547.88     27622.81
1962      9599       4079.45      1197.16      5276.61
1962     100104       436.72        77.69       514.41
1962     105109        33.21         9.45        42.66
1962     110            17.28        17.28        34.56
1963       0        310902.06    327017.97    637920.03
1963       14     1192852.16   1247126.43   2439978.59
1963       59     1373580.93   1423470.39   2797051.32
1963      1014    1315857.98   1373552.54   2689410.52
1963      1519    1268656.35   1298769.34   2567425.69
1963      2024    1041638.17   1109745.14   2151383.31
1963      2529    1215936.34   1169243.03   2385179.37
1963      3034    1230438.77   1194881.07   2425319.84
1963      3539    1139938.30   1098465.50   2238403.80
1963      4044    1029392.68    952122.97   1981515.65
1963      4549     916028.41    796752.19   1712780.60
1963      5054     904643.82    802245.75   1706889.57
1963      5559     811218.63    715123.01   1526341.64
1963      6064     708006.30    582587.06   1290593.36
1963      6569     581392.79    445464.93   1026857.72
1963      7074     438288.09    315166.69    753454.78
1963      7579     288550.15    190024.78    478574.93
1963      8084     171196.99     97335.68    268532.67
1963      8589      72854.38     33071.14    105925.52
1963      9094      20536.65      7580.70     28117.35
1963      9599       4049.69      1189.89      5239.58
1963     100104       434.33        86.88       521.21
1963     105109        36.10        12.62        48.72
1963     110            15.61        15.61        31.22
1964       0        317558.93    333238.30    650797.23
1964       14     1206526.13   1262239.22   2468765.35
1964       59     1403202.45   1454596.54   2857798.99
1964      1014    1300157.68   1353568.75   2653726.43
1964      1519    1292247.08   1328868.73   2621115.81
1964      2024    1086194.98   1102273.59   2188468.57
1964      2529    1149878.59   1157806.01   2307684.60
1964      3034    1240590.93   1204720.42   2445311.35
1964      3539    1159621.11   1117024.90   2276646.01
1964      4044    1051178.35    995258.89   2046437.24
1964      4549     924253.90    800654.60   1724908.50
1964      5054     910173.84    797970.21   1708144.05
1964      5559     826334.07    729872.40   1556206.47
1964      6064     729474.91    605613.49   1335088.40
1964      6569     586864.37    451616.75   1038481.12
1964      7074     438555.23    315169.72    753724.95
1964      7579     308189.27    201740.04    509929.31
1964      8084     173595.81     99212.34    272808.15
1964      8589      74730.70     34161.29    108891.99
1964      9094      21361.07      7723.70     29084.77
1964      9599       4119.10      1198.70      5317.80
1964     100104       395.36        91.12       486.48
1964     105109        37.78        10.15        47.93
1964     110            16.18        16.18        32.36
1965       0        330217.16    346426.04    676643.20
1965       14     1221019.95   1277292.75   2498312.70
1965       59     1441649.87   1498870.77   2940520.64
1965      1014    1306691.15   1353411.73   2660102.88
1965      1519    1289161.20   1338253.61   2627414.81
1965      2024    1161390.45   1169737.39   2331127.84
1965      2529    1069597.22   1079324.61   2148921.83
1965      3034    1250321.28   1212238.76   2462560.04
1965      3539    1159992.33   1121646.59   2281638.92
1965      4044    1095231.23   1046836.31   2142067.54
1965      4549     911427.87    799332.30   1710760.17
1965      5054     925659.03    799231.23   1724890.26
1965      5559     831978.37    740289.44   1572267.81
1965      6064     764758.45    630202.32   1394960.77
1965      6569     580646.99    455548.88   1036195.87
1965      7074     457818.05    324071.69    781889.74
1965      7579     310216.47    205302.86    515519.33
1965      8084     178613.80    101411.76    280025.56
1965      8589      77591.63     35902.21    113493.84
1965      9094      22310.27      8018.59     30328.86
1965      9599       4311.63      1242.02      5553.65
1965     100104       428.51       102.75       531.26
1965     105109        45.55        10.85        56.40
1965     110            17.04        17.04        34.08
1966       0        321188.36    336123.25    657311.61
1966       14     1252731.17   1312718.31   2565449.48
1966       59     1465851.21   1526338.23   2992189.44
1966      1014    1325339.32   1365603.84   2690943.16
1966      1519    1276592.11   1334480.97   2611073.08
1966      2024    1159535.51   1161546.62   2321082.13
1966      2529    1075133.44   1088136.53   2163269.97
1966      3034    1222205.45   1189683.75   2411889.20
1966      3539    1191983.06   1155579.45   2347562.51
1966      4044    1100581.81   1062126.89   2162708.70
1966      4549     944727.89    833734.28   1778462.17
1966      5054     909760.88    790515.42   1700276.30
1966      5559     855779.46    752407.88   1608187.34
1966      6064     756586.95    639805.96   1396392.91
1966      6569     620345.22    476460.54   1096805.76
1966      7074     466617.44    333694.46    800311.90
1966      7579     326480.12    213058.01    539538.13
1966      8084     183936.54    103998.18    287934.72
1966      8589      80930.23     37970.76    118900.99
1966      9094      23430.47      8501.45     31931.92
1966      9599       4604.37      1312.70      5917.07
1966     100104       434.69       111.71       546.40
1966     105109        51.71        15.73        67.44
1966     110            11.53        11.53        23.06
1967       0        317515.38    333986.81    651502.19
1967       14     1268733.83   1328374.42   2597108.25
1967       59     1495324.31   1560602.16   3055926.47
1967      1014    1351743.93   1392322.64   2744066.57
1967      1519    1281380.51   1335964.00   2617344.51
1967      2024    1196514.58   1202252.90   2398767.48
1967      2529    1011265.38   1029804.35   2041069.73
1967      3034    1231103.37   1189113.62   2420216.99
1967      3539    1195776.56   1162943.63   2358720.19
1967      4044    1123312.69   1079551.71   2202864.40
1967      4549     967250.36    879761.10   1847011.46
1967      5054     907765.29    783986.47   1691751.76
1967      5559     863182.51    757853.46   1621035.97
1967      6064     779144.68    654161.97   1433306.65
1967      6569     624793.81    487205.58   1111999.39
1967      7074     491404.08    351312.80    842716.88
1967      7579     326435.16    214085.42    540520.58
1967      8084     190357.93    107167.00    297524.93
1967      8589      83240.70     39396.14    122636.84
1967      9094      24672.45      8968.72     33641.17
1967      9599       4733.19      1306.73      6039.92
1967     100104       469.94       132.03       601.97
1967     105109        49.43        20.80        70.23
1967     110            16.09        16.09        32.18
1968       0        322809.22    338723.76    661532.98
1968       14     1277118.93   1337297.07   2614416.00
1968       59     1511767.21   1582435.84   3094203.05
1968      1014    1376407.83   1415395.83   2791803.66
1968      1519    1299292.23   1348434.74   2647726.97
1968      2024    1220913.33   1237411.28   2458324.61
1968      2529    1003000.29   1016113.65   2019113.94
1968      3034    1188876.09   1149090.67   2337966.76
1968      3539    1213797.22   1182867.15   2396664.37
1968      4044    1123726.89   1086017.04   2209743.93
1968      4549    1010016.08    933054.12   1943070.20
1968      5054     897747.89    775598.98   1673346.87
1968      5559     879264.08    762643.59   1641907.67
1968      6064     788269.38    665259.67   1453529.05
1968      6569     651418.12    509933.54   1161351.66
1968      7074     494956.60    355258.82    850215.42
1968      7579     340569.61    221360.15    561929.76
1968      8084     197396.92    110827.64    308224.56
1968      8589      85032.33     40544.03    125576.36
1968      9094      25759.68      9516.47     35276.15
1968      9599       4913.66      1346.81      6260.47
1968     100104       473.03       126.70       599.73
1968     105109        53.14        20.06        73.20
1968     110            15.97        15.97        31.94
1969       0        316142.69    332400.02    648542.71
1969       14     1282759.92   1343887.53   2626647.45
1969       59     1531981.78   1602660.92   3134642.70
1969      1014    1407151.91   1453338.54   2860490.45
1969      1519    1293327.41   1335127.21   2628454.62
1969      2024    1245743.08   1269919.12   2515662.20
1969      2529    1043485.99   1036302.87   2079788.86
1969      3034    1121980.31   1098961.39   2220941.70
1969      3539    1220399.76   1191989.40   2412389.16
1969      4044    1143305.76   1103522.05   2246827.81
1969      4549    1034278.36    977686.16   2011964.52
1969      5054     902916.06    776897.94   1679814.00
1969      5559     884934.92    761294.57   1646229.49
1969      6064     801036.76    677282.92   1478319.68
1969      6569     675710.48    531987.11   1207697.59
1969      7074     502530.19    362412.00    864942.19
1969      7579     342231.76    222295.26    564527.02
1969      8084     207791.43    116152.26    323943.69
1969      8589      86539.08     41422.32    127961.40
1969      9094      26505.33      9895.47     36400.80
1969      9599       5119.14      1392.25      6511.39
1969     100104       453.98       126.19       580.17
1969     105109        50.72        16.93        67.65
1969     110            19.04        19.04        38.08
1970       0        314065.10    330989.03    645054.13
1970       14     1267748.60   1328918.15   2596666.75
1970       59     1560554.44   1635083.04   3195637.48
1970      1014    1443365.67   1498563.54   2941929.21
1970      1519    1303962.95   1337418.60   2641381.55
1970      2024    1250411.62   1286649.57   2537061.19
1970      2529    1112225.73   1100429.87   2212655.60
1970      3034    1041353.85   1014255.99   2055609.84
1970      3539    1223156.71   1192957.07   2416113.78
1970      4044    1149243.94   1111400.47   2260644.41
1970      4549    1073804.08   1026859.20   2100663.28
1970      5054     892367.22    775540.20   1667907.42
1970      5559     896353.38    761528.14   1657881.52
1970      6064     807047.72    687840.72   1494888.44
1970      6569     711212.99    551773.03   1262986.02
1970      7074     497867.41    364526.45    862393.86
1970      7579     352383.56    226120.03    578503.59
1970      8084     214649.07    119742.56    334391.63
1970      8589      89227.52     42688.37    131915.89
1970      9094      26984.12     10184.85     37168.97
1970      9599       5214.95      1418.07      6633.02
1970     100104       497.51       127.52       625.03
1970     105109        53.38        24.69        78.07
1970     110            12.48        12.48        24.96
1971       0        315177.00    333324.00    648501.00
1971       14     1251132.00   1315100.00   2566232.00
1971       59     1571532.00   1647858.00   3219390.00
1971      1014    1481827.00   1544510.00   3026337.00
1971      1519    1326947.00   1350725.00   2677672.00
1971      2024    1242029.00   1293717.00   2535746.00
1971      2529    1110307.00   1092082.00   2202389.00
1971      3034    1043393.00   1010717.00   2054110.00
1971      3539    1197997.00   1172196.00   2370193.00
1971      4044    1175959.00   1141288.00   2317247.00
1971      4549    1083566.00   1045334.00   2128900.00
1971      5054     921394.00    807007.00   1728401.00
1971      5559     883604.00    755033.00   1638637.00
1971      6064     824257.00    695296.00   1519553.00
1971      6569     711258.00    565684.00   1276942.00
1971      7074     536791.00    382920.00    919711.00
1971      7579     356588.00    232453.00    589041.00
1971      8084     222456.28    123149.19    345605.47
1971      8589      92207.40     44326.64    136534.04
1971      9094      28038.63     10698.46     38737.09
1971      9599       5424.46      1542.49      6966.95
1971     100104       525.52       120.33       645.85
1971     105109        64.04        31.67        95.71
1971     110            11.20        11.20        22.40
1972       0        320303.07    338134.22    658437.29
1972       14     1250698.32   1317694.24   2568392.56
1972       59     1589815.42   1665766.01   3255581.43
1972      1014    1504383.90   1567192.52   3071576.42
1972      1519    1345852.46   1373796.31   2719648.77
1972      2024    1257022.36   1302306.97   2559329.33
1972      2529    1155313.70   1145823.98   2301137.68
1972      3034     984756.16    966582.53   1951338.69
1972      3539    1207450.56   1169958.80   2377409.36
1972      4044    1181543.40   1149476.02   2331019.42
1972      4549    1107011.79   1062403.31   2169415.10
1972      5054     946456.86    854041.90   1800498.76
1972      5559     881927.90    747852.51   1629780.41
1972      6064     831455.52    700446.95   1531902.47
1972      6569     731456.29    577026.69   1308482.98
1972      7074     542277.83    390757.04    933034.87
1972      7579     376649.72    242861.53    619511.25
1972      8084     224473.62    123590.47    348064.09
1972      8589      94955.42     45076.47    140031.89
1972      9094      28581.02     10764.37     39345.39
1972      9599       5398.29      1517.34      6915.63
1972     100104       516.67       111.64       628.31
1972     105109        63.95        42.20       106.15
1972     110            16.13        16.13        32.26
1973       0        321171.85    339183.59    660355.44
1973       14     1252234.56   1322286.36   2574520.92
1973       59     1605055.29   1680677.50   3285732.79
1973      1014    1518345.82   1581594.84   3099940.66
1973      1519    1363609.77   1395416.99   2759026.76
1973      2024    1276150.41   1314067.12   2590217.53
1973      2529    1191212.63   1195021.84   2386234.47
1973      3034     980411.79    963042.57   1943454.36
1973      3539    1171590.23   1136474.59   2308064.82
1973      4044    1200434.60   1169993.17   2370427.77
1973      4549    1109303.63   1069682.60   2178986.23
1973      5054     988503.87    905402.16   1893906.03
1973      5559     876353.80    741992.90   1618346.70
1973      6064     845542.20    706061.00   1551603.20
1973      6569     740356.96    586562.15   1326919.11
1973      7074     570303.69    411481.13    981784.82
1973      7579     382447.12    246687.01    629134.13
1973      8084     232782.84    127206.06    359988.90
1973      8589      98387.62     46555.19    144942.81
1973      9094      29337.65     11194.95     40532.60
1973      9599       5522.87      1639.78      7162.65
1973     100104       584.22       123.43       707.65
1973     105109        73.37        41.78       115.15
1973     110            18.67        18.67        37.34
1974       0        321774.13    339383.37    661157.50
1974       14     1263666.27   1334295.87   2597962.14
1974       59     1602184.61   1681796.56   3283981.17
1974      1014    1538720.83   1598692.18   3137413.01
1974      1519    1390861.33   1429436.89   2820298.22
1974      2024    1267233.79   1303012.72   2570246.51
1974      2529    1222670.78   1230713.96   2453384.74
1974      3034    1027503.75   1014334.57   2041838.32
1974      3539    1109853.84   1076250.75   2186104.59
1974      4044    1209058.87   1181461.62   2390520.49
1974      4549    1130354.19   1086922.71   2217276.90
1974      5054    1016073.30    951034.24   1967107.54
1974      5559     880739.58    742091.00   1622830.58
1974      6064     852752.19    706548.91   1559301.10
1974      6569     750127.29    596003.84   1346131.13
1974      7074     594422.77    430207.97   1024630.74
1974      7579     391790.54    252828.83    644619.37
1974      8084     234550.35    127644.68    362195.03
1974      8589     104111.10     49032.49    153143.59
1974      9094      29289.31     11446.48     40735.79
1974      9599       5532.51      1682.14      7214.65
1974     100104       613.67       139.94       753.61
1974     105109        70.23        44.22       114.45
1974     110            28.32        28.32        56.64
1975       0        329667.09    347124.00    676791.09
1975       14     1273864.63   1344424.27   2618288.90
1975       59     1588100.71   1669206.51   3257307.22
1975      1014    1569876.07   1635886.10   3205762.17
1975      1519    1436406.08   1489026.66   2925432.74
1975      2024    1288419.41   1298621.38   2587040.79
1975      2529    1243238.94   1279209.22   2522448.16
1975      3034    1101551.24   1102197.33   2203748.57
1975      3539    1044641.11   1015573.75   2060214.86
1975      4044    1214132.38   1190479.45   2404611.83
1975      4549    1140575.95   1103599.11   2244175.06
1975      5054    1053269.04    998362.82   2051631.86
1975      5559     871867.35    740482.64   1612349.99
1975      6064     858414.45    705551.26   1563965.71
1975      6569     753721.82    602639.24   1356361.06
1975      7074     621260.87    443552.33   1064813.20
1975      7579     391609.09    254466.28    646075.37
1975      8084     239042.53    129003.85    368046.38
1975      8589     106987.28     50505.29    157492.57
1975      9094      30594.66     11954.12     42548.78
1975      9599       5499.35      1712.93      7212.28
1975     100104       622.75       150.17       772.92
1975     105109        71.63        42.12       113.75
1975     110            43.25        43.25        86.50
1976       0        318881.43    340393.64    659275.07
1976       14     1286335.21   1358237.14   2644572.35
1976       59     1584841.16   1669303.47   3254144.63
1976      1014    1583733.64   1655924.28   3239657.92
1976      1519    1473230.35   1521839.15   2995069.50
1976      2024    1300689.82   1313323.22   2614013.04
1976      2529    1239474.51   1276049.28   2515523.79
1976      3034    1116253.98   1117901.99   2234155.97
1976      3539    1043789.11   1019640.19   2063429.30
1976      4044    1198955.33   1177305.81   2376261.14
1976      4549    1166025.24   1131448.67   2297473.91
1976      5054    1068736.54   1020922.81   2089659.35
1976      5559     897857.33    769325.26   1667182.59
1976      6064     852142.47    701546.80   1553689.27
1976      6569     769859.45    610745.43   1380604.88
1976      7074     624342.71    454681.57   1079024.28
1976      7579     423598.47    268037.54    691636.01
1976      8084     246210.99    133194.08    379405.07
1976      8589     111932.20     51876.40    163808.60
1976      9094      31623.17     12403.50     44026.67
1976      9599       6051.70      1852.68      7904.38
1976     100104       627.97       156.38       784.35
1976     105109        76.75        30.93       107.68
1976     110            36.93        36.93        73.86
1977       0        323492.02    342954.17    666446.19
1977       14     1285554.88   1361560.91   2647115.79
1977       59     1582182.70   1667795.55   3249978.25
1977      1014    1607214.67   1684860.14   3292074.81
1977      1519    1501965.25   1548331.35   3050296.60
1977      2024    1318700.17   1337419.64   2656119.81
1977      2529    1250806.39   1279555.04   2530361.43
1977      3034    1158120.92   1163932.73   2322053.65
1977      3539     990331.51    981444.21   1971775.72
1977      4044    1204589.60   1172777.21   2377366.81
1977      4549    1174652.13   1142688.34   2317340.47
1977      5054    1091086.50   1038982.78   2130069.28
1977      5559     923786.02    814504.43   1738290.45
1977      6064     851676.54    696042.81   1547719.35
1977      6569     780109.39    618582.49   1398691.88
1977      7074     642973.69    465035.48   1108009.17
1977      7579     433043.11    276798.29    709841.40
1977      8084     260066.57    140833.56    400900.13
1977      8589     113504.47     52529.06    166033.53
1977      9094      32833.01     12898.88     45731.89
1977      9599       6243.88      1963.39      8207.27
1977     100104       655.81       169.26       825.07
1977     105109        69.29        19.49        88.78
1977     110            22.71        22.71        45.42
1978       0        312922.76    333078.41    646001.17
1978       14     1285929.31   1364283.45   2650212.76
1978       59     1583872.34   1673116.48   3256988.82
1978      1014    1623635.11   1701666.49   3325301.60
1978      1519    1520091.93   1566313.18   3086405.11
1978      2024    1340862.16   1366200.77   2707062.93
1978      2529    1258289.40   1278722.60   2537012.00
1978      3034    1196278.28   1208116.56   2404394.84
1978      3539     985695.95    981711.09   1967407.04
1978      4044    1171907.08   1140746.53   2312653.61
1978      4549    1193008.49   1162870.95   2355879.44
1978      5054    1097011.80   1049887.72   2146899.52
1978      5559     963166.91    863570.58   1826737.49
1978      6064     846765.14    689576.77   1536341.91
1978      6569     795077.94    625537.36   1420615.30
1978      7074     654343.68    475129.14   1129472.82
1978      7579     457441.58    292920.73    750362.31
1978      8084     265181.57    144299.71    409481.28
1978      8589     119108.86     54524.06    173632.92
1978      9094      34281.09     13375.16     47656.25
1978      9599       6473.47      2076.65      8550.12
1978     100104       701.45       177.80       879.25
1978     105109        63.76        15.97        79.73
1978     110            10.68        10.68        21.36
1979       0        302852.15    324032.27    626884.42
1979       14     1276487.02   1355971.84   2632458.86
1979       59     1591212.64   1683827.60   3275040.24
1979      1014    1621192.94   1702025.78   3323218.72
1979      1519    1544865.01   1589247.74   3134112.75
1979      2024    1373545.95   1404631.11   2778177.06
1979      2529    1245181.84   1264719.69   2509901.53
1979      3034    1223419.99   1234256.28   2457676.27
1979      3539    1033388.00   1034915.89   2068303.89
1979      4044    1111260.47   1081611.51   2192871.98
1979      4549    1203413.20   1175817.63   2379230.83
1979      5054    1116704.39   1066565.62   2183270.01
1979      5559     993460.24    910759.64   1904219.88
1979      6064     849691.33    688972.71   1538664.04
1979      6569     803731.50    627240.57   1430972.07
1979      7074     667369.01    485972.46   1153341.47
1979      7579     480709.20    309897.50    790606.70
1979      8084     273068.22    148777.00    421845.22
1979      8589     122185.66     55721.54    177907.20
1979      9094      37046.91     14427.41     51474.32
1979      9599       6636.19      2176.97      8813.16
1979     100104       683.96       154.21       838.17
1979     105109        64.04        15.68        79.72
1979     110            15.50        15.50        31.00
1980       0        287915.06    306160.95    594076.01
1980       14     1251320.32   1330541.80   2581862.12
1980       59     1599980.71   1697244.19   3297224.90
1980      1014    1610233.97   1694487.58   3304721.55
1980      1519    1576005.05   1627227.33   3203232.38
1980      2024    1412573.85   1444177.03   2856750.88
1980      2529    1245341.24   1262769.66   2508110.90
1980      3034    1233236.15   1241701.60   2474937.75
1980      3539    1094662.00   1100573.11   2195235.11
1980      4044    1049635.17   1023134.45   2072769.62
1980      4549    1206086.80   1177677.51   2383764.31
1980      5054    1128693.94   1079927.97   2208621.91
1980      5559    1029762.01    956075.57   1985837.58
1980      6064     850111.81    692880.58   1542992.39
1980      6569     813533.81    631264.92   1444798.73
1980      7074     681646.87    498231.89   1179878.76
1980      7579     504429.25    323674.88    828104.13
1980      8084     278866.79    153157.89    432024.68
1980      8589     127786.53     58142.85    185929.38
1980      9094      39349.28     15335.29     54684.57
1980      9599       7195.66      2403.12      9598.78
1980     100104       751.18       177.33       928.51
1980     105109        61.54         8.37        69.91
1980     110             5.78         5.78        11.56
1981       0        281927.97    299824.86    581752.83
1981       14     1213295.45   1289281.56   2502577.01
1981       59     1603754.46   1703656.43   3307410.89
1981      1014    1607118.15   1695135.88   3302254.03
1981      1519    1594681.62   1660233.42   3254915.04
1981      2024    1454589.24   1475586.59   2930175.83
1981      2529    1256459.33   1276314.76   2532774.09
1981      3034    1226147.59   1232873.32   2459020.91
1981      3539    1116585.43   1123676.52   2240261.95
1981      4044    1038956.57   1017421.01   2056377.58
1981      4549    1195678.06   1168953.65   2364631.71
1981      5054    1151851.59   1104777.16   2256628.75
1981      5559    1049869.45    981342.69   2031212.14
1981      6064     870291.22    717943.74   1588234.96
1981      6569     813448.55    631955.09   1445403.64
1981      7074     699606.98    509055.63   1208662.61
1981      7579     514660.74    334101.80    848762.54
1981      8084     303282.05    164106.89    467388.94
1981      8589     134040.99     61132.08    195173.07
1981      9094      42209.20     16241.40     58450.60
1981      9599       7627.17      2589.50     10216.67
1981     100104       839.28       197.82      1037.10
1981     105109        68.91         9.63        78.54
1981     110             6.72         6.72        13.44
1982       0        257743.51    278756.12    536499.63
1982       14     1180271.00   1251633.85   2431904.85
1982       59     1604682.17   1702731.66   3307413.83
1982      1014    1594385.11   1680963.45   3275348.56
1982      1519    1615256.15   1690329.82   3305585.97
1982      2024    1489549.97   1512406.38   3001956.35
1982      2529    1281754.31   1300631.43   2582385.74
1982      3034    1233686.36   1243580.13   2477266.49
1982      3539    1153982.47   1157168.86   2311151.33
1982      4044     989442.01    980847.69   1970289.70
1982      4549    1195445.17   1159871.96   2355317.13
1982      5054    1162705.80   1117966.58   2280672.38
1982      5559    1071419.09    999414.16   2070833.25
1982      6064     896741.21    761142.59   1657883.80
1982      6569     812548.18    627067.19   1439615.37
1982      7074     712095.06    518595.58   1230690.64
1982      7579     532262.61    343882.99    876145.60
1982      8084     314841.26    172278.50    487119.76
1982      8589     142556.57     65639.56    208196.13
1982      9094      43744.47     16614.06     60358.53
1982      9599       8133.01      2697.88     10830.89
1982     100104       876.98       216.52      1093.50
1982     105109        75.68        10.09        85.77
1982     110             7.60         7.60        15.20
1983       0        245310.11    265758.83    511068.94
1983       14     1129452.69   1201440.00   2330892.69
1983       59     1594996.75   1690077.37   3285074.12
1983      1014    1593538.95   1683032.53   3276571.48
1983      1519    1624220.37   1698761.33   3322981.70
1983      2024    1507906.18   1536447.07   3044353.25
1983      2529    1315240.99   1335141.57   2650382.56
1983      3034    1235062.87   1246154.08   2481216.95
1983      3539    1192310.29   1194464.97   2386775.26
1983      4044     982860.51    978722.30   1961582.81
1983      4549    1163049.19   1126657.88   2289707.07
1983      5054    1179360.42   1135874.40   2315234.82
1983      5559    1080231.48   1011924.25   2092155.73
1983      6064     934464.92    808454.41   1742919.33
1983      6569     807345.61    620979.64   1428325.25
1983      7074     726627.08    526332.61   1252959.69
1983      7579     547323.33    355101.98    902425.31
1983      8084     336833.31    184815.73    521649.04
1983      8589     148517.57     68397.71    216915.28
1983      9094      46892.86     17806.06     64698.92
1983      9599       8789.09      2869.16     11658.25
1983     100104       946.69       233.96      1180.65
1983     105109        82.24        11.32        93.56
1983     110             8.52         8.52        17.04
1984       0        232218.77    249056.92    481275.69
1984       14     1074898.14   1146027.01   2220925.15
1984       59     1579293.74   1671640.53   3250934.27
1984      1014    1598830.53   1690123.87   3288954.40
1984      1519    1616310.10   1691302.91   3307613.01
1984      2024    1529008.22   1562232.29   3091240.51
1984      2529    1355327.47   1375902.65   2731230.12
1984      3034    1226191.31   1241822.43   2468013.74
1984      3539    1215931.35   1215374.80   2431306.15
1984      4044    1028808.12   1027603.20   2056411.32
1984      4549    1101240.42   1065905.75   2167146.17
1984      5054    1189417.54   1147405.08   2336822.62
1984      5559    1097999.84   1026791.51   2124791.35
1984      6064     967139.68    855241.29   1822380.97
1984      6569     808313.37    620432.01   1428745.38
1984      7074     734934.47    528785.44   1263719.91
1984      7579     561027.93    365365.46    926393.39
1984      8084     355396.21    196048.56    551444.77
1984      8589     153950.22     70957.00    224907.22
1984      9094      48376.66     18445.54     66822.20
1984      9599       9451.91      3063.41     12515.32
1984     100104      1030.27       258.37      1288.64
1984     105109        93.95        12.90       106.85
1984     110            10.07        10.07        20.14
1985       0        225937.90    243707.22    469645.12
1985       14     1018907.51   1088384.19   2107291.70
1985       59     1547794.57   1634932.22   3182726.79
1985      1014    1607253.43   1698996.91   3306250.34
1985      1519    1602668.83   1679947.29   3282616.12
1985      2024    1552438.73   1594579.87   3147018.60
1985      2529    1397850.06   1418576.08   2816426.14
1985      3034    1232375.48   1246646.16   2479021.64
1985      3539    1225201.02   1223639.37   2448840.39
1985      4044    1086654.22   1086984.04   2173638.26
1985      4549    1040255.98   1006933.32   2047189.30
1985      5054    1189348.92   1146826.30   2336175.22
1985      5559    1109924.68   1039443.03   2149367.71
1985      6064    1003015.93    897765.53   1900781.46
1985      6569     810687.78    625953.89   1436641.67
1985      7074     743444.13    532391.16   1275835.29
1985      7579     575592.41    376409.32    952001.73
1985      8084     376582.62    205951.18    582533.80
1985      8589     158611.79     73902.89    232514.68
1985      9094      51199.53     19230.85     70430.38
1985      9599      10299.28      3359.29     13658.57
1985     100104      1148.87       278.11      1426.98
1985     105109       106.91        14.35       121.26
1985     110            11.74        11.74        23.48
1986       0        218394.15    233696.63    452090.78
1986       14      966304.40   1034137.60   2000442.00
1986       59     1505302.34   1589251.16   3094553.50
1986      1014    1616389.77   1705943.47   3322333.24
1986      1519    1597522.69   1676716.58   3274239.27
1986      2024    1564284.92   1617263.27   3181548.19
1986      2529    1437709.19   1454733.33   2892442.52
1986      3034    1252006.12   1265485.72   2517491.84
1986      3539    1217627.72   1218743.40   2436371.12
1986      4044    1109788.57   1108832.16   2218620.73
1986      4549    1026026.83    995987.74   2022014.57
1986      5054    1178281.18   1135826.40   2314107.58
1986      5559    1131107.66   1061336.67   2192444.33
1986      6064    1024599.73    922867.67   1947467.40
1986      6569     829886.88    649097.98   1478984.86
1986      7074     743411.16    532320.89   1275732.05
1986      7579     591147.32    384599.03    975746.35
1986      8084     385739.59    213567.88    599307.47
1986      8589     174502.05     79999.89    254501.94
1986      9094      53357.99     20031.08     73389.07
1986      9599      11080.20      3536.40     14616.60
1986     100104      1232.31       278.60      1510.91
1986     105109       118.71        14.08       132.79
1986     110            13.35        13.35        26.70
1987       0        209837.12    224384.57    434221.69
1987       14      927061.28    989172.88   1916234.16
1987       59     1444393.34   1526245.43   2970638.77
1987      1014    1620910.83   1707214.48   3328125.31
1987      1519    1593309.78   1673433.79   3266743.57
1987      2024    1580818.64   1639927.75   3220746.39
1987      2529    1468252.39   1488219.53   2956471.92
1987      3034    1277707.15   1289125.25   2566832.40
1987      3539    1225848.64   1230395.77   2456244.41
1987      4044    1146585.55   1141405.18   2287990.73
1987      4549     978414.88    959527.06   1937941.94
1987      5054    1176187.09   1126112.32   2302299.41
1987      5559    1141505.21   1073154.13   2214659.34
1987      6064    1045706.75    940699.17   1986405.92
1987      6569     858157.57    689844.66   1548002.23
1987      7074     743100.74    529773.50   1272874.24
1987      7579     603585.02    393277.41    996862.43
1987      8084     400930.53    221776.43    622706.96
1987      8589     183239.26     85249.50    268488.76
1987      9094      57306.57     21771.56     79078.13
1987      9599      11377.47      3592.06     14969.53
1987     100104      1374.38       325.86      1700.24
1987     105109       132.88        17.17       150.05
1987     110            15.40        15.40        30.80
1988       0        203748.56    218388.99    422137.55
1988       14      889108.29    945384.69   1834492.98
1988       59     1382847.43   1461978.90   2844826.33
1988      1014    1612105.66   1694780.23   3306885.89
1988      1519    1595288.04   1678571.35   3273859.39
1988      2024    1594366.69   1654191.10   3248557.79
1988      2529    1482142.00   1506191.85   2988333.85
1988      3034    1309559.30   1320248.25   2629807.55
1988      3539    1228107.77   1233855.13   2461962.90
1988      4044    1184367.11   1177858.67   2362225.78
1988      4549     972268.11    957635.53   1929903.64
1988      5054    1143893.00   1093494.80   2237387.80
1988      5559    1157475.99   1089913.30   2247389.29
1988      6064    1054345.72    952200.84   2006546.56
1988      6569     895681.72    733725.72   1629407.44
1988      7074     740763.72    526690.86   1267454.58
1988      7579     618751.71    401218.19   1019969.90
1988      8084     412643.30    230144.09    642787.39
1988      8589     198445.31     92716.73    291162.04
1988      9094      59984.57     22951.71     82936.28
1988      9599      12107.86      3819.06     15926.92
1988     100104      1498.42       354.99      1853.41
1988     105109       148.90        18.98       167.88
1988     110            17.74        17.74        35.48
1989       0        199559.27    213166.15    412725.42
1989       14      856401.44    909630.17   1766031.61
1989       59     1315812.65   1389190.65   2705003.30
1989      1014    1596606.79   1677585.33   3274192.12
1989      1519    1604637.59   1687332.28   3291969.87
1989      2024    1592619.84   1653092.42   3245712.26
1989      2529    1498929.29   1527638.76   3026568.05
1989      3034    1345986.14   1356406.28   2702392.42
1989      3539    1221747.26   1229695.21   2451442.47
1989      4044    1207179.87   1198549.46   2405729.33
1989      4549    1017856.61   1006102.61   2023959.22
1989      5054    1083224.85   1033680.59   2116905.44
1989      5559    1167230.32   1099956.77   2267187.09
1989      6064    1070185.00    966517.11   2036702.11
1989      6569     929202.10    777010.55   1706212.65
1989      7074     744171.99    528074.19   1272246.18
1989      7579     629101.10    405504.03   1034605.13
1989      8084     426840.19    239490.21    666330.40
1989      8589     211596.21     99346.56    310942.77
1989      9094      62894.22     24354.00     87248.22
1989      9599      12541.66      3845.54     16387.20
1989     100104      1609.43       395.39      2004.82
1989     105109       164.18        21.72       185.90
1989     110            20.13        20.13        40.26
1990       0        194826.94    207679.00    402505.94
1990       14      822161.83    870878.05   1693039.88
1990       59     1254550.87   1324504.22   2579055.09
1990      1014    1564923.44   1642496.03   3207419.47
1990      1519    1617068.46   1697788.10   3314856.56
1990      2024    1585131.99   1647851.12   3232983.11
1990      2529    1519301.63   1552203.35   3071504.98
1990      3034    1385213.60   1396649.46   2781863.06
1990      3539    1227539.46   1233964.88   2461504.34
1990      4044    1216304.31   1207429.00   2423733.31
1990      4549    1076054.76   1064640.31   2140695.07
1990      5054    1023447.15    976001.96   1999449.11
1990      5559    1165653.63   1098426.85   2264080.48
1990      6064    1081996.53    978594.39   2060590.92
1990      6569     964536.23    816007.41   1780543.64
1990      7074     749423.62    535415.89   1284839.51
1990      7579     638453.41    409615.16   1048068.57
1990      8084     439687.63    248645.34    688332.97
1990      8589     225179.62    104426.18    329605.80
1990      9094      64939.79     25638.89     90578.68
1990      9599      13242.53      4074.85     17317.38
1990     100104      1707.62       442.85      2150.47
1990     105109       176.59        24.29       200.88
1990     110            22.21        22.21        44.42
1991       0        190303.43    201554.94    391858.37
1991       14      793716.23    837870.83   1631587.06
1991       59     1196633.02   1260265.98   2456899.00
1991      1014    1514418.10   1589884.08   3104302.18
1991      1519    1629282.90   1706719.13   3336002.03
1991      2024    1585603.08   1650392.76   3235995.84
1991      2529    1531632.04   1568594.18   3100226.22
1991      3034    1419869.91   1431695.48   2851565.39
1991      3539    1247761.02   1252385.53   2500146.55
1991      4044    1207565.39   1200953.00   2408518.39
1991      4549    1100283.05   1087287.74   2187570.79
1991      5054    1009125.86    965171.39   1974297.25
1991      5559    1155077.73   1088121.48   2243199.21
1991      6064    1101771.39    998581.28   2100352.67
1991      6569     986492.84    840548.39   1827041.23
1991      7074     770247.38    557249.14   1327496.52
1991      7579     641236.36    410699.11   1051935.47
1991      8084     455070.03    256304.23    711374.26
1991      8589     233049.59    109151.88    342201.47
1991      9094      73180.05     28081.89    101261.94
1991      9599      13778.99      4283.08     18062.07
1991     100104      1755.40       427.21      2182.61
1991     105109       185.96        24.20       210.16
1991     110            23.85        23.85        47.70
1992       0        190084.91    202948.60    393033.51
1992       14      778644.10    822384.20   1601028.30
1992       59     1146051.28   1205880.54   2351931.82
1992      1014    1457986.75   1531947.19   2989933.94
1992      1519    1640040.25   1715913.89   3355954.14
1992      2024    1596846.73   1665874.10   3262720.83
1992      2529    1558400.83   1599310.23   3157711.06
1992      3034    1455400.85   1469228.57   2924629.42
1992      3539    1277009.98   1279528.14   2556538.12
1992      4044    1219705.75   1216275.26   2435981.01
1992      4549    1138920.21   1122201.48   2261121.69
1992      5054     966633.71    933674.86   1900308.57
1992      5559    1154078.49   1081655.02   2235733.51
1992      6064    1113026.77   1011138.87   2124165.64
1992      6569    1006120.83    857717.52   1863838.35
1992      7074     798284.20    593339.49   1391623.69
1992      7579     643226.63    410667.79   1053894.42
1992      8084     464859.35    262455.40    727314.75
1992      8589     243758.53    113924.43    357682.96
1992      9094      77464.26     30150.50    107614.76
1992      9599      14755.57      4594.56     19350.13
1992     100104      1797.88       409.13      2207.01
1992     105109       198.04        23.51       221.55
1992     110            25.72        25.72        51.44
1993       0        191306.73    203605.98    394912.71
1993       14      770944.06    816575.44   1587519.50
1993       59     1100174.03   1157956.53   2258130.56
1993      1014    1402947.76   1474504.96   2877452.72
1993      1519    1637102.56   1713051.46   3350154.02
1993      2024    1607669.64   1681291.04   3288960.68
1993      2529    1589614.55   1633759.05   3223373.60
1993      3034    1479037.30   1494674.68   2973711.98
1993      3539    1314203.90   1315396.43   2629600.33
1993      4044    1228312.48   1226510.37   2454822.85
1993      4549    1179377.88   1161930.80   2341308.68
1993      5054     963361.26    935672.28   1899033.54
1993      5559    1125565.03   1054539.51   2180104.54
1993      6064    1130886.99   1029124.80   2160011.79
1993      6569    1014578.69    869053.67   1883632.36
1993      7074     834062.19    632033.15   1466095.34
1993      7579     645032.82    410598.93   1055631.75
1993      8084     478503.93    269504.10    748008.03
1993      8589     253176.30    119279.09    372455.39
1993      9094      85113.31     33273.73    118387.04
1993      9599      15392.57      4868.71     20261.28
1993     100104      1901.97       422.01      2323.98
1993     105109       214.30        23.66       237.96
1993     110            28.01        28.01        56.02
1994       0        185781.25    198396.30    384177.55
1994       14      769714.52    816335.96   1586050.48
1994       59     1061426.26   1118900.84   2180327.10
1994      1014    1339962.62   1407992.99   2747955.61
1994      1519    1627403.26   1705630.86   3333034.12
1994      2024    1624123.84   1698661.30   3322785.14
1994      2529    1604651.09   1651461.40   3256112.49
1994      3034    1507946.61   1527470.20   3035416.81
1994      3539    1356470.62   1357357.67   2713828.29
1994      4044    1227843.31   1227545.20   2455388.51
1994      4549    1206679.10   1188372.44   2395051.54
1994      5054    1011728.83    987113.66   1998842.49
1994      5559    1069485.16   1001295.41   2070780.57
1994      6064    1143156.26   1042662.97   2185819.23
1994      6569    1029610.83    883356.92   1912967.75
1994      7074     866281.53    670013.81   1536295.34
1994      7579     650246.53    413392.74   1063639.27
1994      8084     487749.10    272767.79    760516.89
1994      8589     263578.19    125413.21    388991.40
1994      9094      91487.21     35952.56    127439.77
1994      9599      16345.22      5205.00     21550.22
1994     100104      2040.71       447.84      2488.55
1994     105109       234.32        25.48       259.80
1994     110            30.70        30.70        61.40
1995       0        178551.08    190156.46    368707.54
1995       14      763536.96    810949.25   1574486.21
1995       59     1029336.75   1086271.40   2115608.15
1995      1014    1280836.30   1347631.13   2628467.43
1995      1519    1600823.92   1679340.24   3280164.16
1995      2024    1643375.93   1718623.13   3361999.06
1995      2529    1609013.24   1660439.98   3269453.22
1995      3034    1542768.50   1564537.08   3107305.58
1995      3539    1405015.94   1407469.46   2812485.40
1995      4044    1238226.88   1237667.34   2475894.22
1995      4549    1220210.79   1202282.85   2422493.64
1995      5054    1074057.44   1050184.50   2124241.94
1995      5559    1013016.99    948762.50   1961779.49
1995      6064    1144764.67   1046116.73   2190881.40
1995      6569    1043343.15    897516.17   1940859.32
1995      7074     900649.34    705652.91   1606302.25
1995      7579     656235.29    420400.34   1076635.63
1995      8084     497822.65    277045.06    774867.71
1995      8589     274005.63    131483.34    405488.97
1995      9094      98415.62     38058.18    136473.80
1995      9599      17127.79      5453.89     22581.68
1995     100104      2170.19       472.94      2643.13
1995     105109       253.51        26.76       280.27
1995     110            33.55        33.55        67.10
1996       0        175638.26    186672.07    362310.33
1996       14      751041.74    798651.58   1549693.32
1996       59     1008087.82   1064143.81   2072231.63
1996      1014    1223085.93   1287943.38   2511029.31
1996      1519    1557352.67   1634712.70   3192065.37
1996      2024    1662189.43   1738441.96   3400631.39
1996      2529    1617849.05   1674568.81   3292417.86
1996      3034    1569833.00   1594779.22   3164612.22
1996      3539    1451070.11   1453968.39   2905038.50
1996      4044    1266476.59   1264649.76   2531126.35
1996      4549    1216400.09   1201069.11   2417469.20
1996      5054    1098189.87   1073529.40   2171719.27
1996      5559    1004498.77    944574.71   1949073.48
1996      6064    1138960.66   1042718.55   2181679.21
1996      6569    1064297.15    918349.55   1982646.70
1996      7074     921444.32    728555.89   1650000.21
1996      7579     676796.45    439579.98   1116376.43
1996      8084     501947.44    278938.18    780885.62
1996      8589     286530.03    136502.23    423032.26
1996      9094     103437.59     40292.88    143730.47
1996      9599      19646.05      6290.89     25936.94
1996     100104      2267.64       522.18      2789.82
1996     105109       275.03        29.84       304.87
1996     110            37.05        37.05        74.10
1997       0        175480.00    185776.17    361256.17
1997       14      736272.52    781773.43   1518045.95
1997       59      994385.58   1051813.11   2046198.69
1997      1014    1169878.78   1231557.53   2401436.31
1997      1519    1501204.65   1577303.18   3078507.83
1997      2024    1675591.98   1752718.87   3428310.85
1997      2529    1629641.08   1691630.86   3321271.94
1997      3034    1599502.17   1628742.67   3228244.84
1997      3539    1488945.88   1492130.26   2981076.14
1997      4044    1297819.04   1294699.40   2592518.44
1997      4549    1228291.86   1215440.66   2443732.52
1997      5054    1139910.12   1111057.66   2250967.78
1997      5559     965607.43    916532.45   1882139.88
1997      6064    1138285.26   1038363.12   2176648.38
1997      6569    1078996.96    934272.37   2013269.33
1997      7074     941887.04    745618.35   1687505.39
1997      7579     702933.26    469543.00   1172476.26
1997      8084     506200.78    279899.85    786100.63
1997      8589     295141.35    140874.40    436015.75
1997      9094     108968.53     42353.43    151321.96
1997      9599      21126.26      6915.50     28041.76
1997     100104      2331.79       571.50      2903.29
1997     105109       289.51        32.09       321.60
1997     110            39.56        39.56        79.12
1998       0        178506.95    189260.61    367767.56
1998       14      720413.12    763592.85   1484005.97
1998       59      985074.71   1042971.03   2028045.74
1998      1014    1124450.57   1184664.01   2309114.58
1998      1519    1441501.49   1513752.24   2955253.73
1998      2024    1676237.15   1755008.38   3431245.53
1998      2529    1640551.38   1707842.83   3348394.21
1998      3034    1628417.84   1661514.38   3289932.22
1998      3539    1515795.94   1521176.55   3036972.49
1998      4044    1337221.87   1331773.30   2668995.17
1998      4549    1241155.10   1230426.71   2471581.81
1998      5054    1180753.15   1149795.15   2330548.30
1998      5559     959991.08    916570.85   1876561.93
1998      6064    1110819.24   1013337.90   2124157.14
1998      6569    1098362.96    954543.47   2052906.43
1998      7074     952276.19    757903.31   1710179.50
1998      7579     736843.52    502201.14   1239044.66
1998      8084     509444.67    280979.60    790424.27
1998      8589     305623.92    145216.60    450840.52
1998      9094     113994.30     44376.09    158370.39
1998      9599      23439.31      7608.73     31048.04
1998     100104      2529.88       581.77      3111.65
1998     105109       315.96        33.05       349.01
1998     110            43.58        43.58        87.16
1999       0        176299.97    188583.93    364883.90
1999       14      712789.42    753902.37   1466691.79
1999       59      975308.20   1032737.18   2008045.38
1999      1014    1086855.59   1146740.55   2233596.14
1999      1519    1374816.61   1443411.84   2818228.45
1999      2024    1668635.35   1748941.10   3417576.45
1999      2529    1655057.44   1725740.45   3380797.89
1999      3034    1643820.23   1680633.98   3324454.21
1999      3539    1546686.77   1556279.79   3102966.56
1999      4044    1381314.73   1374708.99   2756023.72
1999      4549    1240859.30   1231543.70   2472403.00
1999      5054    1211164.49   1179759.01   2390923.50
1999      5559    1008223.47    966428.22   1974651.69
1999      6064    1056710.31    962787.75   2019498.06
1999      6569    1111941.23    970322.51   2082263.74
1999      7074     968871.47    773182.91   1742054.38
1999      7579     767204.20    533302.87   1300507.07
1999      8084     514838.84    282906.94    797745.78
1999      8589     312903.91    147240.10    460144.01
1999      9094     118812.19     47012.21    165824.40
1999      9599      25026.21      8066.56     33092.77
1999     100104      2712.43       609.52      3321.95
1999     105109       343.08        35.46       378.54
1999     110            47.82        47.82        95.64
2000       0        184221.80    195173.88    379395.68
2000       14      711668.98    752475.71   1464144.69
2000       59      959144.54   1014910.49   1974055.03
2000      1014    1057126.76   1116612.73   2173739.49
2000      1519    1311514.79   1378494.53   2690009.32
2000      2024    1642101.29   1722344.32   3364445.61
2000      2529    1675111.41   1748102.44   3423213.85
2000      3034    1645362.62   1688173.71   3333536.33
2000      3539    1583200.60   1595168.99   3178369.59
2000      4044    1433253.88   1427743.76   2860997.64
2000      4549    1251644.33   1242899.07   2494543.40
2000      5054    1225815.41   1194078.85   2419894.26
2000      5559    1071895.20   1029694.75   2101589.95
2000      6064    1000488.46    911250.62   1911739.08
2000      6569    1115410.91    974655.77   2090066.68
2000      7074     984854.29    789225.06   1774079.35
2000      7579     801069.90    563482.08   1364551.98
2000      8084     517778.49    286455.58    804234.07
2000      8589     318838.31    148268.75    467107.06
2000      9094     122696.63     48735.34    171431.97
2000      9599      26231.62      8328.18     34559.80
2000     100104      2758.75       678.26      3437.01
2000     105109       356.23        39.25       395.48
2000     110            50.17        50.17       100.34
2001       0        191779.83    204623.71    396403.54
2001       14      721298.89    761004.15   1482303.04
2001       59      941570.25    995493.33   1937063.58
2001      1014    1035632.70   1094052.57   2129685.27
2001      1519    1249642.45   1315542.66   2565185.11
2001      2024    1600943.34   1677777.29   3278720.63
2001      2529    1695876.76   1771357.92   3467234.68
2001      3034    1651520.64   1701822.02   3353342.66
2001      3539    1610325.92   1625878.34   3236204.26
2001      4044    1482541.02   1477276.84   2959817.86
2001      4549    1283576.07   1273338.86   2556914.93
2001      5054    1223043.07   1194153.66   2417196.73
2001      5559    1092959.20   1049379.52   2142338.72
2001      6064     994978.32    910542.57   1905520.89
2001      6569    1111992.71    975181.68   2087174.39
2001      7074    1006796.60    809765.96   1816562.56
2001      7579     821778.60    584662.67   1406441.27
2001      8084     537089.03    301954.44    839043.47
2001      8589     323300.53    150499.43    473799.96
2001      9094     129066.03     50785.23    179851.26
2001      9599      28054.59      8917.88     36972.47
2001     100104      3207.26       774.73      3981.99
2001     105109       390.42        43.83       434.25
2001     110            55.40        55.40       110.80
2002       0        199512.11    209772.73    409284.84
2002       14      738905.53    779997.75   1518903.28
2002       59      925170.39    975564.84   1900735.23
2002      1014    1019768.24   1078186.33   2097954.57
2002      1519    1192612.11   1255202.33   2447814.44
2002      2024    1542438.62   1617782.81   3160221.43
2002      2529    1709842.39   1787727.97   3497570.36
2002      3034    1661351.77   1717364.84   3378716.61
2002      3539    1639338.59   1659997.83   3299336.42
2002      4044    1520151.34   1514900.71   3035052.05
2002      4549    1315447.98   1304602.11   2620050.09
2002      5054    1233164.11   1206178.00   2439342.11
2002      5559    1136854.72   1088216.44   2225071.16
2002      6064     958892.19    885688.68   1844580.87
2002      6569    1111102.08    971893.17   2082995.25
2002      7074    1024503.02    828949.72   1853452.74
2002      7579     843085.29    601666.74   1444752.03
2002      8084     561275.78    324835.97    886111.75
2002      8589     328162.93    152048.98    480211.91
2002      9094     133756.35     52800.40    186556.75
2002      9599      29819.53      9566.43     39385.96
2002     100104      3494.50       857.50      4352.00
2002     105109       394.93        46.85       441.78
2002     110            21.14        21.14        42.28
