  4.6402000e-002  2.3360000e-003  5.5900000e-004  4.8000000e-004  9.0500000e-004  1.3620000e-003  1.6210000e-003  2.0330000e-003  2.8240000e-003  4.0990000e-003  6.3310000e-003  9.6280000e-003  1.3385000e-002  1.9796000e-002  3.0869000e-002  5.0492000e-002  8.3214000e-002  1.3404300e-001
  4.2575000e-002  1.9370000e-003  5.2600000e-004  4.5800000e-004  8.6200000e-004  1.2840000e-003  1.6010000e-003  2.0200000e-003  2.8150000e-003  4.1320000e-003  6.5050000e-003  9.9550000e-003  1.4112000e-002  2.0486000e-002  3.2409000e-002  5.3717000e-002  9.1246000e-002  1.4734100e-001
  4.1904000e-002  1.8250000e-003  4.6500000e-004  4.2000000e-004  8.3100000e-004  1.1780000e-003  1.5040000e-003  1.9420000e-003  2.6970000e-003  3.9250000e-003  6.2400000e-003  9.4560000e-003  1.3391000e-002  1.9521000e-002  2.9974000e-002  4.8527000e-002  8.1546000e-002  1.3052200e-001
  3.9310000e-002  1.8070000e-003  4.3300000e-004  3.9900000e-004  8.0600000e-004  1.2070000e-003  1.4870000e-003  1.8810000e-003  2.5520000e-003  3.8480000e-003  6.0710000e-003  9.3070000e-003  1.3452000e-002  1.9326000e-002  2.9985000e-002  4.8455000e-002  8.2399000e-002  1.3286500e-001
  3.6803000e-002  1.5480000e-003  4.4600000e-004  3.7300000e-004  7.9800000e-004  1.0780000e-003  1.4180000e-003  1.8960000e-003  2.5920000e-003  3.9710000e-003  6.1320000e-003  9.5100000e-003  1.3812000e-002  1.9731000e-002  3.0663000e-002  5.0033000e-002  8.5189000e-002  1.3953400e-001
  3.4349000e-002  1.6410000e-003  4.6100000e-004  4.1100000e-004  8.8100000e-004  1.1310000e-003  1.5100000e-003  1.8490000e-003  2.4740000e-003  3.7970000e-003  5.8510000e-003  9.1590000e-003  1.3565000e-002  1.9494000e-002  3.0078000e-002  4.8842000e-002  8.0432000e-002  1.3010800e-001
  3.1816000e-002  1.4130000e-003  4.0500000e-004  3.4100000e-004  7.7000000e-004  1.0540000e-003  1.3710000e-003  1.6720000e-003  2.2410000e-003  3.4160000e-003  5.1480000e-003  8.2230000e-003  1.2389000e-002  1.7872000e-002  2.7441000e-002  4.4665000e-002  7.5209000e-002  1.2479900e-001
  3.0152000e-002  1.3860000e-003  4.5200000e-004  3.8300000e-004  7.9000000e-004  1.0650000e-003  1.3330000e-003  1.6800000e-003  2.3060000e-003  3.3730000e-003  5.2130000e-003  8.2780000e-003  1.2567000e-002  1.8284000e-002  2.7332000e-002  4.4833000e-002  7.4852000e-002  1.2417100e-001
  2.7670000e-002  1.1870000e-003  3.9500000e-004  3.3900000e-004  7.1700000e-004  9.9300000e-004  1.2660000e-003  1.6360000e-003  2.2540000e-003  3.1780000e-003  5.2990000e-003  8.4030000e-003  1.2637000e-002  1.8704000e-002  2.7884000e-002  4.5275000e-002  7.5538000e-002  1.2641300e-001
  2.6281000e-002  1.1420000e-003  4.0000000e-004  3.3900000e-004  7.7400000e-004  1.0190000e-003  1.3260000e-003  1.6460000e-003  2.2150000e-003  3.2320000e-003  5.1170000e-003  7.9150000e-003  1.2162000e-002  1.8129000e-002  2.6275000e-002  4.2296000e-002  7.0823000e-002  1.1640200e-001
  2.5876000e-002  1.1660000e-003  4.1400000e-004  3.4800000e-004  7.6100000e-004  1.0120000e-003  1.2490000e-003  1.6560000e-003  2.3270000e-003  3.2800000e-003  5.3570000e-003  8.1480000e-003  1.2605000e-002  1.8922000e-002  2.7844000e-002  4.4556000e-002  7.5951000e-002  1.2702800e-001
  2.6191000e-002  1.0840000e-003  4.0600000e-004  3.4300000e-004  7.3900000e-004  1.0930000e-003  1.2520000e-003  1.6080000e-003  2.2540000e-003  3.3450000e-003  5.3940000e-003  8.1720000e-003  1.2950000e-002  1.9429000e-002  2.8641000e-002  4.5409000e-002  7.7111000e-002  1.2788200e-001
  2.3713000e-002  9.9200000e-004  3.8300000e-004  3.5800000e-004  7.4900000e-004  1.1090000e-003  1.2170000e-003  1.5210000e-003  2.2290000e-003  3.2780000e-003  4.9810000e-003  7.8240000e-003  1.1989000e-002  1.8302000e-002  2.6733000e-002  4.1665000e-002  6.8988000e-002  1.1507400e-001
  2.2018000e-002  9.1500000e-004  3.8800000e-004  3.4700000e-004  7.6700000e-004  1.1140000e-003  1.2060000e-003  1.5750000e-003  2.2930000e-003  3.3760000e-003  5.0280000e-003  7.9870000e-003  1.2365000e-002  1.8677000e-002  2.7862000e-002  4.2918000e-002  7.1319000e-002  1.1900200e-001
  2.1963000e-002  8.8000000e-004  3.8600000e-004  3.2300000e-004  7.7300000e-004  1.1480000e-003  1.2180000e-003  1.5260000e-003  2.2560000e-003  3.3040000e-003  4.9510000e-003  7.7960000e-003  1.1843000e-002  1.8095000e-002  2.7320000e-002  4.1083000e-002  6.7073000e-002  1.1229600e-001
  2.0711000e-002  8.5800000e-004  3.8000000e-004  3.5900000e-004  8.2000000e-004  1.1710000e-003  1.1980000e-003  1.5080000e-003  2.1520000e-003  3.2870000e-003  5.0810000e-003  7.8600000e-003  1.1881000e-002  1.8147000e-002  2.7714000e-002  4.1653000e-002  6.7982000e-002  1.1436600e-001
  2.0608000e-002  8.4800000e-004  3.8900000e-004  3.7600000e-004  8.6600000e-004  1.1300000e-003  1.1660000e-003  1.4310000e-003  2.1750000e-003  3.3610000e-003  5.0790000e-003  7.8110000e-003  1.1738000e-002  1.8099000e-002  2.7651000e-002  4.2354000e-002  6.8441000e-002  1.1537200e-001
  1.9916000e-002  8.5000000e-004  4.0300000e-004  3.9400000e-004  9.1000000e-004  1.1690000e-003  1.2120000e-003  1.4680000e-003  2.2550000e-003  3.3980000e-003  5.2810000e-003  7.8080000e-003  1.2030000e-002  1.8834000e-002  2.9206000e-002  4.4773000e-002  7.0620000e-002  1.1431700e-001
  1.8457000e-002  7.9800000e-004  4.0200000e-004  3.5300000e-004  9.1700000e-004  1.1330000e-003  1.1630000e-003  1.4450000e-003  2.1450000e-003  3.2540000e-003  4.8750000e-003  7.2190000e-003  1.1082000e-002  1.7170000e-002  2.6367000e-002  4.0917000e-002  6.5628000e-002  1.0937800e-001
  1.7653000e-002  7.9400000e-004  4.0600000e-004  3.7400000e-004  9.6800000e-004  1.1910000e-003  1.1670000e-003  1.4020000e-003  2.1390000e-003  3.3520000e-003  5.0030000e-003  7.3660000e-003  1.1191000e-002  1.6953000e-002  2.6294000e-002  4.1141000e-002  6.5337000e-002  1.0987500e-001
  1.6224000e-002  7.5400000e-004  3.9200000e-004  3.6200000e-004  9.9700000e-004  1.2420000e-003  1.1980000e-003  1.4780000e-003  2.1400000e-003  3.3500000e-003  5.0090000e-003  7.3300000e-003  1.1158000e-002  1.6700000e-002  2.6016000e-002  4.0492000e-002  6.4144000e-002  1.0571400e-001
  1.5504000e-002  7.6500000e-004  3.9100000e-004  3.5100000e-004  1.0210000e-003  1.2180000e-003  1.1100000e-003  1.3970000e-003  2.0200000e-003  3.2860000e-003  4.9820000e-003  7.1940000e-003  1.0954000e-002  1.6246000e-002  2.5490000e-002  4.0444000e-002  6.4786000e-002  1.0814900e-001
  1.4463000e-002  7.5600000e-004  3.6700000e-004  3.4600000e-004  9.7000000e-004  1.1370000e-003  1.0620000e-003  1.3350000e-003  1.9590000e-003  3.2390000e-003  4.9460000e-003  7.3910000e-003  1.0661000e-002  1.5932000e-002  2.4742000e-002  3.9581000e-002  6.3273000e-002  1.0427300e-001
  1.3636000e-002  6.7400000e-004  3.5400000e-004  3.2800000e-004  9.2400000e-004  1.1270000e-003  1.0620000e-003  1.2770000e-003  1.9360000e-003  3.2370000e-003  5.0410000e-003  7.4250000e-003  1.0386000e-002  1.6019000e-002  2.4875000e-002  3.9339000e-002  6.3998000e-002  1.0516500e-001
  1.2684000e-002  6.2100000e-004  3.3400000e-004  3.1400000e-004  9.4800000e-004  1.2080000e-003  1.0810000e-003  1.2730000e-003  1.9240000e-003  3.1480000e-003  5.0260000e-003  7.4400000e-003  1.0423000e-002  1.5706000e-002  2.3928000e-002  3.8373000e-002  6.3159000e-002  1.0249800e-001
  1.1962000e-002  6.2600000e-004  3.4000000e-004  3.1000000e-004  9.3500000e-004  1.1790000e-003  1.0750000e-003  1.2430000e-003  1.8670000e-003  3.0000000e-003  4.8740000e-003  7.1010000e-003  1.0021000e-002  1.5134000e-002  2.2518000e-002  3.6540000e-002  5.9396000e-002  9.6045000e-002
  1.0894000e-002  6.2200000e-004  3.3200000e-004  2.9900000e-004  9.0300000e-004  1.1300000e-003  1.0140000e-003  1.2210000e-003  1.7950000e-003  2.9290000e-003  4.8870000e-003  7.0150000e-003  1.0051000e-002  1.5224000e-002  2.2330000e-002  3.6272000e-002  5.9610000e-002  9.8872000e-002
  1.0425000e-002  5.5900000e-004  3.1600000e-004  3.0000000e-004  9.2200000e-004  1.1790000e-003  1.0680000e-003  1.2270000e-003  1.7680000e-003  2.8790000e-003  4.6920000e-003  7.1270000e-003  1.0108000e-002  1.4453000e-002  2.1642000e-002  3.4994000e-002  5.7601000e-002  9.5798000e-002
  1.0553000e-002  5.9100000e-004  3.2200000e-004  2.9400000e-004  9.2000000e-004  1.2160000e-003  1.0810000e-003  1.2260000e-003  1.7390000e-003  2.8320000e-003  4.6510000e-003  7.0460000e-003  9.7970000e-003  1.3783000e-002  2.1415000e-002  3.4363000e-002  5.6962000e-002  9.5839000e-002
  1.0011000e-002  5.8200000e-004  2.9900000e-004  2.9700000e-004  8.5500000e-004  1.1560000e-003  1.0480000e-003  1.2370000e-003  1.7230000e-003  2.7050000e-003  4.5020000e-003  6.9250000e-003  9.6830000e-003  1.3815000e-002  2.1301000e-002  3.3854000e-002  5.6884000e-002  9.7480000e-002
  9.6360000e-003  5.1800000e-004  2.8400000e-004  2.8300000e-004  8.3400000e-004  1.1630000e-003  1.0770000e-003  1.2200000e-003  1.7480000e-003  2.6640000e-003  4.4000000e-003  6.8100000e-003  9.5900000e-003  1.3505000e-002  2.0859000e-002  3.2341000e-002  5.4800000e-002  9.2319000e-002
  9.0130000e-003  5.5000000e-004  2.8900000e-004  2.7100000e-004  7.7800000e-004  1.1730000e-003  1.1180000e-003  1.2570000e-003  1.7360000e-003  2.6460000e-003  4.2760000e-003  6.7690000e-003  9.6170000e-003  1.3480000e-002  2.0817000e-002  3.2465000e-002  5.5497000e-002  9.5215000e-002
  8.5140000e-003  4.7900000e-004  2.6200000e-004  2.5800000e-004  7.3500000e-004  1.1360000e-003  1.1060000e-003  1.2530000e-003  1.6850000e-003  2.5900000e-003  4.1660000e-003  6.5200000e-003  9.5100000e-003  1.3491000e-002  1.9535000e-002  3.0998000e-002  5.2614000e-002  8.9662000e-002
  8.5160000e-003  4.5300000e-004  2.4500000e-004  2.5300000e-004  6.9900000e-004  1.0600000e-003  1.0690000e-003  1.2240000e-003  1.6880000e-003  2.5100000e-003  4.0910000e-003  6.4570000e-003  9.4830000e-003  1.3267000e-002  1.8864000e-002  3.1246000e-002  5.2430000e-002  9.1106000e-002
  8.2350000e-003  4.4700000e-004  2.4200000e-004  2.4200000e-004  6.9100000e-004  1.0420000e-003  1.0380000e-003  1.2350000e-003  1.6690000e-003  2.5810000e-003  3.9350000e-003  6.3250000e-003  9.2080000e-003  1.3112000e-002  1.8471000e-002  3.0530000e-002  5.0911000e-002  8.8350000e-002
  7.9200000e-003  4.1500000e-004  2.3400000e-004  2.2900000e-004  6.1200000e-004  9.7600000e-004  1.0270000e-003  1.2080000e-003  1.6590000e-003  2.4790000e-003  3.8250000e-003  6.0300000e-003  8.8370000e-003  1.2568000e-002  1.7966000e-002  2.9520000e-002  4.7578000e-002  8.3096000e-002
  7.9910000e-003  4.2300000e-004  2.0900000e-004  2.1200000e-004  6.3700000e-004  9.9800000e-004  1.0240000e-003  1.2300000e-003  1.6750000e-003  2.4530000e-003  3.7140000e-003  5.8380000e-003  8.6930000e-003  1.2287000e-002  1.7424000e-002  2.8486000e-002  4.6128000e-002  8.0375000e-002
  7.6380000e-003  4.0500000e-004  2.0800000e-004  2.2700000e-004  6.2500000e-004  1.0200000e-003  1.0700000e-003  1.2750000e-003  1.6810000e-003  2.4590000e-003  3.6630000e-003  5.7230000e-003  8.4880000e-003  1.2232000e-002  1.7579000e-002  2.6858000e-002  4.4974000e-002  7.8964000e-002
  7.4470000e-003  3.8200000e-004  1.8500000e-004  1.9700000e-004  6.2500000e-004  9.8900000e-004  1.0910000e-003  1.2870000e-003  1.7160000e-003  2.4340000e-003  3.5670000e-003  5.4870000e-003  8.2030000e-003  1.1850000e-002  1.6776000e-002  2.5426000e-002  4.4382000e-002  7.7222000e-002
  7.3510000e-003  3.9000000e-004  1.9400000e-004  2.0600000e-004  6.0600000e-004  9.9700000e-004  1.1420000e-003  1.3400000e-003  1.7160000e-003  2.5010000e-003  3.6060000e-003  5.2860000e-003  7.9200000e-003  1.1771000e-002  1.6751000e-002  2.4837000e-002  4.3449000e-002  7.4899000e-002
  6.8540000e-003  3.4100000e-004  1.7800000e-004  1.9000000e-004  5.8400000e-004  9.4000000e-004  1.1160000e-003  1.3760000e-003  1.7730000e-003  2.4600000e-003  3.5690000e-003  5.2160000e-003  7.7240000e-003  1.1455000e-002  1.6484000e-002  2.4634000e-002  4.2814000e-002  7.2328000e-002
  6.4250000e-003  3.3500000e-004  1.7400000e-004  1.8800000e-004  5.8600000e-004  9.3300000e-004  1.0980000e-003  1.3730000e-003  1.7660000e-003  2.5040000e-003  3.5540000e-003  5.1020000e-003  7.6930000e-003  1.1425000e-002  1.6427000e-002  2.4457000e-002  4.2484000e-002  7.2732000e-002
  5.9870000e-003  2.9000000e-004  1.6500000e-004  2.0300000e-004  5.3100000e-004  8.9800000e-004  1.0640000e-003  1.3490000e-003  1.7630000e-003  2.4400000e-003  3.5660000e-003  5.1200000e-003  7.3820000e-003  1.0964000e-002  1.6088000e-002  2.4293000e-002  3.9562000e-002  6.8715000e-002
  4.9930000e-003  3.0100000e-004  1.5600000e-004  1.8400000e-004  5.2100000e-004  8.6000000e-004  1.0290000e-003  1.3390000e-003  1.7270000e-003  2.4770000e-003  3.5270000e-003  4.9660000e-003  7.1900000e-003  1.0922000e-002  1.6200000e-002  2.4306000e-002  3.8422000e-002  7.0153000e-002
  4.8510000e-003  2.7800000e-004  1.4800000e-004  1.7800000e-004  5.0800000e-004  7.9900000e-004  9.1800000e-004  1.2100000e-003  1.6400000e-003  2.3980000e-003  3.4460000e-003  4.9870000e-003  7.1680000e-003  1.0714000e-002  1.6015000e-002  2.4332000e-002  3.7815000e-002  7.0668000e-002
