  7.9517800e+005  3.2568845e+006  3.2083310e+006  2.6759400e+006  2.9909010e+006  3.2190850e+006  3.2173205e+006  2.6442525e+006  2.3636350e+006  3.0266420e+006  3.0312480e+006  2.8162770e+006  2.3289135e+006  2.0216600e+006  1.7744620e+006  1.4046375e+006  9.9553750e+005  4.7485848e+005
  7.8673950e+005  3.2214980e+006  3.4737710e+006  2.6660175e+006  2.9347555e+006  3.2005075e+006  3.2053380e+006  2.9324405e+006  2.1043320e+006  3.0120390e+006  3.0199405e+006  2.8685930e+006  2.3868750e+006  2.0263945e+006  1.7840215e+006  1.4079700e+006  1.0047820e+006  4.9796440e+005
  7.8281100e+005  3.1758685e+006  3.7231985e+006  2.6807685e+006  2.8915215e+006  3.1743880e+006  3.1979100e+006  3.1732825e+006  1.9010390e+006  2.9870945e+006  3.0150225e+006  2.9030560e+006  2.4495305e+006  2.0384335e+006  1.7928430e+006  1.4175640e+006  1.0111040e+006  5.1858655e+005
  7.8688200e+005  3.1352610e+006  3.9658205e+006  2.7327380e+006  2.8363975e+006  3.1329745e+006  3.2067025e+006  3.2653715e+006  1.9651480e+006  2.8615420e+006  3.0094150e+006  2.9248785e+006  2.5320925e+006  2.0542815e+006  1.7919400e+006  1.4383005e+006  1.0141910e+006  5.4170328e+005
  7.8797100e+005  3.1290615e+006  4.0860730e+006  2.9356560e+006  2.7596555e+006  3.0750245e+006  3.2267165e+006  3.2392985e+006  2.3001505e+006  2.6197435e+006  2.9886410e+006  2.9338775e+006  2.6075775e+006  2.0935855e+006  1.7906020e+006  1.4534405e+006  1.0136635e+006  5.6496300e+005
  7.9548800e+005  3.1427760e+006  4.0861795e+006  3.2449420e+006  2.7042785e+006  3.0249935e+006  3.2460035e+006  3.2342040e+006  2.6466255e+006  2.3536390e+006  2.9744140e+006  2.9260065e+006  2.6710555e+006  2.1546440e+006  1.7935185e+006  1.4622030e+006  1.0201705e+006  5.8363500e+005
  7.9858600e+005  3.1632445e+006  4.0643220e+006  3.5248795e+006  2.7030265e+006  2.9814090e+006  3.2469365e+006  3.2425400e+006  2.9480825e+006  2.1058290e+006  2.9727350e+006  2.9224785e+006  2.7279230e+006  2.2151935e+006  1.8028160e+006  1.4763880e+006  1.0329995e+006  5.9727700e+005
  8.0424900e+005  3.1808095e+006  4.0330055e+006  3.7823645e+006  2.7253365e+006  2.9404730e+006  3.2318780e+006  3.2499245e+006  3.2004720e+006  1.9106430e+006  2.9576205e+006  2.9266590e+006  2.7667820e+006  2.2792930e+006  1.8207795e+006  1.4916580e+006  1.0491475e+006  6.1071350e+005
  8.0763400e+005  3.1974960e+006  4.0098010e+006  4.0316200e+006  2.7813940e+006  2.8833090e+006  3.1938370e+006  3.2660570e+006  3.2982210e+006  1.9783005e+006  2.8414395e+006  2.9281590e+006  2.7916845e+006  2.3578945e+006  1.8395010e+006  1.4964475e+006  1.0683110e+006  6.1892850e+005
  8.1308350e+005  3.2165850e+006  4.0102800e+006  4.1620950e+006  2.9843530e+006  2.8021450e+006  3.1373270e+006  3.2849705e+006  3.2761205e+006  2.3111470e+006  2.6078295e+006  2.9147930e+006  2.8030045e+006  2.4309090e+006  1.8789610e+006  1.5031095e+006  1.0853895e+006  6.2762400e+005
  8.2356300e+005  3.2539860e+006  4.0493725e+006  4.1889280e+006  3.3272380e+006  2.7825200e+006  3.1187885e+006  3.3287140e+006  3.2964625e+006  2.6752595e+006  2.3619305e+006  2.9272100e+006  2.8133295e+006  2.5062525e+006  1.9497755e+006  1.5203625e+006  1.1029130e+006  6.3790900e+005
  8.3921150e+005  3.2966970e+006  4.0882420e+006  4.1918865e+006  3.6418730e+006  2.8272465e+006  3.1061740e+006  3.3592955e+006  3.3300915e+006  2.9966395e+006  2.1291960e+006  2.9467610e+006  2.8278650e+006  2.5711525e+006  2.0161570e+006  1.5387525e+006  1.1195595e+006  6.4503450e+005
  8.5955400e+005  3.3246830e+006  4.1092855e+006  4.1667340e+006  3.9010795e+006  2.8601225e+006  3.0689350e+006  3.3481120e+006  3.3432935e+006  3.2492200e+006  1.9319990e+006  2.9302555e+006  2.8339745e+006  2.6057455e+006  2.0733790e+006  1.5579545e+006  1.1354155e+006  6.5657490e+005
  8.5794950e+005  3.3634185e+006  4.1234565e+006  4.1392145e+006  4.1508815e+006  2.9112405e+006  3.0171165e+006  3.3065765e+006  3.3620125e+006  3.3453860e+006  1.9958805e+006  2.8141620e+006  2.8367160e+006  2.6285175e+006  2.1427575e+006  1.5773890e+006  1.1462505e+006  6.7236811e+005
  8.5036200e+005  3.3926215e+006  4.1408540e+006  4.1219350e+006  4.2804455e+006  3.0971125e+006  2.9397020e+006  3.2431820e+006  3.3765165e+006  3.3211515e+006  2.3202590e+006  2.5793845e+006  2.8227580e+006  2.6378110e+006  2.2051320e+006  1.6119880e+006  1.1569410e+006  6.8642781e+005
  8.3778200e+005  3.4096565e+006  4.1575020e+006  4.1196265e+006  4.2768380e+006  3.3905505e+006  2.8778895e+006  3.1839520e+006  3.3827520e+006  3.3141170e+006  2.6543935e+006  2.3155125e+006  2.8130375e+006  2.6304625e+006  2.2571615e+006  1.6638765e+006  1.1695800e+006  6.9918289e+005
  8.2423400e+005  3.4050625e+006  4.1840005e+006  4.1264750e+006  4.2332485e+006  3.6684470e+006  2.8724100e+006  3.1333600e+006  3.3757025e+006  3.3195635e+006  2.9490520e+006  2.0692805e+006  2.8135355e+006  2.6290205e+006  2.3021945e+006  1.7096130e+006  1.1809095e+006  7.1165400e+005
  8.2517050e+005  3.3685570e+006  4.2266990e+006  4.1485245e+006  4.1837270e+006  3.9325330e+006  2.9021100e+006  3.1012605e+006  3.3620675e+006  3.3322620e+006  3.1985970e+006  1.8782205e+006  2.8008090e+006  2.6356330e+006  2.3326700e+006  1.7512405e+006  1.1935930e+006  7.2281441e+005
  8.3267250e+005  3.3377150e+006  4.2619225e+006  4.1724705e+006  4.1553235e+006  4.1910315e+006  2.9680610e+006  3.0613485e+006  3.3289990e+006  3.3545300e+006  3.2969585e+006  1.9429270e+006  2.6924575e+006  2.6401950e+006  2.3556550e+006  1.8045055e+006  1.2072060e+006  7.3057662e+005
  8.5218800e+005  3.3257935e+006  4.2812140e+006  4.2002865e+006  4.1518000e+006  4.3281595e+006  3.1753400e+006  2.9923220e+006  3.2754385e+006  3.3731255e+006  3.2765005e+006  2.2622175e+006  2.4688250e+006  2.6326370e+006  2.3698260e+006  1.8595055e+006  1.2352455e+006  7.4028785e+005
  8.6455300e+005  3.3437300e+006  4.2786235e+006  4.2239845e+006  4.1653505e+006  4.3251420e+006  3.4886845e+006  2.9358105e+006  3.2206555e+006  3.3814050e+006  3.2688160e+006  2.5901435e+006  2.2157080e+006  2.6297245e+006  2.3679660e+006  1.9098705e+006  1.2757835e+006  7.5171671e+005
  8.5088050e+005  3.3790980e+006  4.2549795e+006  4.2500045e+006  4.1870780e+006  4.2971965e+006  3.7762145e+006  2.9375285e+006  3.1680205e+006  3.3721300e+006  3.2727480e+006  2.8762395e+006  1.9792965e+006  2.6356865e+006  2.3714885e+006  1.9554625e+006  1.3128580e+006  7.6349246e+005
  8.1053500e+005  3.3913600e+006  4.2135825e+006  4.2822775e+006  4.2173850e+006  4.2702405e+006  4.0338355e+006  2.9650690e+006  3.1195195e+006  3.3472665e+006  3.2794515e+006  3.1135885e+006  1.7946145e+006  2.6279070e+006  2.3834725e+006  1.9902150e+006  1.3499410e+006  7.7886961e+005
  7.5118500e+005  3.3587655e+006  4.1954750e+006  4.3063230e+006  4.2368895e+006  4.2389035e+006  4.2708620e+006  3.0177315e+006  3.0551335e+006  3.2988195e+006  3.2853900e+006  3.2006475e+006  1.8548315e+006  2.5279495e+006  2.3931135e+006  2.0176710e+006  1.3950860e+006  7.9371563e+005
  7.0968550e+005  3.2618425e+006  4.2120860e+006  4.3205590e+006  4.2522260e+006  4.2156195e+006  4.3885480e+006  3.2102210e+006  2.9757365e+006  3.2307585e+006  3.2933085e+006  3.1708985e+006  2.1632620e+006  2.3143420e+006  2.3902355e+006  2.0328270e+006  1.4420155e+006  8.1559206e+005
  7.1036200e+005  3.1181480e+006  4.2416845e+006  4.3231285e+006  4.2648375e+006  4.2107035e+006  4.3769740e+006  3.5110855e+006  2.9181705e+006  3.1700815e+006  3.2991605e+006  3.1591190e+006  2.4799065e+006  2.0748030e+006  2.3902745e+006  2.0363245e+006  1.4896395e+006  8.4914227e+005
  7.1887600e+005  2.9850210e+006  4.2682435e+006  4.3053720e+006  4.2843160e+006  4.2071030e+006  4.3355105e+006  3.7849095e+006  2.9141090e+006  3.1193625e+006  3.2861030e+006  3.1620490e+006  2.7533210e+006  1.8556605e+006  2.3974435e+006  2.0469510e+006  1.5336360e+006  8.8030870e+005
  7.2552050e+005  2.8986890e+006  4.2539390e+006  4.2704110e+006  4.3162135e+006  4.2097375e+006  4.2890510e+006  4.0350280e+006  2.9388625e+006  3.0769035e+006  3.2621440e+006  3.1683085e+006  2.9806375e+006  1.6870315e+006  2.3926595e+006  2.0650915e+006  1.5683380e+006  9.1051468e+005
  7.5714100e+005  2.8754020e+006  4.1781420e+006  4.2454705e+006  4.3430150e+006  4.2141705e+006  4.2503345e+006  4.2765215e+006  2.9961325e+006  3.0215065e+006  3.2222130e+006  3.1777920e+006  3.0685545e+006  1.7501560e+006  2.3042865e+006  2.0800270e+006  1.5974325e+006  9.4617238e+005
  7.7968700e+005  2.9224640e+006  4.0459325e+006  4.2471045e+006  4.3581730e+006  4.2265490e+006  4.2284780e+006  4.4019860e+006  3.1920950e+006  2.9462445e+006  3.1634655e+006  3.1888885e+006  3.0455515e+006  2.0444205e+006  2.1122735e+006  2.0829310e+006  1.6166190e+006  9.8207519e+005
  7.8099650e+005  2.9917150e+006  3.9036045e+006  4.2760000e+006  4.3625560e+006  4.2386060e+006  4.2226340e+006  4.3996710e+006  3.4900595e+006  2.8892970e+006  3.1064770e+006  3.1963690e+006  3.0345465e+006  2.3448210e+006  1.8960770e+006  2.0892800e+006  1.6267200e+006  1.0195570e+006
  7.5681850e+005  3.0529095e+006  3.7835040e+006  4.3069640e+006  4.3507820e+006  4.2562820e+006  4.2213045e+006  4.3681910e+006  3.7627825e+006  2.8847435e+006  3.0570120e+006  3.1855430e+006  3.0369675e+006  2.6039450e+006  1.6995735e+006  2.1010100e+006  1.6426440e+006  1.0535436e+006
  7.3845500e+005  3.0817295e+006  3.7061555e+006  4.2959745e+006  4.3232035e+006  4.2857965e+006  4.2278530e+006  4.3284330e+006  4.0149875e+006  2.9087465e+006  3.0151835e+006  3.1636155e+006  3.0437610e+006  2.8188510e+006  1.5502880e+006  2.1029380e+006  1.6645625e+006  1.0815967e+006
  7.4882450e+005  3.0583080e+006  3.7124065e+006  4.2201250e+006  4.3059415e+006  4.3077095e+006  4.2355425e+006  4.2903985e+006  4.2604330e+006  2.9620385e+006  2.9613420e+006  3.1244570e+006  3.0557895e+006  2.9009835e+006  1.6160475e+006  2.0285965e+006  1.6849135e+006  1.1069831e+006
  7.5840150e+005  3.0214450e+006  3.7782310e+006  4.0877260e+006  4.3137090e+006  4.3195850e+006  4.2454925e+006  4.2675245e+006  4.3882750e+006  3.1529760e+006  2.8854580e+006  3.0679550e+006  3.0686600e+006  2.8791460e+006  1.8939370e+006  1.8597820e+006  1.6953090e+006  1.1270762e+006
  7.5841700e+005  2.9965195e+006  3.8428535e+006  3.9443855e+006  4.3439865e+006  4.3203770e+006  4.2518265e+006  4.2599650e+006  4.3867120e+006  3.4490985e+006  2.8297615e+006  3.0136780e+006  3.0790005e+006  2.8703030e+006  2.1754990e+006  1.6702005e+006  1.7107290e+006  1.1443131e+006
  7.5508550e+005  3.0010165e+006  3.8726070e+006  3.8228250e+006  4.3713445e+006  4.3051955e+006  4.2659390e+006  4.2573865e+006  4.3564595e+006  3.7247380e+006  2.8290365e+006  2.9675320e+006  3.0739910e+006  2.8759280e+006  2.4187455e+006  1.4999645e+006  1.7333450e+006  1.1687171e+006
  7.5409450e+005  3.0229310e+006  3.8777940e+006  3.7463645e+006  4.3551730e+006  4.2817720e+006  4.2925325e+006  4.2663150e+006  4.3193455e+006  3.9801185e+006  2.8554120e+006  2.9318190e+006  3.0572625e+006  2.8869815e+006  2.6201095e+006  1.3744205e+006  1.7475045e+006  1.1971190e+006
  7.5067800e+005  3.0314750e+006  3.8629280e+006  3.7552890e+006  4.2756160e+006  4.2720675e+006  4.3119365e+006  4.2817035e+006  4.2858970e+006  4.2291120e+006  2.9105385e+006  2.8866250e+006  3.0230675e+006  2.9044725e+006  2.6985065e+006  1.4437520e+006  1.6938435e+006  1.2245410e+006
  7.4855100e+005  3.0239240e+006  3.8372520e+006  3.8247105e+006  4.1433935e+006  4.2847955e+006  4.3258940e+006  4.3012525e+006  4.2700920e+006  4.3608195e+006  3.1027790e+006  2.8182575e+006  2.9733770e+006  2.9219690e+006  2.6820880e+006  1.7023690e+006  1.5562980e+006  1.2459497e+006
  7.3943950e+005  3.0117805e+006  3.8153315e+006  3.8911060e+006  4.0023350e+006  4.3190015e+006  4.3333570e+006  4.3176210e+006  4.2710535e+006  4.3624645e+006  3.3996120e+006  2.7685310e+006  2.9249130e+006  2.9363000e+006  2.6768380e+006  1.9614125e+006  1.4000990e+006  1.2704808e+006
  7.1567500e+005  2.9930485e+006  3.8169525e+006  3.9197580e+006  3.8824975e+006  4.3473265e+006  4.3215215e+006  4.3409640e+006  4.2747350e+006  4.3356040e+006  3.6746195e+006  2.7727880e+006  2.8822830e+006  2.9365230e+006  2.6836450e+006  2.1839635e+006  1.2611740e+006  1.2987090e+006
  6.9951250e+005  2.9529570e+006  3.8351640e+006  3.9217405e+006  3.8057735e+006  4.3261410e+006  4.2945535e+006  4.3695825e+006  4.2879490e+006  4.3000500e+006  3.9287625e+006  2.8011240e+006  2.8509595e+006  2.9241950e+006  2.6963735e+006  2.3670685e+006  1.1623300e+006  1.3196315e+006
  7.0910250e+005  2.9012595e+006  3.8362885e+006  3.9029905e+006  3.8108035e+006  4.2403845e+006  4.2764875e+006  4.3847730e+006  4.3034780e+006  4.2670900e+006  4.1747055e+006  2.8559400e+006  2.8100965e+006  2.8948630e+006  2.7152805e+006  2.4396845e+006  1.2314470e+006  1.2850870e+006
  7.2091350e+005  2.8621975e+006  3.8224675e+006  3.8736915e+006  3.8749995e+006  4.1029035e+006  4.2791095e+006  4.3902060e+006  4.3183135e+006  4.2497495e+006  4.3043280e+006  3.0439585e+006  2.7454390e+006  2.8505640e+006  2.7338390e+006  2.4272290e+006  1.4597845e+006  1.1800390e+006
