  4.0917000e-002  1.9380000e-003  8.4300000e-004  6.6600000e-004  1.0260000e-003  1.4040000e-003  1.4180000e-003  1.7450000e-003  2.2730000e-003  3.4050000e-003  5.3990000e-003  8.5800000e-003  1.3025000e-002  2.0078000e-002  3.0026000e-002  4.6471000e-002  7.4824000e-002  1.1355600e-001
  3.8992000e-002  1.7160000e-003  7.6700000e-004  6.1000000e-004  9.9900000e-004  1.3570000e-003  1.3330000e-003  1.5730000e-003  2.1680000e-003  3.3570000e-003  5.1780000e-003  8.4580000e-003  1.2665000e-002  1.9893000e-002  2.9949000e-002  4.6749000e-002  7.5378000e-002  1.1297800e-001
  3.6018000e-002  1.5100000e-003  6.7600000e-004  5.1500000e-004  8.6400000e-004  1.2010000e-003  1.2490000e-003  1.4820000e-003  1.9740000e-003  3.1560000e-003  4.8110000e-003  8.0730000e-003  1.1979000e-002  1.9392000e-002  2.9171000e-002  4.4656000e-002  7.2412000e-002  1.0762200e-001
  3.5454000e-002  1.4680000e-003  6.3600000e-004  5.5300000e-004  9.1000000e-004  1.1580000e-003  1.1980000e-003  1.4680000e-003  1.8420000e-003  2.9300000e-003  4.7410000e-003  7.7560000e-003  1.2114000e-002  1.9094000e-002  2.9411000e-002  4.5206000e-002  7.4792000e-002  1.1094900e-001
  3.5886000e-002  1.4640000e-003  6.1500000e-004  4.9600000e-004  8.7700000e-004  1.1500000e-003  1.2360000e-003  1.3980000e-003  1.9100000e-003  2.8690000e-003  4.8030000e-003  7.6870000e-003  1.2224000e-002  1.9362000e-002  2.9172000e-002  4.5298000e-002  7.4265000e-002  1.1161000e-001
  3.4573000e-002  1.4340000e-003  6.0700000e-004  5.0700000e-004  9.2100000e-004  1.2260000e-003  1.2830000e-003  1.4380000e-003  1.8750000e-003  3.0220000e-003  5.0020000e-003  7.7550000e-003  1.2689000e-002  1.9870000e-002  3.0268000e-002  4.4895000e-002  7.3925000e-002  1.1056300e-001
  3.2137000e-002  1.2640000e-003  5.6600000e-004  4.7400000e-004  8.3100000e-004  1.0470000e-003  1.1690000e-003  1.3400000e-003  1.9030000e-003  2.9250000e-003  4.6790000e-003  7.7010000e-003  1.2240000e-002  1.8891000e-002  2.9064000e-002  4.3740000e-002  7.1600000e-002  1.0809200e-001
  2.9929000e-002  1.1870000e-003  6.1300000e-004  4.8800000e-004  8.4700000e-004  1.1750000e-003  1.1960000e-003  1.3430000e-003  1.8170000e-003  2.8200000e-003  4.6550000e-003  7.6130000e-003  1.2236000e-002  1.8736000e-002  2.8990000e-002  4.6022000e-002  7.3331000e-002  1.1135000e-001
  2.8251000e-002  1.1710000e-003  5.5400000e-004  4.6900000e-004  8.9900000e-004  1.0680000e-003  1.0870000e-003  1.2280000e-003  1.8770000e-003  2.7150000e-003  4.7770000e-003  7.3830000e-003  1.1965000e-002  1.8699000e-002  2.8069000e-002  4.4440000e-002  7.1722000e-002  1.0758400e-001
  2.7780000e-002  1.1140000e-003  5.1900000e-004  4.3400000e-004  8.0700000e-004  1.0990000e-003  1.0850000e-003  1.2600000e-003  1.8150000e-003  2.6890000e-003  4.5430000e-003  7.5080000e-003  1.1649000e-002  1.8416000e-002  2.8407000e-002  4.3909000e-002  7.0115000e-002  1.0586000e-001
  2.7836000e-002  1.1220000e-003  5.2400000e-004  4.1200000e-004  8.0500000e-004  1.1470000e-003  1.1200000e-003  1.2740000e-003  1.8300000e-003  2.7890000e-003  4.5150000e-003  7.3230000e-003  1.1862000e-002  1.8342000e-002  2.7705000e-002  4.3782000e-002  6.8895000e-002  1.0516800e-001
  2.6642000e-002  1.0670000e-003  5.5300000e-004  4.1500000e-004  8.4800000e-004  1.1890000e-003  1.1150000e-003  1.2550000e-003  1.7840000e-003  2.7270000e-003  4.5350000e-003  7.3450000e-003  1.1765000e-002  1.8595000e-002  2.7782000e-002  4.3529000e-002  7.0460000e-002  1.0786800e-001
  2.4778000e-002  1.0250000e-003  5.1400000e-004  3.8300000e-004  8.4600000e-004  1.1840000e-003  1.0390000e-003  1.3060000e-003  1.7190000e-003  2.8400000e-003  4.4690000e-003  7.3500000e-003  1.1493000e-002  1.8817000e-002  2.7352000e-002  4.2268000e-002  6.8247000e-002  1.0278900e-001
  2.2917000e-002  9.7600000e-004  5.3600000e-004  4.0000000e-004  8.5000000e-004  1.1580000e-003  1.0960000e-003  1.2670000e-003  1.7820000e-003  2.7870000e-003  4.4310000e-003  7.5320000e-003  1.1517000e-002  1.8210000e-002  2.7211000e-002  4.2424000e-002  6.8730000e-002  1.0377300e-001
  2.2276000e-002  9.8000000e-004  5.0100000e-004  4.4800000e-004  9.1400000e-004  1.1760000e-003  1.0950000e-003  1.3020000e-003  1.7910000e-003  2.7370000e-003  4.5180000e-003  7.3790000e-003  1.1575000e-002  1.8029000e-002  2.7465000e-002  4.1305000e-002  6.5673000e-002  1.0190400e-001
  2.1604000e-002  9.7000000e-004  5.1800000e-004  4.4200000e-004  8.9500000e-004  1.2380000e-003  1.0680000e-003  1.2280000e-003  1.7320000e-003  2.8610000e-003  4.4830000e-003  7.3010000e-003  1.1562000e-002  1.7923000e-002  2.7041000e-002  4.0306000e-002  6.4525000e-002  9.9063000e-002
  2.0765000e-002  8.7900000e-004  4.8100000e-004  3.9800000e-004  8.9700000e-004  1.1750000e-003  1.0580000e-003  1.2550000e-003  1.7920000e-003  2.7460000e-003  4.4430000e-003  7.0920000e-003  1.1422000e-002  1.7472000e-002  2.7299000e-002  4.0674000e-002  6.4135000e-002  1.0087600e-001
  1.9859000e-002  8.8300000e-004  4.9600000e-004  4.0800000e-004  8.9700000e-004  1.2160000e-003  1.0900000e-003  1.2460000e-003  1.8110000e-003  2.7350000e-003  4.5460000e-003  7.1280000e-003  1.1296000e-002  1.7199000e-002  2.7056000e-002  4.0413000e-002  6.2589000e-002  9.7985000e-002
  1.9374000e-002  8.2500000e-004  4.8100000e-004  4.3200000e-004  9.3700000e-004  1.1430000e-003  1.0300000e-003  1.2680000e-003  1.7430000e-003  2.7940000e-003  4.3660000e-003  7.0620000e-003  1.1137000e-002  1.7287000e-002  2.6762000e-002  4.0013000e-002  6.1493000e-002  9.6363000e-002
  1.7723000e-002  8.3000000e-004  4.7300000e-004  4.1100000e-004  9.6000000e-004  1.1600000e-003  1.0150000e-003  1.2360000e-003  1.7440000e-003  2.8060000e-003  4.3610000e-003  6.8370000e-003  1.0802000e-002  1.6698000e-002  2.5462000e-002  3.8560000e-002  6.0781000e-002  9.5694000e-002
  1.6970000e-002  8.6300000e-004  4.4200000e-004  4.1000000e-004  1.0990000e-003  1.2570000e-003  1.0530000e-003  1.2400000e-003  1.7670000e-003  2.7900000e-003  4.3460000e-003  6.8710000e-003  1.0892000e-002  1.6798000e-002  2.5942000e-002  3.9621000e-002  6.0808000e-002  9.5490000e-002
  1.5583000e-002  7.6400000e-004  4.4200000e-004  3.8300000e-004  1.1340000e-003  1.2790000e-003  1.0380000e-003  1.1810000e-003  1.7880000e-003  2.7270000e-003  4.3920000e-003  6.8650000e-003  1.1099000e-002  1.6664000e-002  2.5069000e-002  3.8370000e-002  6.0597000e-002  9.4875000e-002
  1.5204000e-002  7.5500000e-004  4.1500000e-004  3.9700000e-004  1.1410000e-003  1.2570000e-003  1.0510000e-003  1.1670000e-003  1.7440000e-003  2.6760000e-003  4.4240000e-003  6.8890000e-003  1.0659000e-002  1.6551000e-002  2.5336000e-002  3.9100000e-002  5.9617000e-002  9.4911000e-002
  1.4613000e-002  7.6000000e-004  4.2500000e-004  3.8300000e-004  1.0860000e-003  1.2120000e-003  1.0380000e-003  1.1730000e-003  1.7170000e-003  2.6640000e-003  4.3360000e-003  6.7050000e-003  1.0501000e-002  1.6260000e-002  2.4925000e-002  3.8104000e-002  5.8416000e-002  9.1681000e-002
  1.3676000e-002  7.2200000e-004  3.8800000e-004  3.4200000e-004  9.8900000e-004  1.1070000e-003  9.9300000e-004  1.1230000e-003  1.5750000e-003  2.4910000e-003  4.2870000e-003  6.5970000e-003  1.0289000e-002  1.6063000e-002  2.4364000e-002  3.7595000e-002  5.8408000e-002  9.1249000e-002
  1.2683000e-002  6.1400000e-004  3.7400000e-004  3.3900000e-004  9.8800000e-004  1.1510000e-003  9.9600000e-004  1.0940000e-003  1.6100000e-003  2.5290000e-003  4.2130000e-003  6.5910000e-003  1.0120000e-002  1.5764000e-002  2.3855000e-002  3.6865000e-002  5.5669000e-002  8.6912000e-002
  1.2102000e-002  6.2700000e-004  3.7300000e-004  3.5400000e-004  9.1800000e-004  1.1450000e-003  9.6000000e-004  1.0820000e-003  1.5500000e-003  2.3600000e-003  3.8810000e-003  6.5690000e-003  9.9750000e-003  1.5480000e-002  2.3400000e-002  3.5648000e-002  5.4755000e-002  8.5685000e-002
  1.1153000e-002  5.7500000e-004  3.5400000e-004  3.2700000e-004  9.9200000e-004  1.1620000e-003  9.7700000e-004  1.0560000e-003  1.4890000e-003  2.3800000e-003  3.8690000e-003  6.3640000e-003  9.6680000e-003  1.4951000e-002  2.2963000e-002  3.4468000e-002  5.3524000e-002  8.3120000e-002
  1.0645000e-002  5.8100000e-004  3.2600000e-004  3.1800000e-004  9.0800000e-004  1.0610000e-003  9.4200000e-004  1.0300000e-003  1.4490000e-003  2.1460000e-003  3.7580000e-003  6.0720000e-003  9.4480000e-003  1.4477000e-002  2.2739000e-002  3.4775000e-002  5.4300000e-002  8.4112000e-002
  9.7230000e-003  5.1900000e-004  2.9000000e-004  3.1000000e-004  9.0700000e-004  9.9500000e-004  9.2000000e-004  9.9700000e-004  1.3480000e-003  2.1760000e-003  3.6440000e-003  5.8500000e-003  9.2180000e-003  1.4233000e-002  2.2312000e-002  3.3385000e-002  5.2132000e-002  8.2730000e-002
  9.3070000e-003  4.7400000e-004  2.5500000e-004  2.9500000e-004  7.9200000e-004  8.7600000e-004  9.2200000e-004  9.2900000e-004  1.2600000e-003  2.0530000e-003  3.3460000e-003  5.7210000e-003  9.1620000e-003  1.3910000e-002  2.2280000e-002  3.4347000e-002  5.2182000e-002  8.3022000e-002
  8.6240000e-003  4.5900000e-004  2.6600000e-004  2.5400000e-004  7.3400000e-004  9.2200000e-004  8.3000000e-004  9.6400000e-004  1.2220000e-003  2.0010000e-003  3.1830000e-003  5.5090000e-003  8.8380000e-003  1.3379000e-002  2.1793000e-002  3.3442000e-002  5.1773000e-002  8.0995000e-002
  8.2750000e-003  4.5800000e-004  2.4900000e-004  2.4700000e-004  7.0600000e-004  8.5300000e-004  8.0400000e-004  8.8600000e-004  1.1870000e-003  1.8900000e-003  3.0870000e-003  5.2940000e-003  8.5310000e-003  1.3650000e-002  2.0968000e-002  3.2541000e-002  5.1141000e-002  8.0262000e-002
  8.0520000e-003  4.2900000e-004  2.2200000e-004  2.5500000e-004  7.0700000e-004  8.6400000e-004  8.1300000e-004  9.5900000e-004  1.1700000e-003  1.8870000e-003  3.1290000e-003  5.2860000e-003  8.5070000e-003  1.3262000e-002  2.0878000e-002  3.2745000e-002  5.0917000e-002  8.0438000e-002
  7.9380000e-003  4.4300000e-004  2.2600000e-004  2.2100000e-004  7.1700000e-004  8.1900000e-004  7.8800000e-004  9.2700000e-004  1.2150000e-003  1.8050000e-003  3.0630000e-003  5.2340000e-003  8.2670000e-003  1.3085000e-002  2.0383000e-002  3.2249000e-002  5.0943000e-002  8.1097000e-002
  7.3210000e-003  4.3100000e-004  2.0300000e-004  2.5000000e-004  7.3200000e-004  8.1100000e-004  8.0100000e-004  9.1100000e-004  1.1640000e-003  1.7950000e-003  2.9210000e-003  4.9600000e-003  8.1610000e-003  1.2896000e-002  1.9994000e-002  3.1369000e-002  4.9453000e-002  7.8565000e-002
  7.2500000e-003  4.0400000e-004  2.1200000e-004  2.3900000e-004  6.9300000e-004  8.4600000e-004  8.0600000e-004  9.1300000e-004  1.1610000e-003  1.7300000e-003  2.8380000e-003  4.7000000e-003  7.8220000e-003  1.2979000e-002  1.9731000e-002  3.1674000e-002  4.9125000e-002  7.9220000e-002
  7.2540000e-003  3.9300000e-004  1.9600000e-004  2.1700000e-004  7.0300000e-004  8.1100000e-004  8.0700000e-004  9.3600000e-004  1.2150000e-003  1.7060000e-003  2.8160000e-003  4.6150000e-003  7.7350000e-003  1.2477000e-002  1.9302000e-002  3.0298000e-002  4.7916000e-002  7.7779000e-002
  6.9300000e-003  3.6500000e-004  2.0000000e-004  2.2800000e-004  6.3300000e-004  7.5700000e-004  7.7000000e-004  9.7300000e-004  1.2370000e-003  1.6910000e-003  2.7350000e-003  4.5510000e-003  7.4560000e-003  1.2058000e-002  1.8658000e-002  2.9268000e-002  4.6720000e-002  7.6336000e-002
  6.3540000e-003  3.2300000e-004  1.8000000e-004  2.1300000e-004  6.5100000e-004  7.7300000e-004  8.2100000e-004  9.1700000e-004  1.1880000e-003  1.6950000e-003  2.7090000e-003  4.3520000e-003  7.3200000e-003  1.1829000e-002  1.8744000e-002  2.8567000e-002  4.6689000e-002  7.3954000e-002
  6.0540000e-003  3.0500000e-004  2.0100000e-004  1.9700000e-004  5.9700000e-004  7.4300000e-004  8.0600000e-004  9.2400000e-004  1.2540000e-003  1.6800000e-003  2.6510000e-003  4.3060000e-003  7.2280000e-003  1.1685000e-002  1.7762000e-002  2.7964000e-002  4.5650000e-002  7.2551000e-002
  6.2160000e-003  3.1400000e-004  1.6100000e-004  1.8700000e-004  6.1200000e-004  7.1500000e-004  7.8500000e-004  9.8500000e-004  1.3170000e-003  1.7580000e-003  2.6460000e-003  4.2250000e-003  7.0280000e-003  1.1463000e-002  1.8279000e-002  2.8638000e-002  4.6326000e-002  7.4605000e-002
  6.2520000e-003  3.1900000e-004  1.6100000e-004  2.0600000e-004  5.8300000e-004  6.9400000e-004  7.3900000e-004  9.1100000e-004  1.2450000e-003  1.7510000e-003  2.5590000e-003  4.1550000e-003  6.9350000e-003  1.1431000e-002  1.7968000e-002  2.8202000e-002  4.5126000e-002  7.3978000e-002
  6.0620000e-003  2.7200000e-004  1.6000000e-004  2.0300000e-004  5.7200000e-004  7.0100000e-004  7.6000000e-004  9.5400000e-004  1.2460000e-003  1.7060000e-003  2.6000000e-003  4.1700000e-003  6.7180000e-003  1.0911000e-002  1.7802000e-002  2.7781000e-002  4.4697000e-002  7.3948000e-002
  5.4710000e-003  2.9100000e-004  1.4700000e-004  1.6900000e-004  5.2200000e-004  6.7100000e-004  6.9500000e-004  9.0100000e-004  1.1900000e-003  1.7270000e-003  2.4730000e-003  3.9990000e-003  6.5840000e-003  1.0692000e-002  1.7444000e-002  2.7770000e-002  4.3861000e-002  7.3305000e-002
