  3.7366100e+005  1.4047890e+006  1.4808000e+006  1.1868000e+006  1.0755000e+006  1.0986250e+006  1.1540250e+006  1.0778250e+006  1.0259750e+006  9.0295000e+005  7.7090000e+005  6.7790000e+005  5.8385000e+005  5.1012500e+005  4.3967500e+005  3.2730000e+005  1.9760000e+005  1.0632550e+005
  3.7861500e+005  1.4537600e+006  1.5610750e+006  1.2424500e+006  1.0935500e+006  1.1073000e+006  1.1719250e+006  1.1118000e+006  1.0509000e+006  9.3565000e+005  7.9697500e+005  6.9290000e+005  5.9625000e+005  5.1402500e+005  4.4540000e+005  3.3907500e+005  2.0637500e+005  1.1051300e+005
  3.8340625e+005  1.5032438e+006  1.6445750e+006  1.3028750e+006  1.1148000e+006  1.1150500e+006  1.1842750e+006  1.1472250e+006  1.0743500e+006  9.6745000e+005  8.2422500e+005  7.0745000e+005  6.0827500e+005  5.1812500e+005  4.5145000e+005  3.5042500e+005  2.1440000e+005  1.1548400e+005
  3.8762500e+005  1.5502750e+006  1.7284750e+006  1.3680750e+006  1.1383750e+006  1.1221250e+006  1.1923250e+006  1.1825000e+006  1.0954000e+006  9.9750000e+005  8.5185000e+005  7.2075000e+005  6.1930000e+005  5.2182500e+005  4.5782500e+005  3.6090000e+005  2.2130000e+005  1.2088350e+005
  3.9705650e+005  1.5957435e+006  1.8019250e+006  1.4418000e+006  1.1699000e+006  1.1337000e+006  1.2023250e+006  1.2153250e+006  1.1197500e+006  1.0239250e+006  8.7982500e+005  7.3607500e+005  6.3025000e+005  5.2662500e+005  4.6307500e+005  3.7020000e+005  2.2855000e+005  1.2654900e+005
  4.1678700e+005  1.6473880e+006  1.8642750e+006  1.5274750e+006  1.2165500e+006  1.1520000e+006  1.2164750e+006  1.2424750e+006  1.1530750e+006  1.0459750e+006  9.0870000e+005  7.5700000e+005  6.4280000e+005  5.3440000e+005  4.6602500e+005  3.7800000e+005  2.3762500e+005  1.3223600e+005
  4.3736425e+005  1.6975358e+006  1.9224000e+006  1.6138750e+006  1.2690500e+006  1.1665000e+006  1.2242000e+006  1.2602750e+006  1.1878250e+006  1.0655750e+006  9.3747500e+005  7.8200000e+005  6.5730000e+005  5.4462500e+005  4.6882500e+005  3.8485000e+005  2.4757500e+005  1.3756350e+005
  4.5041525e+005  1.7341098e+006  1.9776750e+006  1.6954500e+006  1.3206000e+006  1.1729750e+006  1.2220000e+006  1.2696750e+006  1.2182000e+006  1.0846500e+006  9.6562500e+005  8.0930000e+005  6.7377500e+005  5.5695000e+005  4.7387500e+005  3.9137500e+005  2.5727500e+005  1.4273350e+005
  4.5856325e+005  1.7628620e+006  2.0300305e+006  1.7759498e+006  1.3752148e+006  1.1778865e+006  1.2161493e+006  1.2727025e+006  1.2455560e+006  1.1024403e+006  9.9165400e+005  8.3679700e+005  6.9035875e+005  5.7025875e+005  4.8030050e+005  3.9704375e+005  2.6613425e+005  1.4893950e+005
  4.6222250e+005  1.7922530e+006  2.0761240e+006  1.8502603e+006  1.4380288e+006  1.1904535e+006  1.2080510e+006  1.2698335e+006  1.2672625e+006  1.1207763e+006  1.0139800e+006  8.6257750e+005  7.0729650e+005  5.8344550e+005  4.8716650e+005  4.0138200e+005  2.7405325e+005  1.5558550e+005
  4.6166450e+005  1.8183185e+006  2.1173785e+006  1.9098630e+006  1.5136388e+006  1.2201773e+006  1.1978745e+006  1.2612433e+006  1.2786100e+006  1.1434895e+006  1.0317675e+006  8.8706450e+005  7.2673450e+005  5.9652875e+005  4.9460975e+005  4.0418250e+005  2.8115650e+005  1.6178700e+005
  4.5835200e+005  1.8333745e+006  2.1624965e+006  1.9568148e+006  1.5985433e+006  1.2662185e+006  1.1912968e+006  1.2506280e+006  1.2815558e+006  1.1712633e+006  1.0451403e+006  9.1202350e+005  7.4776725e+005  6.1023100e+005  5.0261250e+005  4.0678200e+005  2.8712150e+005  1.6809600e+005
  4.4855500e+005  1.8356843e+006  2.2099315e+006  1.9989158e+006  1.6840613e+006  1.3221893e+006  1.1948758e+006  1.2431790e+006  1.2819715e+006  1.2018915e+006  1.0568763e+006  9.3838350e+005  7.6959975e+005  6.2582825e+005  5.1116150e+005  4.1129275e+005  2.9196725e+005  1.7484050e+005
  4.2789875e+005  1.8241530e+006  2.2556398e+006  2.0432898e+006  1.7637988e+006  1.3872080e+006  1.2122483e+006  1.2405438e+006  1.2832003e+006  1.2311435e+006  1.0713295e+006  9.6429000e+005  7.9255575e+005  6.4378100e+005  5.2079725e+005  4.1837375e+005  2.9625150e+005  1.8132820e+005
  3.9973325e+005  1.7952938e+006  2.2930000e+006  2.0937210e+006  1.8367765e+006  1.4664348e+006  1.2458778e+006  1.2422568e+006  1.2841703e+006  1.2555340e+006  1.0914728e+006  9.8724725e+005  8.1750300e+005  6.6375700e+005  5.3184975e+005  4.2604875e+005  3.0132100e+005  1.8676455e+005
  3.7604375e+005  1.7447573e+006  2.3130388e+006  2.1470410e+006  1.9032785e+006  1.5594223e+006  1.2948410e+006  1.2463838e+006  1.2813060e+006  1.2727385e+006  1.1181003e+006  1.0053435e+006  8.4557800e+005  6.8499650e+005  5.4444125e+005  4.3163625e+005  3.0780850e+005  1.9161336e+005
  3.6266400e+005  1.6743045e+006  2.3178928e+006  2.1987430e+006  1.9611868e+006  1.6540975e+006  1.3556665e+006  1.2518830e+006  1.2752205e+006  1.2800448e+006  1.1505658e+006  1.0179318e+006  8.7589500e+005  7.0693275e+005  5.5965625e+005  4.3586950e+005  3.1416850e+005  1.9658577e+005
  3.5834950e+005  1.5959128e+006  2.3092068e+006  2.2452200e+006  2.0131488e+006  1.7413393e+006  1.4263510e+006  1.2615518e+006  1.2695783e+006  1.2779105e+006  1.1853210e+006  1.0277248e+006  9.0596975e+005  7.2953950e+005  5.7781650e+005  4.4101950e+005  3.1925300e+005  2.0149965e+005
  3.5950200e+005  1.5269763e+006  2.2895445e+006  2.2869060e+006  2.0764840e+006  1.8413608e+006  1.5188913e+006  1.2888895e+006  1.2716433e+006  1.2762163e+006  1.2190613e+006  1.0420943e+006  9.3509200e+005  7.5501175e+005  5.9974100e+005  4.4936725e+005  3.2370525e+005  2.0503061e+005
  3.5705600e+005  1.4814870e+006  2.2529810e+006  2.3230018e+006  2.1535925e+006  1.9420478e+006  1.6356958e+006  1.3392155e+006  1.2789828e+006  1.2821993e+006  1.2437145e+006  1.0701863e+006  9.5900625e+005  7.8404175e+005  6.2380975e+005  4.6144550e+005  3.2851275e+005  2.0822573e+005
  3.4891975e+005  1.4583190e+006  2.1816635e+006  2.3485188e+006  2.2196710e+006  1.9982325e+006  1.7458418e+006  1.3980218e+006  1.2797165e+006  1.2890730e+006  1.2531788e+006  1.1108818e+006  9.7090550e+005  8.1269100e+005  6.4478325e+005  4.7548950e+005  3.3336250e+005  2.1188173e+005
  3.4175425e+005  1.4468365e+006  2.0868640e+006  2.3642250e+006  2.2697503e+006  2.0413968e+006  1.8353043e+006  1.4626555e+006  1.2819153e+006  1.2922630e+006  1.2562593e+006  1.1537070e+006  9.7455275e+005  8.4076825e+005  6.6289175e+005  4.9137275e+005  3.3829875e+005  2.1510121e+005
  3.4142550e+005  1.4357055e+006  2.0011388e+006  2.3665103e+006  2.3119850e+006  2.1093875e+006  1.9168018e+006  1.5351160e+006  1.2971115e+006  1.2920945e+006  1.2596560e+006  1.1894988e+006  9.8114800e+005  8.7004325e+005  6.8134375e+005  5.0819100e+005  3.4503500e+005  2.1766130e+005
  3.4767275e+005  1.4206240e+006  1.9432520e+006  2.3423325e+006  2.3498395e+006  2.1848895e+006  1.9935128e+006  1.6090478e+006  1.3225730e+006  1.2890830e+006  1.2633340e+006  1.2133195e+006  1.0000823e+006  8.9541300e+005  7.0273950e+005  5.2405150e+005  3.5457950e+005  2.2152958e+005
  3.5279200e+005  1.4095553e+006  1.9084320e+006  2.2898613e+006  2.3833365e+006  2.2493010e+006  2.0509918e+006  1.6921438e+006  1.3588945e+006  1.2852003e+006  1.2679408e+006  1.2249333e+006  1.0337385e+006  9.1175225e+005  7.2818425e+005  5.3989500e+005  3.6588675e+005  2.2642968e+005
  3.5428650e+005  1.4081375e+006  1.8813275e+006  2.2175065e+006  2.4065090e+006  2.2986305e+006  2.0837033e+006  1.7863635e+006  1.4109805e+006  1.2811193e+006  1.2737030e+006  1.2279728e+006  1.0759320e+006  9.2097475e+005  7.5411375e+005  5.5734775e+005  3.7802550e+005  2.3079022e+005
  3.5553700e+005  1.4134800e+006  1.8556330e+006  2.1300708e+006  2.4202375e+006  2.3387133e+006  2.1123250e+006  1.8714155e+006  1.4743983e+006  1.2835805e+006  1.2773500e+006  1.2291528e+006  1.1178918e+006  9.2634225e+005  7.7896350e+005  5.7595975e+005  3.9170875e+005  2.3596940e+005
  3.5890825e+005  1.4207720e+006  1.8319840e+006  2.0432105e+006  2.4242368e+006  2.3785933e+006  2.1533043e+006  1.9452828e+006  1.5389568e+006  1.3005985e+006  1.2749075e+006  1.2330923e+006  1.1518920e+006  9.3473400e+005  8.0466325e+005  5.9524075e+005  4.0646725e+005  2.4161834e+005
  3.6389875e+005  1.4278085e+006  1.8122258e+006  1.9779135e+006  2.4082430e+006  2.4253763e+006  2.2029025e+006  2.0170273e+006  1.6032763e+006  1.3308005e+006  1.2692040e+006  1.2408018e+006  1.1738338e+006  9.5563700e+005  8.2900450e+005  6.1590025e+005  4.2114950e+005  2.4884046e+005
  3.6720050e+005  1.4377810e+006  1.7986913e+006  1.9376458e+006  2.3621793e+006  2.4683360e+006  2.2573858e+006  2.0707933e+006  1.6820790e+006  1.3699783e+006  1.2649000e+006  1.2504658e+006  1.1858530e+006  9.8981475e+005  8.4751700e+005  6.3746300e+005  4.3621450e+005  2.5675663e+005
  3.6867325e+005  1.4523243e+006  1.7936353e+006  1.9118930e+006  2.2862540e+006  2.4933673e+006  2.3178283e+006  2.0988438e+006  1.7784428e+006  1.4176058e+006  1.2635573e+006  1.2585495e+006  1.1935538e+006  1.0309703e+006  8.5838350e+005  6.5924075e+005  4.5190800e+005  2.6503817e+005
  3.6956450e+005  1.4668173e+006  1.7966795e+006  1.8889113e+006  2.1916738e+006  2.5058983e+006  2.3722655e+006  2.1260985e+006  1.8680540e+006  1.4734825e+006  1.2692615e+006  1.2613958e+006  1.2008870e+006  1.0723528e+006  8.6331475e+005  6.8247300e+005  4.6761550e+005  2.7579042e+005
  3.7000750e+005  1.4750825e+006  1.8054393e+006  1.8644978e+006  2.0985510e+006  2.5086338e+006  2.4111440e+006  2.1702775e+006  1.9426438e+006  1.5333935e+006  1.2847930e+006  1.2575358e+006  1.2086283e+006  1.1058113e+006  8.7167075e+005  7.0723175e+005  4.8355450e+005  2.8801407e+005
  3.6976625e+005  1.4756548e+006  1.8168090e+006  1.8398145e+006  2.0292258e+006  2.4893788e+006  2.4433430e+006  2.2257550e+006  2.0093440e+006  1.5969268e+006  1.3076678e+006  1.2507110e+006  1.2176018e+006  1.1260448e+006  8.9324025e+005  7.2978550e+005  5.0037050e+005  2.9996055e+005
  3.6938450e+005  1.4767425e+006  1.8309515e+006  1.8223288e+006  1.9881020e+006  2.4385595e+006  2.4787120e+006  2.2872885e+006  2.0610663e+006  1.6771460e+006  1.3416003e+006  1.2453488e+006  1.2273343e+006  1.1381478e+006  9.2767875e+005  7.4716525e+005  5.1853300e+005  3.1099045e+005
  3.6939000e+005  1.4858140e+006  1.8508490e+006  1.8215293e+006  1.9624998e+006  2.3576090e+006  2.5157993e+006  2.3530603e+006  2.0992515e+006  1.7756408e+006  1.3935758e+006  1.2438893e+006  1.2354605e+006  1.1494568e+006  9.6837850e+005  7.5923875e+005  5.3848700e+005  3.2343928e+005
  3.7257125e+005  1.4989413e+006  1.8761298e+006  1.8354910e+006  1.9472068e+006  2.2661275e+006  2.5527943e+006  2.4193158e+006  2.1476323e+006  1.8733813e+006  1.4601015e+006  1.2523695e+006  1.2398673e+006  1.1609955e+006  1.0094930e+006  7.6718700e+005  5.6039775e+005  3.3665647e+005
  3.8448175e+005  1.5126200e+006  1.9017905e+006  1.8563405e+006  1.9408928e+006  2.1885065e+006  2.5799780e+006  2.4819235e+006  2.2152433e+006  1.9649795e+006  1.5306415e+006  1.2740490e+006  1.2397963e+006  1.1714723e+006  1.0449260e+006  7.7862875e+005  5.8391975e+005  3.5057665e+005
  3.9917625e+005  1.5298168e+006  1.9212355e+006  1.8777085e+006  1.9361638e+006  2.1307200e+006  2.5666235e+006  2.5356588e+006  2.2848168e+006  2.0512060e+006  1.6011573e+006  1.3050203e+006  1.2374380e+006  1.1816950e+006  1.0694460e+006  8.0223625e+005  6.0581450e+005  3.6557963e+005
  4.0494450e+005  1.5552853e+006  1.9349428e+006  1.9004460e+006  1.9306270e+006  2.0930115e+006  2.5073670e+006  2.5763195e+006  2.3477550e+006  2.1147453e+006  1.6841480e+006  1.3449988e+006  1.2350253e+006  1.1923698e+006  1.0836490e+006  8.3646625e+005  6.2196150e+005  3.8200372e+005
  4.0108400e+005  1.5879983e+006  1.9465353e+006  1.9279890e+006  1.9298190e+006  2.0705673e+006  2.4280020e+006  2.6043578e+006  2.4111208e+006  2.1510628e+006  1.7845118e+006  1.3964168e+006  1.2354113e+006  1.2020195e+006  1.0916485e+006  8.7377750e+005  6.3178625e+005  3.9849700e+005
  3.9304925e+005  1.6138825e+006  1.9571365e+006  1.9562515e+006  1.9392303e+006  2.0514565e+006  2.3425550e+006  2.6255030e+006  2.4731773e+006  2.1882425e+006  1.8836008e+006  1.4572900e+006  1.2457248e+006  1.2082800e+006  1.0980155e+006  9.0893000e+005  6.3749075e+005  4.1451350e+005
  3.8617175e+005  1.6185093e+006  1.9717373e+006  1.9797130e+006  1.9591895e+006  2.0332073e+006  2.2623023e+006  2.6365970e+006  2.5270160e+006  2.2435268e+006  1.9737403e+006  1.5215205e+006  1.2680043e+006  1.2102758e+006  1.1048505e+006  9.3747175e+005  6.4561500e+005  4.3116875e+005
  3.8261400e+005  1.6044043e+006  1.9930323e+006  1.9965433e+006  1.9848983e+006  2.0194573e+006  2.2024565e+006  2.6227445e+006  2.5763163e+006  2.3087963e+006  2.0570858e+006  1.5871755e+006  1.2973798e+006  1.2094658e+006  1.1132518e+006  9.5566425e+005  6.6340975e+005  4.4617825e+005
  3.7508250e+005  1.5848985e+006  2.0180690e+006  2.0082583e+006  2.0101133e+006  2.0155763e+006  2.1670735e+006  2.5784138e+006  2.6219075e+006  2.3781470e+006  2.1200910e+006  1.6683023e+006  1.3339265e+006  1.2077443e+006  1.1239693e+006  9.6614375e+005  6.9101900e+005  4.5741950e+005
