  3.6145000e-002  1.6730000e-003  8.0700000e-004  5.6000000e-004  9.2800000e-004  1.6510000e-003  1.7560000e-003  2.3560000e-003  2.8430000e-003  3.7330000e-003  4.9040000e-003  7.3790000e-003  1.1039000e-002  1.8506000e-002  2.7170000e-002  4.2703000e-002  7.2240000e-002  1.1778500e-001
  3.4934000e-002  1.5070000e-003  6.4300000e-004  5.9300000e-004  1.0480000e-003  1.5880000e-003  1.8700000e-003  2.3170000e-003  2.5270000e-003  3.6820000e-003  4.6000000e-003  7.2560000e-003  1.0047000e-002  1.7203000e-002  2.5713000e-002  3.6270000e-002  6.3338000e-002  1.0020800e-001
  3.0095000e-002  1.2110000e-003  6.2800000e-004  6.2100000e-004  1.0610000e-003  1.3600000e-003  1.6950000e-003  2.0120000e-003  2.5610000e-003  3.1700000e-003  4.2140000e-003  6.7480000e-003  9.2700000e-003  1.6015000e-002  2.3286000e-002  3.8124000e-002  5.5782000e-002  9.2267000e-002
  2.4592000e-002  1.3740000e-003  6.2100000e-004  5.4100000e-004  8.6600000e-004  1.2510000e-003  1.6150000e-003  1.9980000e-003  2.4270000e-003  3.5020000e-003  4.6100000e-003  6.6350000e-003  9.8330000e-003  1.7283000e-002  2.5826000e-002  3.8771000e-002  6.1979000e-002  9.6843000e-002
  2.3643000e-002  1.1950000e-003  5.3000000e-004  4.4000000e-004  9.5300000e-004  1.3780000e-003  1.9640000e-003  2.0570000e-003  2.5680000e-003  3.2320000e-003  4.7640000e-003  6.6160000e-003  1.0194000e-002  1.6243000e-002  2.5189000e-002  3.9750000e-002  6.1395000e-002  9.2547000e-002
  2.0617000e-002  1.3410000e-003  5.8300000e-004  4.6900000e-004  9.8200000e-004  1.3270000e-003  1.7000000e-003  1.9870000e-003  2.6310000e-003  3.5710000e-003  4.7530000e-003  7.1650000e-003  9.9180000e-003  1.5993000e-002  2.5327000e-002  4.1320000e-002  6.0796000e-002  9.4167000e-002
  2.0120000e-002  1.4410000e-003  4.9700000e-004  4.3000000e-004  9.4500000e-004  1.4850000e-003  2.0380000e-003  2.1830000e-003  2.9430000e-003  3.5740000e-003  5.1440000e-003  7.3530000e-003  1.0005000e-002  1.6348000e-002  2.4952000e-002  4.2125000e-002  6.2592000e-002  9.6775000e-002
  2.1440000e-002  1.3510000e-003  5.0800000e-004  4.3900000e-004  9.5600000e-004  1.4590000e-003  1.9610000e-003  2.4130000e-003  2.9480000e-003  3.4850000e-003  5.4390000e-003  7.2140000e-003  1.0570000e-002  1.7025000e-002  2.6147000e-002  4.1980000e-002  6.7901000e-002  9.9857000e-002
  2.0242000e-002  9.7900000e-004  5.7000000e-004  4.2100000e-004  1.0710000e-003  1.9630000e-003  2.0470000e-003  2.4950000e-003  2.9810000e-003  3.8410000e-003  5.3950000e-003  7.5360000e-003  1.0757000e-002  1.6275000e-002  2.6284000e-002  4.1438000e-002  6.6665000e-002  1.0086700e-001
  1.5075000e-002  1.2630000e-003  5.8900000e-004  5.1500000e-004  9.9300000e-004  1.8430000e-003  2.1690000e-003  2.2430000e-003  2.9460000e-003  3.8300000e-003  5.2020000e-003  7.1100000e-003  1.0188000e-002  1.5834000e-002  2.3959000e-002  3.8694000e-002  6.2952000e-002  9.2968000e-002
  1.7276000e-002  1.2700000e-003  6.0900000e-004  4.3900000e-004  1.0540000e-003  1.9660000e-003  2.2120000e-003  2.3600000e-003  3.0980000e-003  3.9110000e-003  5.4110000e-003  7.3460000e-003  1.0557000e-002  1.6223000e-002  2.5812000e-002  4.2149000e-002  6.7582000e-002  9.5366000e-002
  1.7751000e-002  1.3200000e-003  4.5100000e-004  3.9000000e-004  8.1500000e-004  1.8170000e-003  2.1260000e-003  2.6290000e-003  3.0680000e-003  4.0600000e-003  5.4090000e-003  7.2030000e-003  1.0588000e-002  1.5893000e-002  2.4904000e-002  3.9694000e-002  6.6018000e-002  9.6391000e-002
  1.9544000e-002  1.1360000e-003  4.3100000e-004  3.5200000e-004  9.3500000e-004  1.6770000e-003  2.1930000e-003  2.5130000e-003  3.1750000e-003  4.1480000e-003  6.0080000e-003  7.9020000e-003  1.0940000e-002  1.5564000e-002  2.4121000e-002  3.9497000e-002  6.4202000e-002  9.3148000e-002
  1.9774000e-002  1.0880000e-003  5.9200000e-004  4.1500000e-004  8.8800000e-004  1.8790000e-003  2.2330000e-003  2.7450000e-003  3.2630000e-003  4.4040000e-003  5.8250000e-003  8.0290000e-003  1.0696000e-002  1.6258000e-002  2.5241000e-002  3.9188000e-002  6.5167000e-002  9.6397000e-002
  1.8409000e-002  1.1370000e-003  5.2700000e-004  3.8700000e-004  1.0420000e-003  1.7390000e-003  2.2030000e-003  2.6770000e-003  3.3620000e-003  4.2950000e-003  6.0310000e-003  7.6020000e-003  1.1085000e-002  1.6288000e-002  2.4927000e-002  3.8465000e-002  6.4388000e-002  9.9131000e-002
  1.7306000e-002  1.2560000e-003  5.9300000e-004  4.2100000e-004  1.0210000e-003  1.5690000e-003  2.1980000e-003  2.6450000e-003  3.2650000e-003  4.6540000e-003  6.2420000e-003  8.5980000e-003  1.1383000e-002  1.6892000e-002  2.4855000e-002  3.9959000e-002  6.5779000e-002  1.0016500e-001
  1.8619000e-002  1.2170000e-003  5.3100000e-004  4.4200000e-004  1.1070000e-003  1.6340000e-003  2.0700000e-003  2.7220000e-003  3.5000000e-003  4.3950000e-003  6.3390000e-003  8.3040000e-003  1.2036000e-002  1.6716000e-002  2.4181000e-002  4.0890000e-002  6.3523000e-002  1.0525200e-001
  1.7290000e-002  1.2230000e-003  5.6300000e-004  4.6300000e-004  1.1540000e-003  1.6330000e-003  2.1800000e-003  2.6420000e-003  3.8220000e-003  4.6710000e-003  6.4450000e-003  8.6950000e-003  1.1802000e-002  1.6956000e-002  2.5688000e-002  4.0624000e-002  6.4556000e-002  1.0662200e-001
  1.4561000e-002  1.0710000e-003  4.8200000e-004  3.7400000e-004  1.1890000e-003  1.7030000e-003  2.2830000e-003  2.7530000e-003  3.9270000e-003  4.7610000e-003  6.6080000e-003  8.8850000e-003  1.2272000e-002  1.7295000e-002  2.5671000e-002  4.1183000e-002  6.7184000e-002  1.0690300e-001
  1.6715000e-002  1.1300000e-003  5.3600000e-004  5.1700000e-004  1.0730000e-003  1.8150000e-003  2.2150000e-003  2.7740000e-003  3.9590000e-003  4.9930000e-003  6.8070000e-003  9.2010000e-003  1.1774000e-002  1.7166000e-002  2.4905000e-002  4.0580000e-002  6.1915000e-002  1.0003200e-001
  1.5242000e-002  1.2210000e-003  6.3400000e-004  4.5900000e-004  1.1290000e-003  1.6890000e-003  2.1810000e-003  2.8380000e-003  3.7500000e-003  5.2320000e-003  6.5770000e-003  9.1150000e-003  1.1822000e-002  1.6856000e-002  2.3970000e-002  3.7169000e-002  5.9480000e-002  9.7448000e-002
  1.4511000e-002  1.0790000e-003  5.5200000e-004  4.2900000e-004  1.0370000e-003  1.5800000e-003  1.9610000e-003  2.8010000e-003  3.7060000e-003  4.9340000e-003  6.5010000e-003  9.3390000e-003  1.2420000e-002  1.7315000e-002  2.5114000e-002  3.7893000e-002  6.3220000e-002  1.0028200e-001
  1.3461000e-002  1.1460000e-003  5.3400000e-004  4.2400000e-004  1.1330000e-003  1.4640000e-003  1.9680000e-003  2.6770000e-003  3.7670000e-003  5.3840000e-003  7.1970000e-003  9.9760000e-003  1.2588000e-002  1.7960000e-002  2.5972000e-002  4.0395000e-002  6.4663000e-002  1.0608700e-001
  1.4350000e-002  1.1370000e-003  4.4000000e-004  4.0000000e-004  9.7300000e-004  1.3740000e-003  1.8770000e-003  2.5180000e-003  3.4670000e-003  4.9300000e-003  6.7820000e-003  9.3350000e-003  1.2711000e-002  1.7682000e-002  2.6292000e-002  4.0695000e-002  6.8178000e-002  1.0948900e-001
  1.1744000e-002  9.9300000e-004  4.5700000e-004  4.2400000e-004  8.0000000e-004  1.2070000e-003  1.3550000e-003  2.0150000e-003  2.7790000e-003  4.2120000e-003  5.6660000e-003  8.1980000e-003  1.1368000e-002  1.6324000e-002  2.4354000e-002  3.8998000e-002  6.2218000e-002  1.0046100e-001
  1.2343000e-002  8.1500000e-004  4.1900000e-004  3.6200000e-004  8.1600000e-004  1.1550000e-003  1.4600000e-003  1.7760000e-003  2.7170000e-003  4.0430000e-003  5.6360000e-003  8.7310000e-003  1.2479000e-002  1.6333000e-002  2.4910000e-002  3.9021000e-002  6.2594000e-002  1.0305500e-001
  1.1311000e-002  9.2300000e-004  5.0400000e-004  4.1400000e-004  9.1300000e-004  1.4200000e-003  1.4810000e-003  1.9320000e-003  2.8630000e-003  4.1940000e-003  6.0090000e-003  8.3880000e-003  1.1750000e-002  1.7449000e-002  2.4234000e-002  3.9087000e-002  6.2928000e-002  1.0283300e-001
  1.0614000e-002  8.4300000e-004  4.8200000e-004  3.9200000e-004  1.0850000e-003  1.3860000e-003  1.6930000e-003  2.3270000e-003  3.1360000e-003  4.6610000e-003  6.9610000e-003  8.6090000e-003  1.2527000e-002  1.7045000e-002  2.6326000e-002  3.8952000e-002  6.0106000e-002  9.7862000e-002
  1.0540000e-002  7.8800000e-004  4.4900000e-004  3.6900000e-004  9.2400000e-004  1.2570000e-003  1.6470000e-003  2.1900000e-003  3.3570000e-003  4.8860000e-003  6.9760000e-003  9.0580000e-003  1.3429000e-002  1.8428000e-002  2.6159000e-002  4.0134000e-002  6.3858000e-002  1.0098900e-001
  1.4390000e-002  7.3600000e-004  5.2500000e-004  4.1200000e-004  1.1410000e-003  1.6780000e-003  1.9840000e-003  2.5620000e-003  3.6410000e-003  5.2740000e-003  7.8040000e-003  1.0077000e-002  1.3478000e-002  1.9427000e-002  2.6118000e-002  3.8458000e-002  6.2075000e-002  1.0062100e-001
  1.6202000e-002  8.2900000e-004  4.9400000e-004  4.0100000e-004  9.3800000e-004  1.5860000e-003  1.7470000e-003  2.4480000e-003  3.8310000e-003  5.4810000e-003  7.8790000e-003  1.0107000e-002  1.4250000e-002  1.9159000e-002  2.6341000e-002  3.9141000e-002  6.2341000e-002  9.9217000e-002
  1.4869000e-002  7.2400000e-004  4.4500000e-004  3.8500000e-004  1.0810000e-003  1.8190000e-003  2.0740000e-003  2.8610000e-003  4.3590000e-003  6.2800000e-003  9.5680000e-003  1.2274000e-002  1.5960000e-002  2.1504000e-002  2.8159000e-002  4.2004000e-002  6.5629000e-002  1.0878400e-001
  1.3595000e-002  8.3000000e-004  4.5500000e-004  3.8000000e-004  1.0920000e-003  1.8220000e-003  2.4260000e-003  3.2680000e-003  4.5870000e-003  7.1450000e-003  9.8550000e-003  1.3114000e-002  1.6843000e-002  2.2236000e-002  2.8663000e-002  4.1548000e-002  6.4945000e-002  1.0574000e-001
  1.2439000e-002  7.6700000e-004  3.6200000e-004  3.5300000e-004  9.9100000e-004  1.6000000e-003  2.1110000e-003  2.9980000e-003  4.4000000e-003  7.2540000e-003  9.6460000e-003  1.3536000e-002  1.6236000e-002  2.1640000e-002  2.8699000e-002  4.0466000e-002  6.1947000e-002  1.0220500e-001
  9.9360000e-003  6.4300000e-004  3.1100000e-004  3.2800000e-004  9.8200000e-004  1.7720000e-003  1.9010000e-003  2.7350000e-003  3.7810000e-003  6.2660000e-003  8.9570000e-003  1.1475000e-002  1.4931000e-002  1.9996000e-002  2.7305000e-002  3.8820000e-002  6.0505000e-002  9.9940000e-002
  1.0257000e-002  6.3100000e-004  3.3200000e-004  3.0100000e-004  7.6200000e-004  1.8210000e-003  1.9390000e-003  2.5370000e-003  3.4240000e-003  5.1960000e-003  7.6820000e-003  1.0748000e-002  1.3632000e-002  1.8374000e-002  2.6330000e-002  3.7101000e-002  5.8401000e-002  1.0289100e-001
  9.2440000e-003  6.2600000e-004  3.5500000e-004  2.8600000e-004  8.1000000e-004  1.6090000e-003  1.9490000e-003  2.2660000e-003  3.3640000e-003  4.9740000e-003  7.9370000e-003  1.0231000e-002  1.3494000e-002  1.8316000e-002  2.6135000e-002  3.7300000e-002  5.9948000e-002  9.6760000e-002
