
   1960        0     0.034716     0.043283     0.039082
   1960      14     0.001646     0.001793     0.001721
   1960      59     0.000738     0.000672     0.000704
   1960     1014    0.000527     0.000709     0.000619
   1960     1519    0.000812     0.001595     0.001201
   1960     2024    0.000976     0.002240     0.001578
   1960     2529    0.001328     0.002791     0.002018
   1960     3034    0.001411     0.003136     0.002185
   1960     3539    0.001891     0.004035     0.002791
   1960     4044    0.002586     0.004822     0.003532
   1960     4549    0.003754     0.006834     0.004991
   1960     5054    0.005795     0.009003     0.007356
   1960     5559    0.007922     0.014477     0.010781
   1960     6064    0.012733     0.022388     0.016616
   1960     6569    0.019177     0.027860     0.022796
   1960     7074    0.033508     0.047455     0.038286
   1960     7579    0.053295     0.072309     0.060044
   1960     8084    0.096066     0.108810     0.100212
   1960     8589    0.135624     0.161303     0.143562
   1960     9094    0.160847     0.223962     0.177023
   1960     9599    0.244796     0.234181     0.242234
   1960    100104   0.535198     0.654511     0.559072
   1960    105109   0.503091     0.626692     0.523671
   1960    110      0.392523     0.428571     0.396694
   1961        0     0.031036     0.041190     0.036226
   1961      14     0.001487     0.001849     0.001671
   1961      59     0.000552     0.000762     0.000659
   1961     1014    0.000338     0.000789     0.000566
   1961     1519    0.000588     0.001505     0.001045
   1961     2024    0.000817     0.002128     0.001447
   1961     2529    0.000910     0.002762     0.001785
   1961     3034    0.001188     0.003414     0.002215
   1961     3539    0.001669     0.003919     0.002602
   1961     4044    0.002304     0.005143     0.003517
   1961     4549    0.003358     0.006207     0.004511
   1961     5054    0.004975     0.009191     0.006953
   1961     5559    0.007476     0.014428     0.010619
   1961     6064    0.012585     0.023344     0.016887
   1961     6569    0.018640     0.030066     0.023382
   1961     7074    0.035700     0.050339     0.040852
   1961     7579    0.060800     0.076813     0.066388
   1961     8084    0.096329     0.105657     0.099423
   1961     8589    0.144197     0.159565     0.148844
   1961     9094    0.181945     0.208404     0.188849
   1961     9599    0.262888     0.256372     0.261309
   1961    100104   0.625260     0.611392     0.622518
   1961    105109   0.588235     0.585635     0.587814
   1961    110      0.495868     0.352941     0.478261
   1962        0     0.031097     0.040972     0.036145
   1962      14     0.001788     0.001562     0.001673
   1962      59     0.000639     0.000968     0.000807
   1962     1014    0.000469     0.000649     0.000560
   1962     1519    0.000572     0.001284     0.000928
   1962     2024    0.000923     0.002421     0.001651
   1962     2529    0.000974     0.002625     0.001756
   1962     3034    0.001431     0.003412     0.002356
   1962     3539    0.001879     0.004185     0.002843
   1962     4044    0.002691     0.005125     0.003733
   1962     4549    0.003318     0.007202     0.004904
   1962     5054    0.005017     0.010332     0.007379
   1962     5559    0.007717     0.014795     0.011039
   1962     6064    0.013817     0.025546     0.018506
   1962     6569    0.022099     0.034361     0.027170
   1962     7074    0.037766     0.051344     0.042703
   1962     7579    0.066826     0.082636     0.072240
   1962     8084    0.112310     0.128557     0.117785
   1962     8589    0.163148     0.191114     0.171469
   1962     9094    0.221247     0.243649     0.227371
   1962     9599    0.358746     0.391836     0.366728
   1962    100104   0.818577     0.723211     0.798224
   1962    105109   0.771429     0.722628     0.763092
   1962    110      0.694215     0.300000     0.638298
   1963        0     0.029993     0.039645     0.034934
   1963      14     0.001294     0.001713     0.001507
   1963      59     0.000517     0.000764     0.000643
   1963     1014    0.000466     0.000716     0.000593
   1963     1519    0.000501     0.001596     0.001048
   1963     2024    0.000975     0.002225     0.001588
   1963     2529    0.000969     0.002862     0.001870
   1963     3034    0.001451     0.003297     0.002317
   1963     3539    0.001718     0.003609     0.002527
   1963     4044    0.002486     0.005285     0.003682
   1963     4549    0.003041     0.006825     0.004600
   1963     5054    0.005383     0.009913     0.007256
   1963     5559    0.006997     0.013263     0.010047
   1963     6064    0.012346     0.024350     0.017203
   1963     6569    0.020417     0.033451     0.025713
   1963     7074    0.032984     0.041599     0.036270
   1963     7579    0.056524     0.077023     0.063338
   1963     8084    0.094378     0.111458     0.100208
   1963     8589    0.142283     0.186881     0.155430
   1963     9094    0.184900     0.213313     0.192893
   1963     9599    0.266564     0.292682     0.272834
   1963    100104   0.563449     0.687601     0.591139
   1963    105109   0.524642     0.671642     0.550459
   1963    110      0.442623     0.300000     0.422535
   1964        0     0.025544     0.034430     0.030095
   1964      14     0.001054     0.001363     0.001211
   1964      59     0.000525     0.000727     0.000628
   1964     1014    0.000578     0.000663     0.000621
   1964     1519    0.000678     0.001444     0.001061
   1964     2024    0.000879     0.001854     0.001360
   1964     2529    0.000851     0.002619     0.001695
   1964     3034    0.001149     0.002975     0.002012
   1964     3539    0.001562     0.003842     0.002561
   1964     4044    0.002187     0.004497     0.003170
   1964     4549    0.003183     0.005657     0.004214
   1964     5054    0.004497     0.010191     0.006748
   1964     5559    0.006929     0.011720     0.009270
   1964     6064    0.011952     0.021737     0.016015
   1964     6569    0.018125     0.031177     0.023286
   1964     7074    0.033014     0.045746     0.038124
   1964     7579    0.051647     0.064464     0.055782
   1964     8084    0.084516     0.107228     0.092267
   1964     8589    0.133161     0.147752     0.137499
   1964     9094    0.158970     0.195295     0.169300
   1964     9599    0.203030     0.241385     0.212024
   1964    100104   0.545916     0.552696     0.547411
   1964    105109   0.506764     0.539683     0.512417
   1964    110      0.431655     0.300000     0.415094
   1965        0     0.021837     0.027210     0.024592
   1965      14     0.001243     0.001499     0.001374
   1965      59     0.000512     0.000728     0.000621
   1965     1014    0.000430     0.000648     0.000541
   1965     1519    0.000522     0.001207     0.000866
   1965     2024    0.000743     0.001768     0.001251
   1965     2529    0.000863     0.002431     0.001615
   1965     3034    0.001049     0.003050     0.001998
   1965     3539    0.001594     0.003441     0.002427
   1965     4044    0.002322     0.005127     0.003502
   1965     4549    0.003352     0.006322     0.004610
   1965     5054    0.004531     0.009848     0.006635
   1965     5559    0.007045     0.012908     0.009833
   1965     6064    0.012345     0.023871     0.017283
   1965     6569    0.019701     0.035465     0.025826
   1965     7074    0.032536     0.047866     0.038771
   1965     7579    0.058382     0.069476     0.061979
   1965     8084    0.090547     0.109403     0.096843
   1965     8589    0.147002     0.165640     0.152672
   1965     9094    0.175946     0.217985     0.187801
   1965     9599    0.298226     0.262674     0.289994
   1965    100104   0.505407     0.654102     0.537884
   1965    105109   0.469462     0.648118     0.499451
   1965    110      0.375000     0.300000     0.366667
   1966        0     0.020353     0.026774     0.023643
   1966      14     0.001036     0.001347     0.001195
   1966      59     0.000375     0.000681     0.000530
   1966     1014    0.000391     0.000488     0.000440
   1966     1519    0.000614     0.001286     0.000953
   1966     2024    0.000895     0.001870     0.001378
   1966     2529    0.000885     0.003115     0.001964
   1966     3034    0.001002     0.003224     0.002057
   1966     3539    0.001763     0.003501     0.002568
   1966     4044    0.002022     0.004931     0.003232
   1966     4549    0.003099     0.006994     0.004764
   1966     5054    0.004830     0.009298     0.006616
   1966     5559    0.007172     0.013757     0.010194
   1966     6064    0.010983     0.022893     0.016243
   1966     6569    0.019326     0.034462     0.025189
   1966     7074    0.034055     0.048202     0.039750
   1966     7579    0.056111     0.071885     0.061395
   1966     8084    0.087434     0.103251     0.092547
   1966     8589    0.132739     0.149865     0.138042
   1966     9094    0.194602     0.206540     0.197904
   1966     9599    0.264074     0.247350     0.259994
   1966    100104   0.537232     0.627524     0.556050
   1966    105109   0.500894     0.615142     0.519057
   1966    110      0.433333     0.260870     0.413793
   1967        0     0.018024     0.023126     0.020617
   1967      14     0.001266     0.001414     0.001341
   1967      59     0.000494     0.000670     0.000583
   1967     1014    0.000299     0.000633     0.000469
   1967     1519    0.000421     0.001530     0.000982
   1967     2024    0.000674     0.001993     0.001327
   1967     2529    0.000748     0.002698     0.001700
   1967     3034    0.000889     0.003194     0.001987
   1967     3539    0.001410     0.004011     0.002631
   1967     4044    0.002151     0.005537     0.003571
   1967     4549    0.003220     0.006801     0.004753
   1967     5054    0.005150     0.010137     0.007165
   1967     5559    0.006455     0.014411     0.009918
   1967     6064    0.010923     0.022038     0.015993
   1967     6569    0.019534     0.034393     0.025327
   1967     7074    0.034685     0.051350     0.041320
   1967     7579    0.053561     0.074331     0.060796
   1967     8084    0.091872     0.099192     0.094167
   1967     8589    0.139496     0.160224     0.146001
   1967     9094    0.183378     0.253086     0.202209
   1967     9599    0.209493     0.297221     0.231647
   1967    100104   0.493825     0.734665     0.540446
   1967    105109   0.463158     0.718850     0.500115
   1967    110      0.415842     0.571429     0.430493
   1968        0     0.017561     0.022596     0.020120
   1968      14     0.001196     0.001676     0.001441
   1968      59     0.000336     0.000653     0.000497
   1968     1014    0.000341     0.000517     0.000430
   1968     1519    0.000531     0.001345     0.000945
   1968     2024    0.000796     0.002187     0.001485
   1968     2529    0.000777     0.003347     0.002038
   1968     3034    0.000983     0.003491     0.002183
   1968     3539    0.001626     0.004418     0.002943
   1968     4044    0.002273     0.005306     0.003574
   1968     4549    0.003638     0.007161     0.005144
   1968     5054    0.005238     0.010411     0.007353
   1968     5559    0.006965     0.014480     0.010005
   1968     6064    0.011548     0.021714     0.016348
   1968     6569    0.018676     0.034590     0.024952
   1968     7074    0.035916     0.051810     0.042125
   1968     7579    0.057462     0.071487     0.062592
   1968     8084    0.088550     0.115657     0.096775
   1968     8589    0.140998     0.153783     0.145086
   1968     9094    0.187642     0.200919     0.191215
   1968     9599    0.271215     0.369492     0.295628
   1968    100104   0.464754     0.536011     0.477480
   1968    105109   0.436623     0.524642     0.448076
   1968    110      0.376569     0.260870     0.366412
   1969        0     0.018217     0.024545     0.021440
   1969      14     0.001199     0.001498     0.001351
   1969      59     0.000367     0.000645     0.000508
   1969     1014    0.000309     0.000565     0.000439
   1969     1519    0.000608     0.001289     0.000956
   1969     2024    0.000600     0.002332     0.001459
   1969     2529    0.000621     0.003343     0.001961
   1969     3034    0.001071     0.003867     0.002413
   1969     3539    0.001565     0.004480     0.002948
   1969     4044    0.002142     0.005200     0.003485
   1969     4549    0.003637     0.007873     0.005439
   1969     5054    0.004798     0.010615     0.007214
   1969     5559    0.007654     0.015202     0.010570
   1969     6064    0.012240     0.022351     0.017025
   1969     6569    0.019033     0.036694     0.026147
   1969     7074    0.034473     0.054279     0.041980
   1969     7579    0.061575     0.077957     0.067901
   1969     8084    0.094773     0.112020     0.099857
   1969     8589    0.142085     0.155835     0.146522
   1969     9094    0.199796     0.222407     0.206048
   1969     9599    0.228024     0.285786     0.242024
   1969    100104   0.606358     0.443020     0.574445
   1969    105109   0.572443     0.433155     0.552617
   1969    110      0.516854     0.206897     0.486486
   1970        0     0.017698     0.022682     0.020242
   1970      14     0.000934     0.001022     0.000979
   1970      59     0.000466     0.000670     0.000570
   1970     1014    0.000275     0.000563     0.000421
   1970     1519    0.000479     0.001636     0.001071
   1970     2024    0.000834     0.003099     0.001963
   1970     2529    0.000896     0.003235     0.002047
   1970     3034    0.001163     0.003929     0.002495
   1970     3539    0.001476     0.004645     0.002981
   1970     4044    0.002447     0.005533     0.003841
   1970     4549    0.003546     0.007949     0.005395
   1970     5054    0.005421     0.010439     0.007536
   1970     5559    0.006699     0.017174     0.010757
   1970     6064    0.010832     0.022667     0.016275
   1970     6569    0.018925     0.036694     0.026284
   1970     7074    0.033930     0.054220     0.041438
   1970     7579    0.059626     0.077583     0.066665
   1970     8084    0.095303     0.114142     0.100867
   1970     8589    0.147000     0.165431     0.152817
   1970     9094    0.210299     0.222297     0.213737
   1970     9599    0.231453     0.241868     0.233940
   1970    100104   0.751551     0.862906     0.775375
   1970    105109   0.704459     0.832461     0.724096
   1970    110      0.627907     0.620690     0.627178
   1971        0     0.012970     0.017083     0.015075
   1971      14     0.001245     0.001280     0.001263
   1971      59     0.000501     0.000673     0.000589
   1971     1014    0.000398     0.000629     0.000515
   1971     1519    0.000491     0.001476     0.000993
   1971     2024    0.000618     0.003059     0.001843
   1971     2529    0.000701     0.003692     0.002169
   1971     3034    0.000953     0.003618     0.002243
   1971     3539    0.001440     0.004611     0.002946
   1971     4044    0.002220     0.005696     0.003830
   1971     4549    0.003302     0.007889     0.005202
   1971     5054    0.004298     0.010937     0.007110
   1971     5559    0.006833     0.015384     0.010188
   1971     6064    0.010507     0.022508     0.015834
   1971     6569    0.017109     0.033237     0.023959
   1971     7074    0.031645     0.050724     0.038694
   1971     7579    0.056434     0.073396     0.062952
   1971     8084    0.088291     0.103562     0.092968
   1971     8589    0.131659     0.152088     0.137852
   1971     9094    0.184978     0.200255     0.189458
   1971     9599    0.245245     0.264131     0.249782
   1971    100104   0.390985     0.522936     0.418137
   1971    105109   0.363851     0.503497     0.384010
   1971    110      0.334572     0.230769     0.325424
   1972        0     0.015209     0.019253     0.017276
   1972      14     0.001156     0.001380     0.001270
   1972      59     0.000439     0.000774     0.000609
   1972     1014    0.000304     0.000569     0.000439
   1972     1519    0.000475     0.001614     0.001054
   1972     2024    0.000834     0.003081     0.001966
   1972     2529    0.000836     0.003639     0.002212
   1972     3034    0.001093     0.003697     0.002360
   1972     3539    0.001490     0.004871     0.003098
   1972     4044    0.002091     0.005975     0.003911
   1972     4549    0.003429     0.008184     0.005411
   1972     5054    0.004641     0.011055     0.007346
   1972     5559    0.006943     0.016039     0.010557
   1972     6064    0.010817     0.023652     0.016223
   1972     6569    0.018769     0.034880     0.025812
   1972     7074    0.034532     0.054987     0.042149
   1972     7579    0.060218     0.079718     0.067582
   1972     8084    0.089295     0.108097     0.095366
   1972     8589    0.139125     0.158753     0.144843
   1972     9094    0.196952     0.203707     0.198945
   1972     9599    0.315687     0.282420     0.307275
   1972    100104   0.490765     0.632646     0.518757
   1972    105109   0.457460     0.610825     0.478554
   1972    110      0.380665     0.444444     0.385475
   1973        0     0.015460     0.019948     0.017751
   1973      14     0.001238     0.001400     0.001320
   1973      59     0.000356     0.000544     0.000451
   1973     1014    0.000250     0.000523     0.000390
   1973     1519    0.000494     0.001124     0.000815
   1973     2024    0.000648     0.002962     0.001817
   1973     2529    0.000829     0.003469     0.002126
   1973     3034    0.001157     0.004174     0.002629
   1973     3539    0.001478     0.004816     0.003068
   1973     4044    0.002177     0.006185     0.004060
   1973     4549    0.003400     0.008116     0.005409
   1973     5054    0.004826     0.010500     0.007203
   1973     5559    0.007194     0.015648     0.010588
   1973     6064    0.011164     0.023196     0.015893
   1973     6569    0.017778     0.033546     0.024904
   1973     7074    0.032770     0.051210     0.039694
   1973     7579    0.058102     0.079556     0.066018
   1973     8084    0.092526     0.103805     0.096391
   1973     8589    0.133490     0.153758     0.139180
   1973     9094    0.174558     0.202865     0.182992
   1973     9599    0.264336     0.261617     0.263601
   1973    100104   0.580665     0.611035     0.586622
   1973    105109   0.540955     0.579674     0.546196
   1973    110      0.453782     0.400000     0.449612
   1974        0     0.016340     0.022645     0.019544
   1974      14     0.001049     0.001219     0.001136
   1974      59     0.000367     0.000493     0.000431
   1974     1014    0.000240     0.000459     0.000352
   1974     1519    0.000593     0.001261     0.000935
   1974     2024    0.000676     0.002651     0.001677
   1974     2529    0.001062     0.003360     0.002193
   1974     3034    0.001075     0.004017     0.002513
   1974     3539    0.001249     0.005286     0.003175
   1974     4044    0.002228     0.006304     0.004148
   1974     4549    0.003516     0.009232     0.006008
   1974     5054    0.005002     0.011984     0.007902
   1974     5559    0.007789     0.015557     0.010940
   1974     6064    0.010615     0.023721     0.015564
   1974     6569    0.017643     0.031953     0.024121
   1974     7074    0.032032     0.051594     0.039497
   1974     7579    0.057066     0.077024     0.064202
   1974     8084    0.088587     0.101268     0.093148
   1974     8589    0.130466     0.142753     0.133831
   1974     9094    0.180833     0.190606     0.183780
   1974     9599    0.202240     0.245285     0.214065
   1974    100104   0.450669     0.406229     0.441265
   1974    105109   0.417693     0.384530     0.412901
   1974    110      0.391645     0.333333     0.386635
   1975        0     0.016849     0.022615     0.019774
   1975      14     0.000855     0.001312     0.001088
   1975      59     0.000458     0.000722     0.000592
   1975     1014    0.000350     0.000477     0.000415
   1975     1519    0.000418     0.001331     0.000888
   1975     2024    0.000708     0.003017     0.001879
   1975     2529    0.000861     0.003634     0.002233
   1975     3034    0.001086     0.004485     0.002745
   1975     3539    0.001347     0.005354     0.003263
   1975     4044    0.002170     0.006914     0.004404
   1975     4549    0.003476     0.008718     0.005825
   1975     5054    0.005477     0.011702     0.008029
   1975     5559    0.007157     0.015793     0.010696
   1975     6064    0.011318     0.024343     0.016258
   1975     6569    0.018209     0.034204     0.025241
   1975     7074    0.030474     0.052775     0.039188
   1975     7579    0.056882     0.080655     0.065167
   1975     8084    0.089173     0.109032     0.096397
   1975     8589    0.143203     0.154097     0.146220
   1975     9094    0.180377     0.194090     0.184449
   1975     9599    0.239610     0.285881     0.252178
   1975    100104   0.532052     0.363090     0.490460
   1975    105109   0.493080     0.345955     0.468453
   1975    110      0.453089     0.250000     0.432990
   1976        0     0.015312     0.021396     0.018409
   1976      14     0.001010     0.001260     0.001137
   1976      59     0.000351     0.000697     0.000527
   1976     1014    0.000308     0.000462     0.000387
   1976     1519    0.000478     0.001566     0.001042
   1976     2024    0.000621     0.002830     0.001739
   1976     2529    0.000779     0.003643     0.002203
   1976     3034    0.001078     0.004363     0.002677
   1976     3539    0.001349     0.005539     0.003362
   1976     4044    0.002189     0.006665     0.004295
   1976     4549    0.003293     0.009256     0.006031
   1976     5054    0.004914     0.011544     0.007602
   1976     5559    0.006832     0.017187     0.011085
   1976     6064    0.010960     0.024848     0.016288
   1976     6569    0.017813     0.034600     0.024927
   1976     7074    0.030060     0.051064     0.038465
   1976     7579    0.055943     0.080313     0.064388
   1976     8084    0.091452     0.112970     0.099131
   1976     8589    0.141125     0.152054     0.144300
   1976     9094    0.208133     0.214777     0.210032
   1976     9599    0.261474     0.295408     0.270562
   1976    100104   0.431838     0.772009     0.517400
   1976    105109   0.399550     0.750000     0.458762
   1976    110      0.335404     0.654545     0.368030
   1977        0     0.013628     0.020836     0.017306
   1977      14     0.001167     0.001343     0.001256
   1977      59     0.000565     0.000620     0.000593
   1977     1014    0.000220     0.000614     0.000421
   1977     1519    0.000435     0.001563     0.001021
   1977     2024    0.000528     0.002583     0.001569
   1977     2529    0.000713     0.003693     0.002198
   1977     3034    0.001103     0.004268     0.002645
   1977     3539    0.001519     0.005137     0.003265
   1977     4044    0.002578     0.006992     0.004654
   1977     4549    0.003545     0.009353     0.006242
   1977     5054    0.005473     0.013121     0.008598
   1977     5559    0.007618     0.016849     0.011383
   1977     6064    0.011613     0.025234     0.016892
   1977     6569    0.018107     0.034879     0.024855
   1977     7074    0.031069     0.052645     0.039959
   1977     7579    0.056565     0.083045     0.065779
   1977     8084    0.092443     0.114662     0.100165
   1977     8589    0.137581     0.151318     0.141823
   1977     9094    0.170950     0.197599     0.178271
   1977     9599    0.247251     0.255231     0.249386
   1977    100104   0.344632     0.470894     0.372889
   1977    105109   0.318176     0.460064     0.338999
   1977    110      0.275510     0.321429     0.279503
   1978        0     0.016054     0.021081     0.018619
   1978      14     0.001111     0.001320     0.001217
   1978      59     0.000409     0.000648     0.000531
   1978     1014    0.000289     0.000590     0.000442
   1978     1519    0.000594     0.001583     0.001107
   1978     2024    0.000681     0.002551     0.001634
   1978     2529    0.000883     0.003259     0.002070
   1978     3034    0.001266     0.004251     0.002722
   1978     3539    0.001576     0.005556     0.003500
   1978     4044    0.002196     0.006863     0.004395
   1978     4549    0.003623     0.009460     0.006339
   1978     5054    0.005190     0.012625     0.008304
   1978     5559    0.007706     0.018419     0.012036
   1978     6064    0.011325     0.025139     0.016716
   1978     6569    0.017362     0.035439     0.024181
   1978     7074    0.030721     0.054629     0.040890
   1978     7579    0.054521     0.080211     0.063523
   1978     8084    0.096006     0.123513     0.105252
   1978     8589    0.147227     0.162700     0.152308
   1978     9094    0.189731     0.202753     0.193188
   1978     9599    0.244878     0.255554     0.247832
   1978    100104   0.376046     0.545000     0.412540
   1978    105109   0.348356     0.530035     0.373776
   1978    110      0.298755     0.461538     0.312183
   1979        0     0.014957     0.019525     0.017290
   1979      14     0.000932     0.001507     0.001223
   1979      59     0.000448     0.000674     0.000563
   1979     1014    0.000283     0.000638     0.000463
   1979     1519    0.000562     0.001710     0.001154
   1979     2024    0.000560     0.002649     0.001633
   1979     2529    0.000695     0.003655     0.002180
   1979     3034    0.001019     0.004341     0.002642
   1979     3539    0.001806     0.005973     0.003822
   1979     4044    0.002206     0.007426     0.004671
   1979     4549    0.003783     0.009502     0.006445
   1979     5054    0.005161     0.013391     0.008695
   1979     5559    0.007111     0.018803     0.011802
   1979     6064    0.011387     0.025598     0.016956
   1979     6569    0.018811     0.037725     0.025688
   1979     7074    0.031302     0.053217     0.040624
   1979     7579    0.054785     0.082326     0.064556
   1979     8084    0.097201     0.126400     0.106622
   1979     8589    0.142008     0.157862     0.147451
   1979     9094    0.181182     0.198305     0.185608
   1979     9599    0.232719     0.283807     0.247315
   1979    100104   0.402533     0.487056     0.420414
   1979    105109   0.374440     0.471184     0.387580
   1979    110      0.329439     0.405405     0.335484
   1980        0     0.012735     0.016304     0.014561
   1980      14     0.000921     0.001217     0.001071
   1980      59     0.000323     0.000636     0.000482
   1980     1014    0.000254     0.000490     0.000374
   1980     1519    0.000552     0.001798     0.001189
   1980     2024    0.000607     0.002729     0.001703
   1980     2529    0.000772     0.003780     0.002283
   1980     3034    0.000862     0.004719     0.002753
   1980     3539    0.001788     0.006212     0.003927
   1980     4044    0.002208     0.007602     0.004761
   1980     4549    0.003591     0.010086     0.006608
   1980     5054    0.005448     0.013250     0.008885
   1980     5559    0.007753     0.019127     0.012272
   1980     6064    0.012046     0.025357     0.017295
   1980     6569    0.018616     0.037991     0.025671
   1980     7074    0.031529     0.054899     0.041183
   1980     7579    0.057027     0.085162     0.067184
   1980     8084    0.096835     0.128970     0.106903
   1980     8589    0.139880     0.158795     0.146382
   1980     9094    0.193634     0.199709     0.195212
   1980     9599    0.258326     0.286674     0.266409
   1980    100104   0.458248     0.493991     0.466071
   1980    105109   0.427298     0.480267     0.434682
   1980    110      0.382979     0.409091     0.385116
   1981        0     0.014290     0.019020     0.016715
   1981      14     0.001112     0.001148     0.001130
   1981      59     0.000388     0.000681     0.000536
   1981     1014    0.000327     0.000700     0.000517
   1981     1519    0.000484     0.001638     0.001073
   1981     2024    0.000732     0.002830     0.001815
   1981     2529    0.000722     0.003700     0.002215
   1981     3034    0.001119     0.004483     0.002774
   1981     3539    0.001979     0.006086     0.003959
   1981     4044    0.002375     0.007883     0.004993
   1981     4549    0.003873     0.010196     0.006807
   1981     5054    0.005153     0.014141     0.009201
   1981     5559    0.007703     0.018038     0.011774
   1981     6064    0.011140     0.026396     0.017166
   1981     6569    0.017819     0.037145     0.024905
   1981     7074    0.031488     0.054302     0.040580
   1981     7579    0.052727     0.077546     0.061915
   1981     8084    0.090183     0.121869     0.100032
   1981     8589    0.135937     0.158105     0.143311
   1981     9094    0.177334     0.214064     0.187275
   1981     9599    0.256345     0.323044     0.274523
   1981    100104   0.488001     0.635079     0.520712
   1981    105109   0.453670     0.616352     0.476428
   1981    110      0.414179     0.586957     0.427835
   1982        0     0.013639     0.016775     0.015242
   1982      14     0.001182     0.001258     0.001221
   1982      59     0.000484     0.000779     0.000634
   1982     1014    0.000288     0.000623     0.000459
   1982     1519    0.000501     0.001729     0.001129
   1982     2024    0.000595     0.002722     0.001689
   1982     2529    0.000840     0.003511     0.002181
   1982     3034    0.001123     0.004604     0.002838
   1982     3539    0.001986     0.005642     0.003750
   1982     4044    0.002535     0.008187     0.005232
   1982     4549    0.003571     0.010050     0.006577
   1982     5054    0.004904     0.014172     0.009115
   1982     5559    0.007670     0.018103     0.011822
   1982     6064    0.011498     0.025142     0.016856
   1982     6569    0.017645     0.034770     0.023970
   1982     7074    0.027908     0.052405     0.037169
   1982     7579    0.049803     0.075000     0.059480
   1982     8084    0.087839     0.118575     0.097448
   1982     8589    0.132806     0.161721     0.142047
   1982     9094    0.178260     0.210764     0.187559
   1982     9599    0.219396     0.283183     0.235447
   1982    100104   0.415006     0.499489     0.433661
   1982    105109   0.384057     0.485427     0.397936
   1982    110      0.344013     0.442105     0.351288
   1983        0     0.012153     0.016750     0.014511
   1983      14     0.000915     0.001237     0.001079
   1983      59     0.000466     0.000636     0.000552
   1983     1014    0.000318     0.000535     0.000429
   1983     1519    0.000449     0.001599     0.001037
   1983     2024    0.000616     0.002499     0.001580
   1983     2529    0.000770     0.003134     0.001961
   1983     3034    0.001159     0.004486     0.002801
   1983     3539    0.001904     0.005633     0.003706
   1983     4044    0.002266     0.007848     0.004934
   1983     4549    0.003455     0.010011     0.006501
   1983     5054    0.005297     0.014191     0.009339
   1983     5559    0.007499     0.019579     0.012420
   1983     6064    0.011433     0.026507     0.017315
   1983     6569    0.018859     0.035696     0.025114
   1983     7074    0.029361     0.053544     0.037893
   1983     7579    0.052895     0.078709     0.063220
   1983     8084    0.091239     0.119698     0.100282
   1983     8589    0.144540     0.165665     0.151008
   1983     9094    0.188743     0.204976     0.193716
   1983     9599    0.227942     0.283529     0.240952
   1983    100104   0.394452     0.506303     0.419460
   1983    105109   0.366022     0.489189     0.382931
   1983    110      0.330396     0.457143     0.339468
   1984        0     0.010655     0.016120     0.013461
   1984      14     0.001012     0.001274     0.001146
   1984      59     0.000436     0.000630     0.000534
   1984     1014    0.000327     0.000517     0.000424
   1984     1519    0.000588     0.001654     0.001133
   1984     2024    0.000652     0.002242     0.001464
   1984     2529    0.000628     0.003284     0.001968
   1984     3034    0.001031     0.004353     0.002677
   1984     3539    0.001595     0.006088     0.003767
   1984     4044    0.002443     0.008593     0.005384
   1984     4549    0.003738     0.011169     0.007197
   1984     5054    0.005710     0.015099     0.009976
   1984     5559    0.008015     0.018988     0.012588
   1984     6064    0.011700     0.027856     0.017960
   1984     6569    0.018736     0.038124     0.025972
   1984     7074    0.032349     0.056074     0.040395
   1984     7579    0.054124     0.080472     0.064663
   1984     8084    0.097068     0.124734     0.106087
   1984     8589    0.157977     0.181061     0.164718
   1984     9094    0.206050     0.243965     0.218240
   1984     9599    0.251197     0.240338     0.248725
   1984    100104   0.340630     0.643205     0.403925
   1984    105109   0.316699     0.630208     0.356224
   1984    110      0.280899     0.550000     0.299652
   1985        0     0.011720     0.016879     0.014350
   1985      14     0.001125     0.001148     0.001137
   1985      59     0.000280     0.000596     0.000440
   1985     1014    0.000276     0.000519     0.000400
   1985     1519    0.000500     0.001421     0.000973
   1985     2024    0.000505     0.002208     0.001374
   1985     2529    0.000798     0.002934     0.001877
   1985     3034    0.001065     0.003993     0.002518
   1985     3539    0.001612     0.005443     0.003467
   1985     4044    0.002650     0.007420     0.004930
   1985     4549    0.003674     0.010336     0.006782
   1985     5054    0.005216     0.014290     0.009335
   1985     5559    0.007924     0.019135     0.012711
   1985     6064    0.011570     0.027525     0.017682
   1985     6569    0.018800     0.038760     0.026292
   1985     7074    0.031540     0.058483     0.040695
   1985     7579    0.057627     0.084987     0.068178
   1985     8084    0.098519     0.131316     0.109489
   1985     8589    0.155886     0.191183     0.165799
   1985     9094    0.218046     0.251108     0.228602
   1985     9599    0.263960     0.298255     0.271901
   1985    100104   0.411445     0.671198     0.459033
   1985    105109   0.384372     0.649977     0.413200
   1985    110      0.353698     0.564103     0.366112
   1986        0     0.009695     0.013687     0.011744
   1986      14     0.000909     0.001073     0.000993
   1986      59     0.000380     0.000531     0.000457
   1986     1014    0.000377     0.000469     0.000424
   1986     1519    0.000394     0.001183     0.000800
   1986     2024    0.000623     0.001764     0.001207
   1986     2529    0.000661     0.002037     0.001355
   1986     3034    0.001002     0.003043     0.002015
   1986     3539    0.001466     0.004169     0.002779
   1986     4044    0.002283     0.006329     0.004212
   1986     4549    0.003011     0.008681     0.005666
   1986     5054    0.004651     0.012456     0.008198
   1986     5559    0.007008     0.017005     0.011368
   1986     6064    0.010804     0.025336     0.016324
   1986     6569    0.017546     0.035651     0.024354
   1986     7074    0.031153     0.054073     0.038998
   1986     7579    0.052731     0.078376     0.062218
   1986     8084    0.092530     0.115552     0.100461
   1986     8589    0.149818     0.166233     0.154385
   1986     9094    0.195650     0.225940     0.204940
   1986     9599    0.252400     0.288340     0.261084
   1986    100104   0.389198     0.534759     0.413916
   1986    105109   0.364224     0.514915     0.379163
   1986    110      0.336982     0.465517     0.343708
   1987        0     0.011345     0.013284     0.012343
   1987      14     0.000705     0.000920     0.000815
   1987      59     0.000292     0.000542     0.000419
   1987     1014    0.000259     0.000461     0.000362
   1987     1519    0.000540     0.001076     0.000816
   1987     2024    0.000573     0.001706     0.001155
   1987     2529    0.000610     0.002298     0.001460
   1987     3034    0.000746     0.002819     0.001776
   1987     3539    0.001287     0.004226     0.002717
   1987     4044    0.002120     0.006150     0.004043
   1987     4549    0.003125     0.008462     0.005636
   1987     5054    0.005040     0.013146     0.008731
   1987     5559    0.007262     0.019132     0.012479
   1987     6064    0.010997     0.024902     0.016333
   1987     6569    0.017748     0.036883     0.024910
   1987     7074    0.031278     0.053729     0.039021
   1987     7579    0.053279     0.079972     0.062594
   1987     8084    0.095409     0.116694     0.103055
   1987     8589    0.149805     0.182993     0.159166
   1987     9094    0.215400     0.230573     0.219870
   1987     9599    0.240006     0.302759     0.255974
   1987    100104   0.410588     0.525148     0.429869
   1987    105109   0.384957     0.510693     0.397228
   1987    110      0.362399     0.461538     0.367594
   1988        0     0.010859     0.011743     0.011311
   1988      14     0.000784     0.001057     0.000923
   1988      59     0.000362     0.000640     0.000504
   1988     1014    0.000307     0.000518     0.000414
   1988     1519    0.000428     0.001366     0.000913
   1988     2024    0.000598     0.002197     0.001420
   1988     2529    0.000567     0.002380     0.001481
   1988     3034    0.000964     0.002911     0.001932
   1988     3539    0.001435     0.004363     0.002863
   1988     4044    0.002176     0.006398     0.004194
   1988     4549    0.003224     0.009129     0.006009
   1988     5054    0.004586     0.012922     0.008388
   1988     5559    0.007394     0.017295     0.011750
   1988     6064    0.011532     0.026614     0.017449
   1988     6569    0.017400     0.035749     0.024234
   1988     7074    0.031035     0.054271     0.039087
   1988     7579    0.054440     0.080696     0.062928
   1988     8084    0.092311     0.120656     0.102833
   1988     8589    0.153155     0.189070     0.163523
   1988     9094    0.211045     0.240350     0.219247
   1988     9599    0.279065     0.282993     0.280138
   1988    100104   0.410919     0.458928     0.419264
   1988    105109   0.386838     0.449768     0.393149
   1988    110      0.356049     0.377622     0.357169
   1989        0     0.009399     0.011773     0.010614
   1989      14     0.000730     0.000951     0.000843
   1989      59     0.000421     0.000541     0.000482
   1989     1014    0.000231     0.000548     0.000392
   1989     1519    0.000671     0.001474     0.001085
   1989     2024    0.000584     0.002142     0.001386
   1989     2529    0.000796     0.002568     0.001693
   1989     3034    0.000998     0.003674     0.002327
   1989     3539    0.001516     0.004826     0.003136
   1989     4044    0.002547     0.006969     0.004661
   1989     4549    0.003589     0.010733     0.006961
   1989     5054    0.004829     0.013098     0.008609
   1989     5559    0.007303     0.019153     0.012527
   1989     6064    0.010926     0.026205     0.017045
   1989     6569    0.018637     0.039455     0.026326
   1989     7074    0.031300     0.053260     0.038952
   1989     7579    0.052492     0.077043     0.060106
   1989     8084    0.087358     0.115753     0.097862
   1989     8589    0.145379     0.181314     0.156020
   1989     9094    0.207954     0.243051     0.217157
   1989     9599    0.243750     0.270970     0.251694
   1989    100104   0.443936     0.475251     0.449765
   1989    105109   0.419216     0.462325     0.423839
   1989    110      0.387509     0.400000     0.388200
   1990        0     0.009905     0.011144     0.010540
   1990      14     0.000560     0.001008     0.000788
   1990      59     0.000341     0.000554     0.000449
   1990     1014    0.000270     0.000465     0.000369
   1990     1519    0.000548     0.001286     0.000924
   1990     2024    0.000423     0.002038     0.001257
   1990     2529    0.000570     0.002687     0.001647
   1990     3034    0.000977     0.003420     0.002190
   1990     3539    0.001606     0.005174     0.003357
   1990     4044    0.002564     0.007418     0.004886
   1990     4549    0.003697     0.010655     0.006976
   1990     5054    0.004609     0.014323     0.009058
   1990     5559    0.007614     0.020804     0.013429
   1990     6064    0.011810     0.027958     0.018428
   1990     6569    0.018231     0.040014     0.026159
   1990     7074    0.031035     0.056970     0.040134
   1990     7579    0.055206     0.082974     0.063858
   1990     8084    0.089807     0.121168     0.100989
   1990     8589    0.151841     0.175579     0.159046
   1990     9094    0.222340     0.241089     0.227053
   1990     9599    0.238330     0.307580     0.258183
   1990    100104   0.492971     0.510582     0.496524
   1990    105109   0.466987     0.495362     0.470288
   1990    110      0.435766     0.471910     0.437843
   1991        0     0.012824     0.015880     0.014390
   1991      14     0.000572     0.000892     0.000736
   1991      59     0.000370     0.000676     0.000525
   1991     1014    0.000325     0.000496     0.000412
   1991     1519    0.000609     0.001659     0.001141
   1991     2024    0.000575     0.002711     0.001678
   1991     2529    0.000645     0.003264     0.001984
   1991     3034    0.000909     0.004231     0.002562
   1991     3539    0.001618     0.005738     0.003641
   1991     4044    0.002762     0.008002     0.005274
   1991     4549    0.003866     0.012258     0.007804
   1991     5054    0.005193     0.015832     0.010077
   1991     5559    0.008082     0.020307     0.013478
   1991     6064    0.011605     0.030327     0.019427
   1991     6569    0.018662     0.039375     0.026118
   1991     7074    0.029920     0.054221     0.038458
   1991     7579    0.052011     0.084106     0.062075
   1991     8084    0.089772     0.121821     0.100621
   1991     8589    0.147916     0.173264     0.155872
   1991     9094    0.203322     0.252531     0.215498
   1991     9599    0.270033     0.285346     0.274171
   1991    100104   0.451670     0.464740     0.454552
   1991    105109   0.429749     0.452193     0.432607
   1991    110      0.397990     0.443350     0.400878
   1992        0     0.014128     0.018181     0.016202
   1992      14     0.000659     0.000991     0.000829
   1992      59     0.000310     0.000672     0.000494
   1992     1014    0.000279     0.000520     0.000401
   1992     1519    0.000499     0.001367     0.000938
   1992     2024    0.000552     0.002559     0.001586
   1992     2529    0.000681     0.002760     0.001747
   1992     3034    0.000950     0.003954     0.002448
   1992     3539    0.001509     0.006235     0.003831
   1992     4044    0.002824     0.008364     0.005481
   1992     4549    0.004122     0.012143     0.007879
   1992     5054    0.004731     0.016418     0.010107
   1992     5559    0.007908     0.022261     0.014250
   1992     6064    0.011229     0.030101     0.019159
   1992     6569    0.018009     0.040991     0.026341
   1992     7074    0.029136     0.057809     0.039141
   1992     7579    0.052207     0.084369     0.062341
   1992     8084    0.090594     0.117726     0.099217
   1992     8589    0.141784     0.171958     0.151691
   1992     9094    0.218480     0.250158     0.226371
   1992     9599    0.257392     0.300538     0.268516
   1992    100104   0.416702     0.603131     0.458975
   1992    105109   0.399551     0.588329     0.424253
   1992    110      0.372123     0.521739     0.382370
   1993        0     0.012820     0.016820     0.014869
   1993      14     0.000656     0.000789     0.000724
   1993      59     0.000354     0.000533     0.000445
   1993     1014    0.000232     0.000533     0.000385
   1993     1519    0.000539     0.001612     0.001081
   1993     2024    0.000643     0.002923     0.001819
   1993     2529    0.000737     0.003345     0.002074
   1993     3034    0.001008     0.004714     0.002861
   1993     3539    0.001830     0.006977     0.004359
   1993     4044    0.002636     0.010233     0.006280
   1993     4549    0.004646     0.015157     0.009568
   1993     5054    0.006341     0.019256     0.012274
   1993     5559    0.008662     0.025196     0.015960
   1993     6064    0.012423     0.034061     0.021504
   1993     6569    0.018987     0.043825     0.028159
   1993     7074    0.031568     0.061767     0.042004
   1993     7579    0.054666     0.089415     0.065629
   1993     8084    0.099140     0.131702     0.108784
   1993     8589    0.163754     0.195886     0.174675
   1993     9094    0.251764     0.281695     0.259454
   1993     9599    0.287856     0.293024     0.289140
   1993    100104   0.495925     0.646593     0.529056
   1993    105109   0.482186     0.631052     0.501021
   1993    110      0.453149     0.565022     0.460457
   1994        0     0.012264     0.014859     0.013595
   1994      14     0.000608     0.001041     0.000830
   1994      59     0.000316     0.000589     0.000455
   1994     1014    0.000329     0.000429     0.000380
   1994     1519    0.000554     0.001619     0.001092
   1994     2024    0.000686     0.002900     0.001822
   1994     2529    0.000849     0.003927     0.002426
   1994     3034    0.001212     0.005309     0.003268
   1994     3539    0.001858     0.007421     0.004587
   1994     4044    0.003228     0.011373     0.007145
   1994     4549    0.005119     0.015253     0.009855
   1994     5054    0.006578     0.020838     0.013114
   1994     5559    0.008781     0.027079     0.016843
   1994     6064    0.012779     0.035330     0.022236
   1994     6569    0.019188     0.044411     0.028663
   1994     7074    0.031094     0.061751     0.041548
   1994     7579    0.054908     0.086694     0.064945
   1994     8084    0.093937     0.135861     0.105740
   1994     8589    0.158319     0.185132     0.167388
   1994     9094    0.242445     0.253261     0.245330
   1994     9599    0.283032     0.381303     0.306007
   1994    100104   0.463440     0.779478     0.528147
   1994    105109   0.454618     0.761604     0.490483
   1994    110      0.432931     0.730159     0.449775
   1995        0     0.011011     0.013800     0.012439
   1995      14     0.000756     0.000779     0.000767
   1995      59     0.000300     0.000422     0.000362
   1995     1014    0.000279     0.000423     0.000353
   1995     1519    0.000520     0.001450     0.000991
   1995     2024    0.000570     0.002599     0.001600
   1995     2529    0.000826     0.003334     0.002111
   1995     3034    0.001110     0.004860     0.002998
   1995     3539    0.001980     0.006919     0.004400
   1995     4044    0.003290     0.011518     0.007254
   1995     4549    0.004753     0.015217     0.009646
   1995     5054    0.006599     0.021795     0.013536
   1995     5559    0.009045     0.025387     0.016236
   1995     6064    0.012914     0.033737     0.021640
   1995     6569    0.018762     0.044669     0.028699
   1995     7074    0.030786     0.059716     0.040466
   1995     7579    0.052140     0.083057     0.061947
   1995     8084    0.093727     0.124262     0.102205
   1995     8589    0.156428     0.180107     0.164096
   1995     9094    0.246042     0.249544     0.247011
   1995     9599    0.308361     0.323071     0.311583
   1995    100104   0.466858     0.642936     0.499495
   1995    105109   0.461026     0.633321     0.478936
   1995    110      0.441860     0.548780     0.447239
   1996        0     0.009224     0.010615     0.009936
   1996      14     0.000735     0.000554     0.000643
   1996      59     0.000261     0.000358     0.000311
   1996     1014    0.000230     0.000423     0.000328
   1996     1519    0.000525     0.001427     0.000982
   1996     2024    0.000594     0.002930     0.001772
   1996     2529    0.000630     0.003121     0.001901
   1996     3034    0.001078     0.004366     0.002735
   1996     3539    0.001859     0.005781     0.003781
   1996     4044    0.003059     0.009716     0.006266
   1996     4549    0.004687     0.013797     0.008957
   1996     5054    0.005847     0.018239     0.011475
   1996     5559    0.007917     0.023849     0.014931
   1996     6064    0.011871     0.031257     0.019996
   1996     6569    0.017714     0.042241     0.027305
   1996     7074    0.028970     0.058836     0.038820
   1996     7579    0.050298     0.082493     0.060505
   1996     8084    0.089701     0.126543     0.099940
   1996     8589    0.154119     0.181660     0.162531
   1996     9094    0.236822     0.262323     0.244148
   1996     9599    0.307021     0.360869     0.318708
   1996    100104   0.428328     0.764488     0.485505
   1996    105109   0.424975     0.761665     0.456242
   1996    110      0.427300     0.729730     0.441371
   1997        0     0.008668     0.011765     0.010257
   1997      14     0.000510     0.000746     0.000631
   1997      59     0.000213     0.000445     0.000332
   1997     1014    0.000233     0.000366     0.000301
   1997     1519    0.000340     0.001171     0.000762
   1997     2024    0.000662     0.002965     0.001821
   1997     2529    0.000678     0.003163     0.001939
   1997     3034    0.001111     0.003944     0.002537
   1997     3539    0.001574     0.005349     0.003424
   1997     4044    0.002374     0.008229     0.005196
   1997     4549    0.003852     0.012016     0.007682
   1997     5054    0.005524     0.017029     0.010748
   1997     5559    0.007491     0.021419     0.013632
   1997     6064    0.010283     0.029589     0.018374
   1997     6569    0.016488     0.041494     0.026330
   1997     7074    0.028063     0.055325     0.037101
   1997     7579    0.047651     0.081916     0.058401
   1997     8084    0.094216     0.125273     0.102891
   1997     8589    0.152104     0.176162     0.158956
   1997     9094    0.251617     0.239730     0.247984
   1997     9599    0.310176     0.316387     0.311578
   1997    100104   0.458517     0.438062     0.455141
   1997    105109   0.456031     0.452984     0.455765
   1997    110      0.494118     0.394161     0.489594
   1998        0     0.007976     0.010429     0.009244
   1998      14     0.000521     0.000726     0.000626
   1998      59     0.000305     0.000404     0.000355
   1998     1014    0.000276     0.000295     0.000286
   1998     1519    0.000490     0.001119     0.000810
   1998     2024    0.000656     0.002552     0.001609
   1998     2529    0.000679     0.003189     0.001949
   1998     3034    0.000719     0.003808     0.002266
   1998     3539    0.001666     0.005127     0.003364
   1998     4044    0.002451     0.007683     0.004974
   1998     4549    0.003899     0.012488     0.007937
   1998     5054    0.005412     0.015993     0.010231
   1998     5559    0.007522     0.021074     0.013494
   1998     6064    0.011047     0.028395     0.018316
   1998     6569    0.016615     0.040787     0.026135
   1998     7074    0.027850     0.055804     0.037300
   1998     7579    0.050222     0.081530     0.059948
   1998     8084    0.088656     0.117527     0.096760
   1998     8589    0.150747     0.167027     0.155063
   1998     9094    0.239807     0.254844     0.244662
   1998     9599    0.310477     0.294035     0.306431
   1998    100104   0.416281     0.659420     0.458081
   1998    105109   0.413381     0.707664     0.438769
   1998    110      0.499621     0.656934     0.507377
   1999        0     0.008462     0.008816     0.008645
   1999      14     0.000492     0.000720     0.000609
   1999      59     0.000252     0.000358     0.000306
   1999     1014    0.000249     0.000446     0.000349
   1999     1519    0.000545     0.001309     0.000935
   1999     2024    0.000575     0.002552     0.001571
   1999     2529    0.000789     0.003172     0.001988
   1999     3034    0.001002     0.003593     0.002293
   1999     3539    0.001459     0.005161     0.003280
   1999     4044    0.002253     0.007161     0.004617
   1999     4549    0.003507     0.011174     0.007126
   1999     5054    0.005235     0.015184     0.009768
   1999     5559    0.007030     0.021027     0.013195
   1999     6064    0.010507     0.028944     0.018238
   1999     6569    0.016239     0.039992     0.025607
   1999     7074    0.026639     0.054801     0.036355
   1999     7579    0.046714     0.080656     0.057118
   1999     8084    0.089934     0.120587     0.098579
   1999     8589    0.150109     0.170966     0.155396
   1999     9094    0.216122     0.242025     0.224427
   1999     9599    0.305144     0.350350     0.316892
   1999    100104   0.404039     0.674893     0.446690
   1999    105109   0.405033     0.826185     0.434535
   1999    110      0.546768     0.818182     0.558247
   2000        0     0.008674     0.008128     0.008392
   2000      14     0.000536     0.000818     0.000681
   2000      59     0.000180     0.000344     0.000264
   2000     1014    0.000215     0.000314     0.000266
   2000     1519    0.000441     0.001306     0.000881
   2000     2024    0.000540     0.002528     0.001546
   2000     2529    0.000651     0.002849     0.001748
   2000     3034    0.001028     0.003849     0.002430
   2000     3539    0.001312     0.004699     0.002980
   2000     4044    0.002032     0.006890     0.004370
   2000     4549    0.003763     0.010856     0.007119
   2000     5054    0.004734     0.015647     0.009716
   2000     5559    0.007286     0.020707     0.013194
   2000     6064    0.009928     0.028029     0.017522
   2000     6569    0.015737     0.038729     0.024810
   2000     7074    0.026350     0.054523     0.036312
   2000     7579    0.043694     0.076500     0.053551
   2000     8084    0.083715     0.114029     0.092316
   2000     8589    0.140000     0.163264     0.145821
   2000     9094    0.226266     0.218375     0.223851
   2000     9599    0.275994     0.304835     0.283628
   2000    100104   0.453118     0.644489     0.481317
   2000    105109   0.473943     0.914046     0.499573
   2000    110      0.701877     1.267606     0.718882
   2001        0     0.005806     0.009406     0.007658
   2001      14     0.000526     0.000735     0.000634
   2001      59     0.000128     0.000375     0.000254
   2001     1014    0.000143     0.000404     0.000277
   2001     1519    0.000399     0.001521     0.000970
   2001     2024    0.000678     0.002547     0.001626
   2001     2529    0.000621     0.003058     0.001836
   2001     3034    0.000946     0.004192     0.002555
   2001     3539    0.001590     0.005035     0.003288
   2001     4044    0.002279     0.007526     0.004805
   2001     4549    0.003690     0.011198     0.007244
   2001     5054    0.005454     0.016785     0.010642
   2001     5559    0.007435     0.022585     0.014091
   2001     6064    0.009679     0.029661     0.018071
   2001     6569    0.014681     0.039571     0.024502
   2001     7074    0.025291     0.054285     0.035775
   2001     7579    0.045724     0.081107     0.056209
   2001     8084    0.083343     0.115823     0.092532
   2001     8589    0.146582     0.172270     0.153036
   2001     9094    0.218684     0.236728     0.223906
   2001     9599    0.275925     0.285802     0.278659
   2001    100104   0.355822     0.495840     0.376957
   2001    105109   0.402073     0.886700     0.426878
   2001    110      0.665364     2.200000     0.687530
