  7.4918000e+004  3.1642800e+005  4.2765750e+005  3.2767850e+005  2.9690600e+005  2.8973000e+005  3.0568000e+005  3.1685850e+005  3.0733500e+005  3.1319800e+005  2.8424700e+005  2.5637250e+005  2.2405600e+005  1.8652700e+005  1.5642050e+005  1.1669600e+005  7.5984000e+004  3.7764500e+004
  7.5801500e+004  3.0580800e+005  4.3457500e+005  3.4224500e+005  3.0153500e+005  2.8795600e+005  3.0154850e+005  3.1768750e+005  3.0408350e+005  3.1527750e+005  2.8883850e+005  2.6034500e+005  2.2974250e+005  1.8953750e+005  1.5956400e+005  1.1887500e+005  7.8428000e+004  3.9080500e+004
  7.5559500e+004  3.0174100e+005  4.3112100e+005  3.6120550e+005  3.0656250e+005  2.8721600e+005  2.9680450e+005  3.1902700e+005  3.0170350e+005  3.1448500e+005  2.9489550e+005  2.6420500e+005  2.3484550e+005  1.9349800e+005  1.6188000e+005  1.2192050e+005  8.0820000e+004  4.0329500e+004
  7.4872500e+004  2.9994950e+005  4.1933800e+005  3.8433350e+005  3.1125450e+005  2.8665400e+005  2.9156900e+005  3.1567150e+005  3.0401250e+005  3.1132750e+005  3.0045250e+005  2.6869550e+005  2.3889700e+005  1.9853500e+005  1.6327150e+005  1.2560600e+005  8.3028500e+004  4.2064500e+004
  7.5024000e+004  2.9831400e+005  4.0345800e+005  4.0830100e+005  3.1607350e+005  2.8624100e+005  2.8635550e+005  3.0737750e+005  3.1037100e+005  3.0757450e+005  3.0420750e+005  2.7271250e+005  2.4212100e+005  2.0446950e+005  1.6555650e+005  1.2887300e+005  8.4809000e+004  4.4250000e+004
  7.4303500e+004  2.9774250e+005  3.8766500e+005  4.2553350e+005  3.2466400e+005  2.8740850e+005  2.8204250e+005  3.0090250e+005  3.1284250e+005  3.0309800e+005  3.0751000e+005  2.7656400e+005  2.4589200e+005  2.1009050e+005  1.6813600e+005  1.3147600e+005  8.6557000e+004  4.6325500e+004
  7.3451000e+004  2.9614850e+005  3.7742750e+005  4.3198600e+005  3.3905000e+005  2.9141000e+005  2.7904000e+005  2.9602500e+005  3.1319900e+005  2.9967000e+005  3.0951250e+005  2.8098800e+005  2.4974700e+005  2.1544050e+005  1.7086950e+005  1.3414450e+005  8.8464000e+004  4.8041000e+004
  7.2876500e+004  2.9491050e+005  3.7297250e+005  4.2833550e+005  3.5791300e+005  2.9749650e+005  2.7813100e+005  2.9111900e+005  3.1437750e+005  2.9722950e+005  3.0870800e+005  2.8695850e+005  2.5350800e+005  2.2022200e+005  1.7463500e+005  1.3626450e+005  9.1036000e+004  4.9599500e+004
  7.3123000e+004  2.9392050e+005  3.7067150e+005  4.1664200e+005  3.8094550e+005  3.0304850e+005  2.7849150e+005  2.8663500e+005  3.1150500e+005  2.9982650e+005  3.0562650e+005  2.9233250e+005  2.5796750e+005  2.2365150e+005  1.7955800e+005  1.3740600e+005  9.3947500e+004  5.0928500e+004
  7.4350500e+004  2.9283500e+005  3.7044800e+005  4.0117200e+005  4.0484050e+005  3.0903850e+005  2.8010200e+005  2.8324450e+005  3.0442000e+005  3.0691200e+005  3.0215300e+005  2.9618000e+005  2.6196200e+005  2.2670600e+005  1.8486900e+005  1.3946650e+005  9.6401000e+004  5.2036500e+004
  7.5723500e+004  2.9346150e+005  3.7097600e+005  3.8670100e+005  4.2244600e+005  3.1941850e+005  2.8440200e+005  2.8116500e+005  2.9963900e+005  3.1032550e+005  2.9842350e+005  2.9988500e+005  2.6561350e+005  2.3066400e+005  1.8982700e+005  1.4185000e+005  9.8356500e+004  5.3146000e+004
  7.8756500e+004  2.9577550e+005  3.6969650e+005  3.7786100e+005  4.2925350e+005  3.3462250e+005  2.9008950e+005  2.7910800e+005  2.9585600e+005  3.1133700e+005  2.9557150e+005  3.0202400e+005  2.7001500e+005  2.3439700e+005  1.9453750e+005  1.4425050e+005  1.0030700e+005  5.4277500e+004
  8.1533000e+004  3.0140950e+005  3.6830850e+005  3.7374550e+005  4.2591600e+005  3.5379750e+005  2.9573600e+005  2.7805350e+005  2.9087150e+005  3.1277200e+005  2.9345250e+005  3.0124900e+005  2.7590150e+005  2.3795150e+005  1.9832700e+005  1.4752250e+005  1.0199600e+005  5.5844500e+004
  8.3129000e+004  3.0931900e+005  3.6804150e+005  3.7149100e+005  4.1522950e+005  3.7638300e+005  3.0125500e+005  2.7872150e+005  2.8619400e+005  3.0989500e+005  2.9559600e+005  2.9853600e+005  2.8082000e+005  2.4220500e+005  2.0131550e+005  1.5149700e+005  1.0293650e+005  5.7625500e+004
  8.5583500e+004  3.1770250e+005  3.6847850e+005  3.7103150e+005  4.0076700e+005  3.9983200e+005  3.0757850e+005  2.8057050e+005  2.8270500e+005  3.0270600e+005  3.0197950e+005  2.9531550e+005  2.8435550e+005  2.4586000e+005  2.0428400e+005  1.5550800e+005  1.0439000e+005  5.9041500e+004
  8.3571500e+004  3.2764800e+005  3.6994800e+005  3.7123650e+005  3.8670000e+005  4.1812950e+005  3.1749300e+005  2.8438950e+005  2.8020250e+005  2.9781750e+005  3.0531700e+005  2.9145900e+005  2.8795600e+005  2.4892450e+005  2.0778900e+005  1.5943750e+005  1.0630250e+005  6.0454000e+004
  7.6821500e+004  3.3237000e+005  3.7469650e+005  3.6984500e+005  3.7784400e+005  4.2514350e+005  3.3161900e+005  2.8951100e+005  2.7787150e+005  2.9385350e+005  3.0632200e+005  2.8846200e+005  2.9005700e+005  2.5289800e+005  2.1111050e+005  1.6369050e+005  1.0863350e+005  6.2204500e+004
  7.1906000e+004  3.2800050e+005  3.8266350e+005  3.6838550e+005  3.7380650e+005  4.2259200e+005  3.5036700e+005  2.9503200e+005  2.7714800e+005  2.8885700e+005  3.0799050e+005  2.8618650e+005  2.8950950e+005  2.5852650e+005  2.1445950e+005  1.6706550e+005  1.1184850e+005  6.3819500e+004
  7.0157500e+004  3.1742750e+005  3.9220550e+005  3.6824500e+005  3.7272250e+005  4.1580950e+005  3.7546200e+005  3.0205300e+005  2.7916850e+005  2.8503750e+005  3.0596800e+005  2.8864550e+005  2.8709550e+005  2.6381450e+005  2.1852900e+005  1.6977250e+005  1.1543150e+005  6.5440000e+004
  7.2202500e+004  3.0265800e+005  4.0333150e+005  3.6887200e+005  3.7286700e+005  4.0351200e+005  4.0067550e+005  3.0962700e+005  2.8167950e+005  2.8216750e+005  2.9939000e+005  2.9528550e+005  2.8411000e+005  2.6755100e+005  2.2208250e+005  1.7284750e+005  1.1905700e+005  6.7590000e+004
  7.4589000e+004  2.9207250e+005  4.1159950e+005  3.7037300e+005  3.7292300e+005  3.8929850e+005  4.1923050e+005  3.1940800e+005  2.8524450e+005  2.7953250e+005  2.9453200e+005  2.9842600e+005  2.8074800e+005  2.7056750e+005  2.2510100e+005  1.7621600e+005  1.2272050e+005  6.9526000e+004
  7.2715000e+004  2.9032000e+005  4.1039450e+005  3.7559900e+005  3.7216900e+005  3.8226700e+005  4.2826550e+005  3.3413200e+005  2.9065000e+005  2.7744850e+005  2.9070350e+005  2.9940150e+005  2.7796900e+005  2.7240800e+005  2.2881500e+005  1.7942250e+005  1.2625150e+005  7.1477500e+004
  7.0230000e+004  2.9132050e+005  4.0139450e+005  3.8411150e+005  3.7097100e+005  3.7890150e+005  4.2633400e+005  3.5330450e+005  2.9610250e+005  2.7655400e+005  2.8551750e+005  3.0101400e+005  2.7530450e+005  2.7199000e+005  2.3394450e+005  1.8267050e+005  1.2899450e+005  7.3924500e+004
  7.0600500e+004  2.9120350e+005  3.8855050e+005  3.9307700e+005  3.6972450e+005  3.7496900e+005  4.1570150e+005  3.7503800e+005  3.0122850e+005  2.7691850e+005  2.8070650e+005  2.9826800e+005  2.7718400e+005  2.6963400e+005  2.3864650e+005  1.8614450e+005  1.3124500e+005  7.6596500e+004
  6.8195000e+004  2.8969950e+005  3.7536000e+005  4.0359550e+005  3.6944700e+005  3.7329900e+005  4.0099550e+005  3.9751600e+005  3.0738750e+005  2.7834350e+005  2.7708850e+005  2.9118800e+005  2.8331200e+005  2.6659650e+005  2.4197650e+005  1.8910050e+005  1.3361850e+005  7.9304000e+004
  6.3317500e+004  2.8393650e+005  3.6697900e+005  4.1196950e+005  3.7135550e+005  3.7375200e+005  3.8723450e+005  4.1605250e+005  3.1715000e+005  2.8204800e+005  2.7451700e+005  2.8638900e+005  2.8617850e+005  2.6329800e+005  2.4498650e+005  1.9190100e+005  1.3669600e+005  8.2199000e+004
  6.1798000e+004  2.7493350e+005  3.6365000e+005  4.1077400e+005  3.7695150e+005  3.7280300e+005  3.7909650e+005  4.2453350e+005  3.3151850e+005  2.8738100e+005  2.7242700e+005  2.8269650e+005  2.8696450e+005  2.6068050e+005  2.4677000e+005  1.9547250e+005  1.3986100e+005  8.5071500e+004
  6.0565000e+004  2.6627650e+005  3.6302700e+005  4.0204800e+005  3.8589150e+005  3.7187300e+005  3.7575550e+005  4.2270650e+005  3.5034600e+005  2.9294800e+005  2.7166750e+005  2.7778300e+005  2.8840800e+005  2.5806450e+005  2.4645500e+005  1.9992250e+005  1.4268750e+005  8.7119500e+004
  5.8199500e+004  2.5576250e+005  3.6409150e+005  3.9009700e+005  3.9553900e+005  3.7165800e+005  3.7379250e+005  4.1332150e+005  3.7272050e+005  2.9858750e+005  2.7243400e+005  2.7326850e+005  2.8579900e+005  2.5966250e+005  2.4433950e+005  2.0394600e+005  1.4551950e+005  8.8802000e+004
  5.5073000e+004  2.4524700e+005  3.6002950e+005  3.7724250e+005  4.0613250e+005  3.7150800e+005  3.7304000e+005  3.9943600e+005  3.9574950e+005  3.0499050e+005  2.7398450e+005  2.6996050e+005  2.7910300e+005  2.6532450e+005  2.4150900e+005  2.0686550e+005  1.4790850e+005  9.0586000e+004
  5.2811000e+004  2.3656350e+005  3.4864100e+005  3.6829300e+005  4.1401100e+005  3.7266200e+005  3.7282050e+005  3.8523600e+005  4.1359850e+005  3.1434800e+005  2.7749850e+005  2.6740800e+005  2.7454250e+005  2.6788100e+005  2.3849200e+005  2.0958050e+005  1.5017750e+005  9.2809000e+004
  5.1743000e+004  2.2741800e+005  3.3736150e+005  3.6431650e+005  4.1249450e+005  3.7785200e+005  3.7130450e+005  3.7657900e+005  4.2146650e+005  3.2820500e+005  2.8259600e+005  2.6522300e+005  2.7099850e+005  2.6848450e+005  2.3586850e+005  2.1147000e+005  1.5312800e+005  9.4968000e+004
  5.1322500e+004  2.1856450e+005  3.2690000e+005  3.6325800e+005  4.0358300e+005  3.8684750e+005  3.7003050e+005  3.7286900e+005  4.1935400e+005  3.4659750e+005  2.8800500e+005  2.6437550e+005  2.6628550e+005  2.6981400e+005  2.3327000e+005  2.1153000e+005  1.5695700e+005  9.7130500e+004
  5.2816000e+004  2.1194800e+005  3.1403200e+005  3.6412650e+005  3.9180500e+005  3.9763300e+005  3.7124100e+005  3.7131800e+005  4.1021150e+005  3.6884300e+005  2.9367600e+005  2.6513250e+005  2.6192600e+005  2.6748800e+005  2.3477450e+005  2.0988150e+005  1.6047750e+005  9.9534500e+004
  5.4608000e+004  2.1031250e+005  3.0117300e+005  3.6044850e+005  3.7993150e+005  4.1040800e+005  3.7385250e+005  3.7197400e+005  3.9706700e+005  3.9217300e+005  3.0026550e+005  2.6684500e+005  2.5869900e+005  2.6139700e+005  2.4001800e+005  2.0754250e+005  1.6306150e+005  1.0167400e+005
  5.5787500e+004  2.1260350e+005  2.9132200e+005  3.4990600e+005  3.7190500e+005  4.1953000e+005  3.7688700e+005  3.7311400e+005  3.8369400e+005  4.1034450e+005  3.0980000e+005  2.7041550e+005  2.5619350e+005  2.5710900e+005  2.4230650e+005  2.0506050e+005  1.6556050e+005  1.0369350e+005
  5.7493500e+004  2.1662600e+005  2.8184850e+005  3.3932600e+005  3.6784150e+005  4.1755600e+005  3.8254000e+005  3.7227050e+005  3.7544100e+005  4.1819300e+005  3.2357200e+005  2.7550900e+005  2.5408350e+005  2.5374500e+005  2.4275000e+005  2.0292050e+005  1.6751150e+005  1.0596450e+005
  5.9997500e+004  2.2250150e+005  2.7313200e+005  3.2928250e+005  3.6648250e+005  4.0779050e+005  3.9115350e+005  3.7122100e+005  3.7167200e+005  4.1592800e+005  3.4163800e+005  2.8083950e+005  2.5334050e+005  2.4943500e+005  2.4385950e+005  2.0082300e+005  1.6788450e+005  1.0895250e+005
  6.2313000e+004  2.2954450e+005  2.6846400e+005  3.1675500e+005  3.6747500e+005  3.9589850e+005  4.0091150e+005  3.7200300e+005  3.6995450e+005  4.0683250e+005  3.6344500e+005  2.8644900e+005  2.5412600e+005  2.4554300e+005  2.4196450e+005  2.0214100e+005  1.6668150e+005  1.1168250e+005
  6.3875500e+004  2.3747500e+005  2.6864800e+005  3.0428900e+005  3.6407600e+005  3.8409400e+005  4.1235250e+005  3.7383300e+005  3.7062150e+005  3.9383300e+005  3.8636850e+005  2.9304550e+005  2.5595150e+005  2.4283300e+005  2.3701850e+005  2.0655250e+005  1.6490650e+005  1.1361200e+005
  6.5987000e+004  2.4588950e+005  2.7212550e+005  2.9475200e+005  3.5386650e+005  3.7641350e+005  4.2128000e+005  3.7697000e+005  3.7205200e+005  3.8070550e+005  4.0442850e+005  3.0259300e+005  2.5977400e+005  2.4087900e+005  2.3369100e+005  2.0847000e+005  1.6305600e+005  1.1548450e+005
  6.7505500e+004  2.5460400e+005  2.7816100e+005  2.8563650e+005  3.4368900e+005  3.7359450e+005  4.2094100e+005  3.8370300e+005  3.7201400e+005  3.7306700e+005  4.1265050e+005  3.1644200e+005  2.6529400e+005  2.3911550e+005  2.3087900e+005  2.0887750e+005  1.6116100e+005  1.1666450e+005
  6.8532500e+004  2.6226150e+005  2.8706400e+005  2.7722550e+005  3.3394700e+005  3.7337800e+005  4.1321550e+005  3.9357450e+005  3.7202000e+005  3.7009150e+005  4.1101200e+005  3.3448450e+005  2.7103200e+005  2.3847000e+005  2.2704150e+005  2.0996300e+005  1.5924500e+005  1.1686450e+005
  6.9905000e+004  2.6924300e+005  2.9769150e+005  2.7345850e+005  3.2226050e+005  3.7553200e+005  4.0332150e+005  4.0500850e+005  3.7439250e+005  3.6950150e+005  4.0289850e+005  3.5641150e+005  2.7709450e+005  2.3956600e+005  2.2363900e+005  2.0840450e+005  1.6021350e+005  1.1604900e+005
  6.8948000e+004  2.7605400e+005  3.0850150e+005  2.7481000e+005  3.1080550e+005  3.7347000e+005  3.9341750e+005  4.1793350e+005  3.7762100e+005  3.7109200e+005  3.9083350e+005  3.7943250e+005  2.8404650e+005  2.4185600e+005  2.2124850e+005  2.0410800e+005  1.6367600e+005  1.1476650e+005
