  5.9673050e+004  2.3434134e+005  2.5166108e+005  2.3749077e+005  2.1992990e+005  2.3616039e+005  2.3797395e+005  2.4147347e+005  2.0017645e+005  1.4225983e+005  1.2682886e+005  1.5571491e+005  1.5164803e+005  1.2262265e+005  9.4309710e+004  6.7883470e+004  3.9074080e+004  2.1789255e+004
  5.6942080e+004  2.3885079e+005  2.5985117e+005  2.3950040e+005  2.1557595e+005  2.3743457e+005  2.3638826e+005  2.4165158e+005  2.1052575e+005  1.5805736e+005  1.1912558e+005  1.4760373e+005  1.5874973e+005  1.2719525e+005  9.7041365e+004  6.9411710e+004  4.1654030e+004  2.2859990e+004
  5.5200005e+004  2.3778232e+005  2.7075520e+005  2.3992588e+005  2.1864452e+005  2.3381432e+005  2.3601564e+005  2.3911125e+005  2.2099466e+005  1.7191719e+005  1.1532001e+005  1.4195732e+005  1.6256552e+005  1.3150410e+005  9.9293170e+004  7.1149425e+004  4.5264710e+004  2.4281075e+004
  5.3874390e+004  2.3301882e+005  2.8168317e+005  2.4204898e+005  2.2298444e+005  2.2958409e+005  2.3600276e+005  2.3738973e+005  2.2960132e+005  1.8224202e+005  1.1849472e+005  1.3810662e+005  1.6156844e+005  1.3423641e+005  1.0288581e+005  7.4010775e+004  4.7758760e+004  2.5702995e+004
  5.3237250e+004  2.2682325e+005  2.9251658e+005  2.4530693e+005  2.2675894e+005  2.2350541e+005  2.3625910e+005  2.3768685e+005  2.3674355e+005  1.9056629e+005  1.2740001e+005  1.3210579e+005  1.5822003e+005  1.3729019e+005  1.0735389e+005  7.6437955e+004  5.0394610e+004  2.6950155e+004
  5.3358080e+004  2.2139758e+005  3.0007978e+005  2.5167994e+005  2.3110950e+005  2.1473333e+005  2.3769986e+005  2.3853410e+005  2.4062058e+005  1.9939803e+005  1.4011940e+005  1.2448683e+005  1.5194588e+005  1.4443550e+005  1.1142630e+005  7.8999915e+004  5.2270280e+004  2.8141860e+004
  5.3490035e+004  2.1853705e+005  3.0172433e+005  2.6262911e+005  2.3388205e+005  2.0936090e+005  2.3751399e+005  2.3778494e+005  2.4094354e+005  2.0958127e+005  1.5609251e+005  1.1627533e+005  1.4442690e+005  1.5157661e+005  1.1626623e+005  8.1384915e+004  5.3295290e+004  2.9419640e+004
  5.2238110e+004  2.1762141e+005  2.9916589e+005  2.7569075e+005  2.3530645e+005  2.1181059e+005  2.3161506e+005  2.3878679e+005  2.3822533e+005  2.1984586e+005  1.6991095e+005  1.1229950e+005  1.3862363e+005  1.5556640e+005  1.2046190e+005  8.3491440e+004  5.4014995e+004  3.1001845e+004
  5.2627890e+004  2.1561077e+005  2.9307121e+005  2.8727340e+005  2.3906915e+005  2.1753678e+005  2.2625598e+005  2.3891826e+005  2.3615906e+005  2.2811810e+005  1.8036197e+005  1.1545054e+005  1.3425235e+005  1.5417923e+005  1.2248694e+005  8.7447965e+004  5.5295025e+004  3.3068645e+004
  5.4938030e+004  2.1389733e+005  2.8550164e+005  2.9695227e+005  2.4479789e+005  2.2415868e+005  2.2128827e+005  2.3806066e+005  2.3695211e+005  2.3421817e+005  1.8879526e+005  1.2435023e+005  1.2840351e+005  1.4995192e+005  1.2519670e+005  9.1637605e+004  5.7318580e+004  3.5134570e+004
  5.4662300e+004  2.1496136e+005  2.7900130e+005  3.0282685e+005  2.5238614e+005  2.3196641e+005  2.1381247e+005  2.3894998e+005  2.3791809e+005  2.3753561e+005  1.9701016e+005  1.3749009e+005  1.2067636e+005  1.4405345e+005  1.3109938e+005  9.5049180e+004  5.9702455e+004  3.6595445e+004
  5.2637560e+004  2.1582397e+005  2.7464586e+005  3.0265123e+005  2.6382582e+005  2.3720968e+005  2.1113808e+005  2.3808360e+005  2.3763652e+005  2.3741204e+005  2.0649433e+005  1.5368099e+005  1.1285864e+005  1.3709982e+005  1.3700579e+005  9.8709495e+004  6.1844485e+004  3.7732565e+004
  5.1302495e+004  2.1574209e+005  2.7130900e+005  2.9836965e+005  2.7596414e+005  2.4023758e+005  2.1703050e+005  2.3281447e+005  2.3874363e+005  2.3504335e+005  2.1535975e+005  1.6755545e+005  1.0931528e+005  1.3197183e+005  1.3991804e+005  1.0224194e+005  6.3486525e+004  3.8886395e+004
  5.1209110e+004  2.1416199e+005  2.7011505e+005  2.9171172e+005  2.8591925e+005  2.4370364e+005  2.2527151e+005  2.2839724e+005  2.3900562e+005  2.3341511e+005  2.2250359e+005  1.7759779e+005  1.1246452e+005  1.2811492e+005  1.3846897e+005  1.0412044e+005  6.6722445e+004  3.9776895e+004
  5.1392280e+004  2.1110767e+005  2.7144259e+005  2.8455542e+005  2.9475407e+005  2.4779516e+005  2.3243255e+005  2.2409111e+005  2.3823530e+005  2.3470010e+005  2.2798884e+005  1.8547530e+005  1.2096671e+005  1.2241735e+005  1.3531629e+005  1.0643923e+005  7.0291435e+004  4.0443700e+004
  5.1630435e+004  2.0855547e+005  2.7312457e+005  2.7817496e+005  3.0074861e+005  2.5358186e+005  2.4023169e+005  2.1739345e+005  2.3922551e+005  2.3590797e+005  2.3117708e+005  1.9247539e+005  1.3388188e+005  1.1472547e+005  1.3111769e+005  1.1119201e+005  7.3273240e+004  4.1192765e+004
  5.0543715e+004  2.0784802e+005  2.7323938e+005  2.7391032e+005  3.0070592e+005  2.6368792e+005  2.4448486e+005  2.1599027e+005  2.3825679e+005  2.3594080e+005  2.3127375e+005  2.0060828e+005  1.4962992e+005  1.0743987e+005  1.2550925e+005  1.1607299e+005  7.6052050e+004  4.1828055e+004
  5.0350385e+004  2.0680308e+005  2.7183535e+005  2.7208356e+005  2.9731529e+005  2.7553416e+005  2.4544924e+005  2.2256536e+005  2.3282535e+005  2.3698427e+005  2.2947036e+005  2.0850060e+005  1.6250526e+005  1.0397311e+005  1.2095158e+005  1.1830904e+005  7.8659210e+004  4.2433145e+004
  5.1263170e+004  2.0535222e+005  2.6980734e+005  2.7269404e+005  2.9265550e+005  2.8599216e+005  2.4707008e+005  2.2995295e+005  2.2840759e+005  2.3649355e+005  2.2834917e+005  2.1485296e+005  1.7160163e+005  1.0621204e+005  1.1716814e+005  1.1689255e+005  8.0088070e+004  4.3439735e+004
  5.1493035e+004  2.0524287e+005  2.6666898e+005  2.7461114e+005  2.8698928e+005  2.9639835e+005  2.5011017e+005  2.3578756e+005  2.2351460e+005  2.3512684e+005  2.2931200e+005  2.1996292e+005  1.7885495e+005  1.1364722e+005  1.1138129e+005  1.1446997e+005  8.1624655e+004  4.4917280e+004
  5.2166710e+004  2.0560331e+005  2.6352056e+005  2.7640509e+005  2.8173915e+005  3.0437154e+005  2.5586623e+005  2.4209879e+005  2.1602142e+005  2.3545911e+005  2.2988615e+005  2.2303952e+005  1.8557941e+005  1.2529322e+005  1.0387863e+005  1.1124935e+005  8.5518195e+004  4.6782790e+004
  5.4869405e+004  2.0751705e+005  2.6099086e+005  2.7709844e+005  2.7785282e+005  3.0625602e+005  2.6676257e+005  2.4528968e+005  2.1343961e+005  2.3410506e+005  2.2921574e+005  2.2317277e+005  1.9331471e+005  1.3971145e+005  9.6684015e+004  1.0678186e+005  8.9497130e+004  4.8783040e+004
  5.7120170e+004  2.1215540e+005  2.6030732e+005  2.7583891e+005  2.7544714e+005  3.0410434e+005  2.7956805e+005  2.4596185e+005  2.1967702e+005  2.2835748e+005  2.2980347e+005  2.2122627e+005  2.0027309e+005  1.5184776e+005  9.3101245e+004  1.0307545e+005  9.1150955e+004  5.0400080e+004
  5.7602720e+004  2.1822855e+005  2.6123850e+005  2.7297659e+005  2.7553631e+005  2.9933495e+005  2.9107631e+005  2.4795104e+005  2.2740356e+005  2.2407286e+005  2.2911504e+005  2.1983477e+005  2.0551038e+005  1.6085826e+005  9.5130560e+004  9.9811505e+004  8.9904610e+004  5.1432245e+004
  5.8779510e+004  2.2472820e+005  2.6264084e+005  2.6910559e+005  2.7751307e+005  2.9264836e+005  3.0264937e+005  2.5178694e+005  2.3363488e+005  2.1945286e+005  2.2811519e+005  2.2040547e+005  2.0988513e+005  1.6828797e+005  1.0216299e+005  9.4764595e+004  8.7994785e+004  5.2982890e+004
  5.9225015e+004  2.3204600e+005  2.6492329e+005  2.6560351e+005  2.7932843e+005  2.8669563e+005  3.1094991e+005  2.5857247e+005  2.4077038e+005  2.1206034e+005  2.2912254e+005  2.2077428e+005  2.1256963e+005  1.7533489e+005  1.1275575e+005  8.8258680e+004  8.5535895e+004  5.5603370e+004
  5.7856035e+004  2.3722090e+005  2.7016446e+005  2.6353628e+005  2.8057683e+005  2.8186777e+005  3.1278355e+005  2.7027944e+005  2.4493420e+005  2.0963963e+005  2.2842247e+005  2.2015226e+005  2.1256584e+005  1.8281746e+005  1.2593504e+005  8.1866085e+004  8.2265080e+004  5.8105020e+004
  5.6131500e+004  2.3742550e+005  2.7623150e+005  2.6320950e+005  2.7955550e+005  2.7874700e+005  3.1034300e+005  2.8291300e+005  2.4566000e+005  2.1596350e+005  2.2281500e+005  2.2095500e+005  2.1069600e+005  1.8861000e+005  1.3746600e+005  7.8832500e+004  7.9956500e+004  5.9403100e+004
  5.5995000e+004  2.3374250e+005  2.8080000e+005  2.6320000e+005  2.7527250e+005  2.7895600e+005  3.0396850e+005  2.9310250e+005  2.4610050e+005  2.2299250e+005  2.1805950e+005  2.2033550e+005  2.0899800e+005  1.9240350e+005  1.4594400e+005  8.0927000e+004  7.7719500e+004  5.9255515e+004
  5.5965500e+004  2.2864300e+005  2.8588750e+005  2.6265100e+005  2.6954000e+005  2.8057750e+005  2.9489600e+005  3.0227300e+005  2.4786700e+005  2.2751750e+005  2.1255100e+005  2.1897000e+005  2.0871350e+005  1.9511850e+005  1.5250550e+005  8.7214500e+004  7.3758500e+004  5.8261480e+004
  5.4474000e+004  2.2341500e+005  2.8971500e+005  2.6184850e+005  2.6363850e+005  2.8082900e+005  2.8644400e+005  3.0664850e+005  2.5162200e+005  2.3213850e+005  2.0364950e+005  2.1888900e+005  2.0805950e+005  1.9622550e+005  1.5791750e+005  9.6148500e+004  6.8560000e+004  5.7094375e+004
  5.0122000e+004  2.1866750e+005  2.8832450e+005  2.6311150e+005  2.5875500e+005  2.7955200e+005  2.7892900e+005  3.0385200e+005  2.5922750e+005  2.3293350e+005  1.9939500e+005  2.1644450e+005  2.0627350e+005  1.9470750e+005  1.6312050e+005  1.0677200e+005  6.3265000e+004  5.5300175e+004
  4.4237000e+004  2.1218300e+005  2.8348700e+005  2.6608600e+005  2.5565500e+005  2.7517950e+005  2.7301800e+005  2.9813450e+005  2.6829600e+005  2.3104300e+005  2.0323050e+005  2.0940900e+005  2.0544450e+005  1.9142600e+005  1.6665550e+005  1.1579100e+005  6.0604000e+004  5.3451885e+004
  4.1209500e+004  2.0075300e+005  2.7874700e+005  2.6947700e+005  2.5337750e+005  2.6703650e+005  2.7052000e+005  2.9029250e+005  2.7624150e+005  2.3000350e+005  2.0792250e+005  2.0358150e+005  2.0317900e+005  1.8890800e+005  1.6872350e+005  1.2230850e+005  6.2122500e+004  5.1385760e+004
  3.9666000e+004  1.8679300e+005  2.7369350e+005  2.7442950e+005  2.5148900e+005  2.5790300e+005  2.6933750e+005  2.8052300e+005  2.8383800e+005  2.3082100e+005  2.1082650e+005  1.9741350e+005  2.0082250e+005  1.8806350e+005  1.7039100e+005  1.2737200e+005  6.6929500e+004  4.8464090e+004
  3.8032000e+004  1.7284350e+005  2.6832700e+005  2.7926700e+005  2.5070950e+005  2.4935400e+005  2.6667450e+005  2.7198800e+005  2.8797600e+005  2.3424100e+005  2.1519300e+005  1.8833850e+005  2.0057750e+005  1.8717600e+005  1.7133450e+005  1.3173150e+005  7.3861000e+004  4.4876500e+004
  3.7028000e+004  1.6134200e+005  2.6165700e+005  2.8018500e+005  2.5323050e+005  2.4237900e+005  2.6222050e+005  2.6480400e+005  2.8635950e+005  2.4191700e+005  2.1687150e+005  1.8389600e+005  1.9870400e+005  1.8571050e+005  1.7048350e+005  1.3636800e+005  8.2265000e+004  4.1599500e+004
