1960       0         29369.37     30354.07     59723.44
1960       14      104209.42    107705.79    211915.21
1960       59      120631.97    124860.22    245492.19
1960      1014     112727.15    114469.87    227197.02
1960      1519     118405.86    117013.44    235419.30
1960      2024     121714.23    109764.45    231478.68
1960      2529     127014.50    112900.56    239915.06
1960      3034     125345.46     99295.96    224641.42
1960      3539     103963.01     75970.47    179933.48
1960      4044      67151.32     48622.39    115773.71
1960      4549      86509.81     57653.34    144163.15
1960      5054      83086.93     81401.54    164488.47
1960      5559      82056.20     61487.07    143543.27
1960      6064      65652.42     44470.53    110122.95
1960      6569      50932.06     36579.15     87511.21
1960      7074      39135.92     20039.57     59175.49
1960      7579      23585.39     13060.62     36646.01
1960      8084      12755.83      6059.23     18815.06
1960      8589       5685.35      2583.31      8268.66
1960      9094       2202.17       768.81      2970.98
1960      9599        776.80       246.80      1023.60
1960     100104        96.74        24.96       121.70
1960     105109         3.93         0.82         4.75
1960     110            0.18         0.18         0.36
1961       0         29760.90     31031.77     60792.67
1961       14      108482.40    112008.48    220490.88
1961       59      120632.93    125248.09    245881.02
1961      1014     114935.66    116911.26    231846.92
1961      1519     115727.84    114996.51    230724.35
1961      2024     122015.40    111615.56    233630.96
1961      2529     124509.56    111354.62    235864.18
1961      3034     128386.65    107334.21    235720.86
1961      3539     108627.46     77679.80    186307.26
1961      4044      72073.04     53406.92    125479.96
1961      4549      81321.05     55020.74    136341.79
1961      5054      86391.25     79208.69    165599.94
1961      5559      77768.29     62160.36    139928.65
1961      6064      70864.75     47370.83    118235.58
1961      6569      52649.87     37442.82     90092.69
1961      7074      41529.65     21989.52     63519.17
1961      7579      24139.17     13201.28     37340.45
1961      8084      13606.69      6650.90     20257.59
1961      8589       6020.40      2651.49      8671.89
1961      9094       2437.29       828.86      3266.15
1961      9599        811.21       257.99      1069.20
1961     100104       106.26        25.37       131.63
1961     105109         4.45         0.85         5.30
1961     110            0.21         0.21         0.42
1962       0         29889.10     31227.42     61116.52
1962       14      113421.54    117277.42    230698.96
1962       59      122276.31    126594.87    248871.18
1962      1014     116279.07    118687.45    234966.52
1962      1519     112463.05    112222.90    224685.95
1962      2024     120551.38    112994.61    233545.99
1962      2529     126237.48    113121.81    239359.29
1962      3034     127492.96    111747.66    239240.62
1962      3539     115530.39     81018.46    196548.85
1962      4044      76394.35     57428.15    133822.50
1962      4549      78340.68     53562.75    131903.43
1962      5054      85703.06     72899.04    158602.10
1962      5559      80654.30     68558.80    149213.10
1962      6064      71247.86     47305.37    118553.23
1962      6569      55005.74     38931.70     93937.44
1962      7074      42490.27     23633.02     66123.29
1962      7579      25768.95     13552.95     39321.90
1962      8084      14224.61      7157.72     21382.33
1962      8589       6337.39      2702.80      9040.19
1962      9094       2456.18       897.63      3353.81
1962      9599        816.71       262.02      1078.73
1962     100104       105.85        26.83       132.68
1962     105109         4.60         0.90         5.50
1962     110            0.23         0.23         0.46
1963       0         28489.47     29740.11     58229.58
1963       14      117041.27    120942.45    237983.72
1963       59      124888.17    129562.82    254450.99
1963      1014     118448.26    121566.77    240015.03
1963      1519     107703.70    107470.15    215173.85
1963      2024     122130.69    116644.09    238774.78
1963      2529     124177.90    112410.70    236588.60
1963      3034     129744.41    113961.90    243706.31
1963      3539     117566.85     86237.19    203804.04
1963      4044      86372.27     64324.89    150697.16
1963      4549      71729.27     50025.02    121754.29
1963      5054      87301.21     65526.51    152827.72
1963      5559      80280.31     73802.65    154082.96
1963      6064      75963.62     50728.45    126692.07
1963      6569      55601.13     39080.85     94681.98
1963      7074      43906.01     25737.64     69643.65
1963      7579      25617.93     13208.33     38826.26
1963      8084      14670.29      7525.89     22196.18
1963      8589       6399.34      2689.88      9089.22
1963      9094       2344.75       907.32      3252.07
1963      9599        729.98       228.86       958.84
1963     100104        85.72        25.27       110.99
1963     105109         3.92         0.86         4.78
1963     110            0.22         0.22         0.44
1964       0         27141.68     28512.90     55654.58
1964       14      117803.57    121914.29    239717.86
1964       59      130410.85    134840.51    265251.36
1964      1014     117461.30    121524.46    238985.76
1964      1519     107930.66    108047.38    215978.04
1964      2024     119931.84    116162.52    236094.36
1964      2529     123613.80    112574.12    236187.92
1964      3034     126672.42    112924.42    239596.84
1964      3539     123381.10     93866.36    217247.46
1964      4044      94639.63     70777.94    165417.57
1964      4549      68350.36     48146.51    116496.87
1964      5054      85846.15     56533.58    142379.73
1964      5559      82656.45     80760.06    163416.51
1964      6064      75503.55     52194.87    127698.42
1964      6569      59610.37     39790.38     99400.75
1964      7074      41972.44     27207.33     69179.77
1964      7579      29995.86     14485.94     44481.80
1964      8084      15445.60      8078.20     23523.80
1964      8589       6514.76      2706.37      9221.13
1964      9094       2350.16       929.30      3279.46
1964      9599        705.62       223.88       929.50
1964     100104        89.46        24.54       114.00
1964     105109         4.24         0.86         5.10
1964     110            0.24         0.24         0.48
1965       0         26761.24     27984.19     54745.43
1965       14      115685.84    120160.93    235846.77
1965       59      136120.49    140138.55    276259.04
1965      1014     117920.02    122945.98    240866.00
1965      1519     110519.34    110791.65    221310.99
1965      2024     116787.93    114746.35    231534.28
1965      2529     123139.23    112704.13    235843.36
1965      3034     125709.07    112916.58    238625.65
1965      3539     124974.49     99767.36    224741.85
1965      4044     102883.81     75532.99    178416.80
1965      4549      66132.87     48010.27    114143.14
1965      5054      85816.42     55718.49    141534.91
1965      5559      83603.03     78111.50    161714.53
1965      6064      78285.67     57024.10    135309.77
1965      6569      60450.38     38735.21     99185.59
1965      7074      43217.13     29901.95     73119.08
1965      7579      31327.97     14719.65     46047.62
1965      8084      16544.23      8494.12     25038.35
1965      8589       6995.47      3007.29     10002.76
1965      9094       2442.68       974.20      3416.88
1965      9599        797.21       235.89      1033.10
1965     100104        94.36        27.29       121.65
1965     105109         4.63         0.97         5.60
1965     110            0.27         0.27         0.54
1966       0         25769.49     27233.86     53003.35
1966       14      112800.46    117390.40    230190.86
1966       59      141487.23    145620.08    287107.31
1966      1014     119067.92    124164.05    243231.97
1966      1519     111679.83    112978.05    224657.88
1966      2024     114909.64    112724.25    227633.89
1966      2529     122527.14    113635.01    236162.15
1966      3034     124083.36    112070.45    236153.81
1966      3539     127222.54    107238.25    234460.79
1966      4044     108228.00     77839.23    186067.23
1966      4549      70516.66     52329.63    122846.29
1966      5054      81085.57     53592.76    134678.33
1966      5559      85907.87     75514.48    161422.35
1966      6064      75176.36     57986.68    133163.04
1966      6569      65366.74     41219.29    106586.03
1966      7074      44597.46     30305.01     74902.47
1966      7579      33218.12     16251.78     49469.90
1966      8084      17697.82      8669.82     26367.64
1966      8589       7518.30      3335.16     10853.46
1966      9094       2603.86      1006.31      3610.17
1966      9599        836.47       255.81      1092.28
1966     100104       102.97        27.26       130.23
1966     105109         5.22         1.00         6.22
1966     110            0.31         0.31         0.62
1967       0         26179.18     27291.97     53471.15
1967       14      109258.86    114196.78    223455.64
1967       59      146729.55    151196.31    297925.86
1967      1014     121592.86    125789.03    247381.89
1967      1519     113212.56    115647.43    228859.99
1967      2024     110684.70    108692.22    219376.92
1967      2529     121444.29    114911.75    236356.04
1967      3034     125507.86    113712.03    239219.89
1967      3539     126924.17    112102.15    239026.32
1967      4044     114326.95     80738.40    195065.35
1967      4549      75328.72     56625.01    131953.73
1967      5054      77516.42     52016.82    129533.24
1967      5559      85302.72     69714.99    155017.71
1967      6064      78146.59     63270.74    141417.33
1967      6569      66172.37     41949.38    108121.75
1967      7074      46737.79     31235.65     77973.44
1967      7579      33812.32     17507.00     51319.32
1967      8084      18781.60      8751.07     27532.67
1967      8589       7991.21      3617.93     11609.14
1967      9094       2737.92      1034.77      3772.69
1967      9599        822.61       278.99      1101.60
1967     100104       108.11        27.88       135.99
1967     105109         5.68         1.04         6.72
1967     110            0.34         0.34         0.68
1968       0         26319.39     26925.62     53245.01
1968       14      107165.52    112173.99    219339.51
1968       59      149080.16    153153.53    302233.69
1968      1014     125729.15    130248.83    255977.98
1968      1519     114980.47    118378.53    233359.00
1968      2024     106004.24    104085.49    210089.73
1968      2529     121951.49    117092.18    239043.67
1968      3034     124273.31    113574.99    237848.30
1968      3539     128454.74    113760.10    242214.84
1968      4044     117227.99     86502.71    203730.70
1968      4549      84924.89     63360.17    148285.06
1968      5054      70834.20     48606.23    119440.43
1968      5559      86329.41     62544.64    148874.05
1968      6064      78953.49     68500.18    147453.67
1968      6569      69799.61     44931.24    114730.85
1968      7074      48354.31     31672.08     80026.39
1968      7579      34314.11     18907.13     53221.24
1968      8084      19854.24      8896.81     28751.05
1968      8589       8414.74      3883.26     12298.00
1968      9094       2810.15      1016.84      3826.99
1968      9599        841.63       282.02      1123.65
1968     100104       117.79        25.47       143.26
1968     105109         6.39         0.96         7.35
1968     110            0.39         0.39         0.78
1969       0         26317.04     27418.02     53735.06
1969       14      106800.81    110933.79    217734.60
1969       59      148312.33    152902.65    301214.98
1969      1014     132631.10    136649.15    269280.25
1969      1519     114834.44    119570.67    234405.11
1969      2024     105178.04    103454.03    208632.07
1969      2529     120012.59    115971.72    235984.31
1969      3034     123844.89    113876.68    237721.57
1969      3539     126183.50    113488.74    239672.24
1969      4044     122148.49     93283.35    215431.84
1969      4549      93764.01     70135.95    163899.96
1969      5054      66622.57     46487.67    113110.24
1969      5559      85673.40     54306.35    139979.75
1969      6064      81072.20     74627.35    155699.55
1969      6569      71027.43     46774.18    117801.61
1969      7074      50831.84     31911.60     82743.44
1969      7579      33295.12     20074.22     53369.34
1969      8084      21133.22      8955.01     30088.23
1969      8589       8823.44      4218.04     13041.48
1969      9094       2835.28      1061.11      3896.39
1969      9599        815.58       264.42      1080.00
1969     100104       131.40        28.35       159.75
1969     105109         7.32         1.09         8.41
1969     110            0.47         0.47         0.94
1970       0         24970.50     25770.66     50741.16
1970       14      106801.43    110706.79    217508.22
1970       59      146020.96    151095.84    297116.80
1970      1014     139252.61    142848.63    282101.24
1970      1519     115258.94    120948.86    236207.80
1970      2024     108250.94    106738.16    214989.10
1970      2529     115216.73    112029.08    227245.81
1970      3034     124569.63    115282.37    239852.00
1970      3539     124316.73    112461.70    236778.43
1970      4044     124413.70     99846.18    224259.88
1970      4549     101478.66     74443.27    175921.93
1970      5054      64684.66     46804.10    111488.76
1970      5559      84454.11     52813.40    137267.51
1970      6064      82822.98     72610.27    155433.25
1970      6569      72846.11     50276.08    123122.19
1970      7074      52860.67     31378.77     84239.44
1970      7579      33021.33     21639.32     54660.65
1970      8084      22593.80      9321.66     31915.46
1970      8589       9396.48      4459.42     13855.90
1970      9094       2997.24      1166.76      4164.00
1970      9599        845.22       266.24      1111.46
1970     100104       126.28        34.57       160.85
1970     105109         7.29         1.35         8.64
1970     110            0.49         0.49         0.98
1971       0         26580.23     27934.39     54514.62
1971       14      105271.64    108441.67    213713.31
1971       59      141646.59    147379.04    289025.63
1971      1014     143903.92    148541.64    292445.56
1971      1519     118387.57    123542.93    241930.50
1971      2024     109966.75    110117.71    220084.46
1971      2529     114663.16    110602.98    225266.14
1971      3034     123146.05    114838.46    237984.51
1971      3539     123616.27    111923.42    235539.69
1971      4044     125728.99    106247.32    231976.31
1971      4549     107757.47     77044.53    184802.00
1971      5054      68871.00     50541.32    119412.32
1971      5559      80041.24     51195.95    131237.19
1971      6064      83717.97     69207.24    152925.21
1971      6569      70671.96     51179.73    121851.69
1971      7074      57317.21     33339.28     90656.49
1971      7579      34214.88     21714.52     55929.40
1971      8084      24013.63     10208.20     34221.83
1971      8589      10036.13      4499.40     14535.53
1971      9094       3227.28      1331.43      4558.71
1971      9599        912.37       284.43      1196.80
1971     100104       103.72        27.36       131.08
1971     105109         6.29         1.09         7.38
1971     110            0.44         0.44         0.88
1972       0         27082.42     28279.02     55361.44
1972       14      105289.83    108791.52    214081.35
1972       59      138112.81    143864.84    281977.65
1972      1014     147646.43    153812.55    301458.98
1972      1519     121916.25    125749.03    247665.28
1972      2024     113425.67    114807.23    228232.90
1972      2529     110692.58    106617.81    217310.39
1972      3034     122454.45    115682.36    238136.81
1972      3539     125137.96    113226.57    238364.53
1972      4044     125692.53    110767.50    236460.03
1972      4549     113396.46     79392.06    192788.52
1972      5054      74486.72     54801.42    129288.14
1972      5559      76005.13     49564.69    125569.82
1972      6064      83069.27     63909.36    146978.63
1972      6569      73383.54     55158.17    128541.71
1972      7074      58248.86     34369.86     92618.72
1972      7579      36375.11     22332.65     58707.76
1972      8084      24735.81     11311.50     36047.31
1972      8589      10643.03      4493.31     15136.34
1972      9094       3482.09      1451.17      4933.26
1972      9599        943.93       301.79      1245.72
1972     100104       122.01        30.56       152.57
1972     105109         7.59         1.24         8.83
1972     110            0.53         0.53         1.06
1973       0         26384.65     27578.51     53963.16
1973       14      105817.23    110024.14    215841.37
1973       59      135490.73    140534.21    276024.94
1973      1014     148768.16    155426.56    304194.72
1973      1519     126283.13    130823.86    257106.99
1973      2024     116853.03    118846.89    235699.92
1973      2529     106991.63    103322.92    210314.55
1973      3034     122815.63    116947.53    239763.16
1973      3539     124480.40    112991.24    237471.64
1973      4044     126789.71    111821.49    238611.20
1973      4549     116403.90     84827.90    201231.80
1973      5054      84530.96     61161.08    145692.04
1973      5559      69460.05     46322.85    115782.90
1973      6064      83702.01     57426.26    141128.27
1973      6569      74195.83     59461.22    133657.05
1973      7074      61066.39     36413.25     97479.64
1973      7579      37937.16     22759.99     60697.15
1973      8084      24823.06     12320.52     37143.58
1973      8589      11180.69      4474.16     15654.85
1973      9094       3670.69      1539.11      5209.80
1973      9599        872.99       312.65      1185.64
1973     100104       129.07        30.47       159.54
1973     105109         8.29         1.26         9.55
1973     110            0.63         0.63         1.26
1974       0         25183.14     26128.82     51311.96
1974       14      105806.95    109999.62    215806.57
1974       59      134363.51    138903.28    273266.79
1974      1014     146822.48    154285.26    301107.74
1974      1519     132620.64    137924.00    270544.64
1974      2024     117859.57    120859.87    238719.44
1974      2529     107741.32    104220.28    211961.60
1974      3034     120994.74    115409.31    236404.05
1974      3539     124459.70    113341.70    237801.40
1974      4044     124915.63    111297.24    236212.87
1974      4549     120637.98     91118.87    211756.85
1974      5054      94071.54     67598.40    161669.94
1974      5559      65645.14     44289.24    109934.38
1974      6064      82726.74     50344.63    133071.37
1974      6569      75987.81     64366.73    140354.54
1974      7074      62222.73     37716.62     99939.35
1974      7579      40113.83     22877.99     62991.82
1974      8084      24779.80     13541.75     38321.55
1974      8589      11879.34      4524.91     16404.25
1974      9094       3897.00      1670.51      5567.51
1974      9599        873.18       332.75      1205.93
1974     100104       123.88        30.91       154.79
1974     105109         8.26         1.31         9.57
1974     110            0.64         0.64         1.28
1975       0         25302.57     25990.46     51293.03
1975       14      105805.45    109872.15    215677.60
1975       59      132615.90    136735.31    269351.21
1975      1014     144587.51    151044.04    295631.55
1975      1519     136983.89    144399.75    281383.64
1975      2024     118976.24    122779.48    241755.72
1975      2529     112617.70    109481.69    222099.39
1975      3034     117112.90    112111.99    229224.89
1975      3539     125261.93    114423.92    239685.85
1975      4044     123712.13    110161.70    233873.83
1975      4549     122260.40     96702.24    218962.64
1975      5054     101851.02     71589.93    173440.95
1975      5559      64282.41     44413.77    108696.18
1975      6064      81562.18     49310.12    130872.30
1975      6569      77159.40     62322.15    139481.55
1975      7074      64221.79     40322.73    104544.52
1975      7579      41458.63     22522.60     63981.23
1975      8084      25019.29     14431.95     39451.24
1975      8589      12896.75      4818.85     17715.60
1975      9094       4193.02      1819.67      6012.69
1975      9599       1015.82       381.88      1397.70
1975     100104       134.63        38.41       173.04
1975     105109         9.26         1.64        10.90
1975     110            0.75         0.75         1.50
1976       0         25192.20     25932.99     51125.19
1976       14      104619.31    108027.07    212646.38
1976       59      133475.41    137403.48    270878.89
1976      1014     141000.65    146791.24    287791.89
1976      1519     140379.19    150075.66    290454.85
1976      2024     121149.35    124502.21    245651.56
1976      2529     115053.45    113390.17    228443.62
1976      3034     116714.98    110854.61    227569.59
1976      3539     124153.94    114171.45    238325.39
1976      4044     123287.41    109668.98    232956.39
1976      4549     123401.20    102643.34    226044.54
1976      5054     107732.74     74021.89    181754.63
1976      5559      68453.99     47778.88    116232.87
1976      6064      77477.32     47880.22    125357.54
1976      6569      78037.45     59418.93    137456.38
1976      7074      62647.88     41048.47    103696.35
1976      7579      45479.07     23984.59     69463.66
1976      8084      25597.93     14504.62     40102.55
1976      8589      13811.54      5407.14     19218.68
1976      9094       4560.56      1875.36      6435.92
1976      9599       1153.62       425.93      1579.55
1976     100104       133.86        49.73       183.59
1976     105109         9.56         2.16        11.72
1976     110            0.82         0.82         1.64
1977       0         25308.25     26351.12     51659.37
1977       14      103296.94    106272.01    209568.95
1977       59      134066.30    137940.00    272006.30
1977      1014     137880.89    143438.06    281318.95
1977      1519     143853.17    155200.11    299053.28
1977      2024     123609.08    126329.67    249938.75
1977      2529     118698.10    117723.39    236421.49
1977      3034     113282.34    107330.30    220612.64
1977      3539     123403.85    114741.36    238145.21
1977      4044     125258.15    111185.65    236443.80
1977      4549     123212.58    106720.55    229933.13
1977      5054     112837.63     76358.34    189195.97
1977      5559      74108.32     51592.23    125700.55
1977      6064      73430.62     46046.54    119477.16
1977      6569      77911.66     55264.53    133176.19
1977      7074      65037.55     44144.55    109182.10
1977      7579      46382.58     24736.63     71119.21
1977      8084      26423.93     14360.92     40784.85
1977      8589      14165.83      6047.26     20213.09
1977      9094       4665.39      1816.50      6481.89
1977      9599       1231.90       444.97      1676.87
1977     100104       146.23        42.38       188.61
1977     105109        10.79         1.88        12.67
1977     110            0.94         0.94         1.88
1978       0         25304.63     26296.87     51601.50
1978       14      102374.13    105167.86    207541.99
1978       59      134916.70    139326.13    274242.83
1978      1014     135201.46    139829.50    275030.96
1978      1519     145480.07    156963.87    302443.94
1978      2024     126526.97    130698.01    257224.98
1978      2529     122416.77    121625.12    244041.89
1978      3034     109690.09    104484.16    214174.25
1978      3539     124162.42    116143.39    240305.81
1978      4044     124587.08    110785.07    235372.15
1978      4549     124458.39    107962.63    232421.02
1978      5054     114808.28     80946.53    195754.81
1978      5559      84453.26     57609.94    142063.20
1978      6064      67095.72     42878.06    109973.78
1978      6569      78817.45     50241.74    129059.19
1978      7074      65707.32     47494.60    113201.92
1978      7579      49167.26     26260.01     75427.27
1978      8084      27330.33     14270.35     41600.68
1978      8589      14179.84      6612.35     20792.19
1978      9094       4919.36      1812.51      6731.87
1978      9599       1291.12       475.69      1766.81
1978     100104       173.33        48.90       222.23
1978     105109        13.14         2.20        15.34
1978     110            1.18         1.18         2.36
1979       0         24221.15     25264.78     49485.93
1979       14      102758.41    105395.64    208154.05
1979       59      133984.48    138251.45    272235.93
1979      1014     134544.52    138245.15    272789.67
1979      1519     143943.80    155024.09    298967.89
1979      2024     131902.20    138248.66    270150.86
1979      2529     122332.18    122595.65    244927.83
1979      3034     111526.69    106279.61    217806.30
1979      3539     121982.50    114225.28    236207.78
1979      4044     124951.56    111557.90    236509.46
1979      4549     122864.92    107261.56    230126.48
1979      5054     118333.99     87127.76    205461.75
1979      5559      93847.59     63349.05    157196.64
1979      6064      63934.85     40971.11    104905.96
1979      6569      77503.67     44455.64    121959.31
1979      7074      67692.93     51251.12    118944.05
1979      7579      49639.89     27036.94     76676.83
1979      8084      28207.06     13848.37     42055.43
1979      8589      13956.82      7140.08     21096.90
1979      9094       5171.08      1832.46      7003.54
1979      9599       1327.03       524.44      1851.47
1979     100104       198.07        52.21       250.28
1979     105109        15.42         2.39        17.81
1979     110            1.40         1.40         2.80
1980       0         25080.80     26134.04     51214.84
1980       14      101207.95    104244.17    205452.12
1980       59      133659.64    137775.14    271434.78
1980      1014     133576.13    137801.32    271377.45
1980      1519     144194.39    151468.30    295662.69
1980      2024     136030.12    144887.35    280917.47
1980      2529     122360.34    123610.31    245970.65
1980      3034     116181.32    111143.10    227324.42
1980      3539     118326.13    111116.79    229442.92
1980      4044     125231.08    112227.99    237459.07
1980      4549     122444.12    106370.11    228814.23
1980      5054     119592.31     91947.15    211539.46
1980      5559     100764.83     67049.04    167813.87
1980      6064      62525.05     40515.21    103040.26
1980      6569      76447.89     43495.96    119943.85
1980      7074      68276.48     49397.54    117674.02
1980      7579      51865.14     28776.45     80641.59
1980      8084      29279.02     13531.84     42810.86
1980      8589      13958.12      7450.86     21408.98
1980      9094       5670.50      1944.40      7614.90
1980      9599       1429.45       576.28      2005.73
1980     100104       219.24        58.88       278.12
1980     105109        17.53         2.74        20.27
1980     110            1.66         1.66         3.32
1981       0         25020.20     26291.30     51311.50
1981       14      100829.45    104422.87    205252.32
1981       59      132322.07    135857.82    268179.89
1981      1014     134529.23    139481.39    274010.62
1981      1519     141819.58    147828.73    289648.31
1981      2024     140658.33    150408.52    291066.85
1981      2529     123640.71    124528.81    248169.52
1981      3034     118261.63    114319.84    232581.47
1981      3539     117648.94    109723.31    227372.25
1981      4044     123874.69    111653.35    235528.04
1981      4549     122081.88    105802.23    227884.11
1981      5054     120843.70     97322.75    218166.45
1981      5559     106098.16     69291.22    175389.38
1981      6064      66140.15     43243.67    109383.82
1981      6569      72556.06     41836.37    114392.43
1981      7074      68933.09     47177.99    116111.08
1981      7579      50484.31     29050.24     79534.55
1981      8084      30381.34     13687.27     44068.61
1981      8589      14291.49      7341.67     21633.16
1981      9094       6132.32      2195.12      8327.44
1981      9599       1531.50       603.05      2134.55
1981     100104       228.16        65.75       293.91
1981     105109        18.82         3.11        21.93
1981     110            1.85         1.85         3.70
1982       0         25196.79     26477.78     51674.57
1982       14      100608.72    104624.70    205233.42
1982       59      130836.43    134321.64    265158.07
1982      1014     134864.88    140346.78    275211.66
1982      1519     139038.22    145292.03    284330.25
1982      2024     146171.04    155558.81    301729.85
1982      2529     125760.75    126290.07    252050.82
1982      3034     121323.75    117669.90    238993.65
1982      3539     113828.26    105828.69    219656.95
1982      4044     122874.40    111851.24    234725.64
1982      4549     123716.41    107023.48    230739.89
1982      5054     120943.16    100816.24    221759.40
1982      5559     110693.62     71626.89    182320.51
1982      6064      71372.89     46537.73    117910.62
1982      6569      68527.75     39842.39    108370.14
1982      7074      68773.38     44055.47    112828.85
1982      7579      52325.21     31389.55     83714.76
1982      8084      31531.59     14234.36     45765.95
1982      8589      14766.30      7138.20     21904.50
1982      9094       6319.05      2422.77      8741.82
1982      9599       1589.98       563.95      2153.93
1982     100104       229.05        63.47       292.52
1982     105109        19.53         3.05        22.58
1982     110            1.97         1.97         3.94
1983       0         25812.74     26846.11     52658.85
1983       14      100800.09    105173.11    205973.20
1983       59      129287.66    132595.39    261883.05
1983      1014     135578.01    142020.51    277598.52
1983      1519     136461.84    142686.20    279148.04
1983      2024     149568.16    157445.08    307013.24
1983      2529     129080.70    130600.94    259681.64
1983      3034     124421.73    120782.20    245203.93
1983      3539     109779.52    102606.36    212385.88
1983      4044     123320.28    112872.29    236192.57
1983      4549     122728.15    106304.25    229032.40
1983      5054     122499.94    101819.69    224319.63
1983      5559     112764.94     76073.37    188838.31
1983      6064      80819.62     51856.20    132675.82
1983      6569      62500.31     36886.80     99387.11
1983      7074      69611.66     40058.18    109669.84
1983      7579      53022.87     34298.76     87321.63
1983      8084      32782.61     15017.02     47799.63
1983      8589      15276.11      6966.65     22242.76
1983      9094       6290.96      2626.79      8917.75
1983      9599       1699.71       539.94      2239.65
1983     100104       245.93        70.05       315.98
1983     105109        21.60         3.43        25.03
1983     110            2.24         2.24         4.48
1984       0         27674.30     29405.66     57079.96
1984       14      102411.23    106649.68    209060.91
1984       59      128375.56    131723.11    260098.67
1984      1014     134729.85    141868.50    276598.35
1984      1519     135363.05    141194.54    276557.59
1984      2024     149259.24    156239.55    305498.79
1984      2529     135804.89    138038.61    273843.50
1984      3034     124074.70    121300.73    245375.43
1984      3539     110811.86    103681.48    214493.34
1984      4044     121117.83    110899.72    232017.55
1984      4549     122728.95    106670.13    229399.08
1984      5054     121034.75    100991.15    222025.90
1984      5559     116342.12     81448.98    197791.10
1984      6064      89570.57     57176.51    146747.08
1984      6569      59035.55     34945.37     93980.92
1984      7074      68603.98     35289.91    103893.89
1984      7579      54375.14     37297.49     91672.63
1984      8084      33781.49     15984.96     49766.45
1984      8589      15687.15      6694.83     22381.98
1984      9094       6156.50      2868.30      9024.80
1984      9599       1822.00       534.15      2356.15
1984     100104       268.04        76.58       344.62
1984     105109        24.20         3.79        27.99
1984     110            2.59         2.59         5.18
1985       0         27943.59     29216.79     57160.38
1985       14      105196.77    110053.12    215249.89
1985       59      128373.04    132142.92    260515.96
1985      1014     134660.63    140418.85    275079.48
1985      1519     133659.89    140676.79    274336.68
1985      2024     148367.77    154342.12    302709.89
1985      2529     141192.94    144099.66    285292.60
1985      3034     124214.61    122333.66    246548.27
1985      3539     116210.90    108649.81    224860.71
1985      4044     117157.22    107540.20    224697.42
1985      4549     122942.93    107264.94    230207.87
1985      5054     120370.52    100056.13    220426.65
1985      5559     117277.37     85477.70    202755.07
1985      6064      96459.60     60488.84    156948.44
1985      6569      57671.18     34550.39     92221.57
1985      7074      67634.57     34622.44    102257.01
1985      7579      55005.34     35623.94     90629.28
1985      8084      34157.41     16876.30     51033.71
1985      8589      16139.65      6428.83     22568.48
1985      9094       6030.40      2903.48      8933.88
1985      9599       1975.23       583.94      2559.17
1985     100104       306.76        72.65       379.41
1985     105109        28.35         3.65        32.00
1985     110            3.07         3.07         6.14
1986       0         28558.39     29486.67     58045.06
1986       14      108208.77    112998.44    221207.21
1986       59      128718.71    133242.32    261961.03
1986      1014     133407.46    137466.25    270873.71
1986      1519     134236.49    142499.45    276735.94
1986      2024     144823.82    151136.18    295960.00
1986      2529     146991.33    149868.69    296860.02
1986      3034     125610.80    123743.02    249353.82
1986      3539     118331.66    111614.75    229946.41
1986      4044     116824.97    106623.34    223448.31
1986      4549     121514.70    106507.52    228022.22
1986      5054     119718.76     99524.14    219242.90
1986      5559     118241.43     90024.25    208265.68
1986      6064     102013.68     62754.39    164768.07
1986      6569      61177.42     36862.13     98039.55
1986      7074      64157.75     33208.25     97366.00
1986      7579      55461.28     33718.66     89179.94
1986      8084      34300.98     17529.80     51830.78
1986      8589      16717.59      6399.87     23117.46
1986      9094       6035.23      2752.73      8787.96
1986      9599       2109.91       645.15      2755.06
1986     100104       325.41        66.72       392.13
1986     105109        30.88         3.42        34.30
1986     110            3.44         3.44         6.88
1987       0         28682.25     30831.71     59513.96
1987       14      111909.99    116339.20    228249.19
1987       59      129294.81    134025.84    263320.65
1987      1014     131809.59    135527.87    267337.46
1987      1519     134863.14    143427.06    278290.20
1987      2024     141045.36    148291.37    289336.73
1987      2529     152801.35    155637.37    308438.72
1987      3034     128087.75    126132.30    254220.05
1987      3539     121900.25    115423.10    237323.35
1987      4044     112789.84    102667.57    215457.41
1987      4549     121050.57    107157.58    228208.15
1987      5054     120785.37    100782.68    221568.05
1987      5559     118449.37     93055.20    211504.57
1987      6064     106711.89     65095.97    171807.86
1987      6569      66316.72     39969.70    106286.42
1987      7074      60505.52     31657.67     92163.19
1987      7579      55422.58     31387.05     86809.63
1987      8084      35161.17     18973.83     54135.00
1987      8589      17300.08      6712.36     24012.44
1987      9094       6137.29      2629.86      8767.15
1987      9599       2107.90       696.90      2804.80
1987     100104       351.20        70.14       421.34
1987     105109        34.15         3.65        37.80
1987     110            3.85         3.85         7.70
1988       0         28817.04     30119.03     58936.07
1988       14      115212.06    120630.74    235842.80
1988       59      130954.50    135571.43    266525.93
1988      1014     130309.75    133559.81    263869.56
1988      1519     135588.79    144777.86    280366.65
1988      2024     138029.63    146024.90    284054.53
1988      2529     155641.37    157819.73    313461.10
1988      3034     132165.93    130758.95    262924.88
1988      3539     125322.32    118895.08    244217.40
1988      4044     108980.71     99682.55    208663.26
1988      4549     121577.01    108459.93    230036.94
1988      5054     119728.50    100252.01    219980.51
1988      5559     119831.19     93803.49    213634.68
1988      6064     109391.88     69470.03    178861.91
1988      6569      74796.82     44428.26    119225.08
1988      7074      55133.10     29221.07     84354.17
1988      7579      55954.56     28307.60     84262.16
1988      8084      36097.49     20974.25     57071.74
1988      8589      17839.91      7086.70     24926.61
1988      9094       6123.29      2487.64      8610.93
1988      9599       2040.15       715.96      2756.11
1988     100104       369.18        74.20       443.38
1988     105109        36.81         3.95        40.76
1988     110            4.30         4.30         8.60
1989       0         27772.00     29004.00     56776.00
1989       14      116986.00    121613.00    238599.00
1989       59      134392.00    139411.00    273803.00
1989      1014     130046.00    133157.00    263203.00
1989      1519     135429.00    145358.00    280787.00
1989      2024     136064.00    143617.00    279681.00
1989      2529     154641.00    157465.00    312106.00
1989      3034     139659.00    137975.00    277634.00
1989      3539     125630.00    120021.00    245651.00
1989      4044     109822.00    100794.00    210616.00
1989      4549     119810.00    106998.00    226808.00
1989      5054     119756.00    100568.00    220324.00
1989      5559     118238.00     93259.00    211497.00
1989      6064     112810.00     73963.00    186773.00
1989      6569      83275.00     49370.00    132645.00
1989      7074      51863.00     27515.00     79378.00
1989      7579      55390.00     24878.00     80268.00
1989      8084      36982.31     22155.99     59138.30
1989      8589      18160.20      7515.75     25675.95
1989      9094       6218.92      2304.71      8523.63
1989      9599       1891.80       760.39      2652.19
1989     100104       386.09        83.68       469.77
1989     105109        39.42         4.49        43.91
1989     110            4.75         4.75         9.50
1990       0         27031.00     28456.00     55487.00
1990       14      115894.00    120358.00    236252.00
1990       59      136778.00    141882.00    278660.00
1990      1014     129962.00    133254.00    263216.00
1990      1519     135873.00    142451.00    278324.00
1990      2024     134591.00    143222.00    277813.00
1990      2529     151928.00    156652.00    308580.00
1990      3034     145119.00    143073.00    288192.00
1990      3539     125159.00    120510.00    245669.00
1990      4044     115628.00    105683.00    221311.00
1990      4549     115501.00    103321.00    218822.00
1990      5054     120168.00    101418.00    221586.00
1990      5559     117381.00     92514.00    209895.00
1990      6064     113356.00     77091.00    190447.00
1990      6569      90116.00     52171.00    142287.00
1990      7074      50869.00     27418.00     78287.00
1990      7579      54933.00     24712.00     79645.00
1990      8084      37875.79     21792.11     59667.90
1990      8589      18506.34      7903.29     26409.63
1990      9094       6481.07      2205.45      8686.52
1990      9599       1870.57       788.20      2658.77
1990     100104       389.19        92.55       481.74
1990     105109        40.65         5.06        45.71
1990     110            5.04         5.04        10.08
1991       0         27600.00     28903.00     56503.00
1991       14      113051.00    118182.00    231233.00
1991       59      139232.00    143708.00    282940.00
1991      1014     129603.00    133581.00    263184.00
1991      1519     134250.00    137971.00    272221.00
1991      2024     135298.00    144801.00    280099.00
1991      2529     146627.00    152730.00    299357.00
1991      3034     149956.00    148057.00    298013.00
1991      3539     125449.00    121083.00    246532.00
1991      4044     117023.00    107651.00    224674.00
1991      4549     115138.00    102159.00    217297.00
1991      5054     118697.00    100388.00    219085.00
1991      5559     116334.00     91767.00    208101.00
1991      6064     113762.00     80598.00    194360.00
1991      6569      95550.00     54051.00    149601.00
1991      7074      54203.00     29364.00     83567.00
1991      7579      52077.00     23717.00     75794.00
1991      8084      38382.56     20460.57     58843.13
1991      8589      18736.55      8318.30     27054.85
1991      9094       6785.63      2245.77      9031.40
1991      9599       1926.77       734.64      2661.41
1991     100104       371.59        98.53       470.12
1991     105109        39.77         5.46        45.23
1991     110            5.11         5.11        10.22
1992       0         26995.00     28433.00     55428.00
1992       14      110684.00    115369.00    226053.00
1992       59      141792.00    147043.00    288835.00
1992      1014     129009.00    133109.00    262118.00
1992      1519     131857.00    135002.00    266859.00
1992      2024     136098.00    144958.00    281056.00
1992      2529     141673.00    148762.00    290435.00
1992      3034     153788.00    152745.00    306533.00
1992      3539     126834.00    122368.00    249202.00
1992      4044     119863.00    110498.00    230361.00
1992      4549     110496.00     97309.00    207805.00
1992      5054     118220.00    100635.00    218855.00
1992      5559     116844.00     92482.00    209326.00
1992      6064     113450.00     82427.00    195877.00
1992      6569      99672.00     55738.00    155410.00
1992      7074      58940.00     31922.00     90862.00
1992      7579      49181.00     22542.00     71723.00
1992      8084      38700.03     18979.80     57679.83
1992      8589      19362.25      9105.24     28467.49
1992      9094       7102.36      2316.52      9418.88
1992      9599       1886.72       675.52      2562.24
1992     100104       368.08       109.56       477.64
1992     105109        40.18         6.14        46.32
1992     110            5.35         5.35        10.70
1993       0         26226.00     27294.00     53520.00
1993       14      107839.00    112938.00    220777.00
1993       59      142550.00    148045.00    290595.00
1993      1014     128812.00    132767.00    261579.00
1993      1519     128881.00    131537.00    260418.00
1993      2024     136000.00    144602.00    280602.00
1993      2529     137393.00    145060.00    282453.00
1993      3034     153660.00    153104.00    306764.00
1993      3539     129123.00    124919.00    254042.00
1993      4044     121753.00    112163.00    233916.00
1993      4549     106010.00     93484.00    199494.00
1993      5054     118190.00    100733.00    218923.00
1993      5559     115414.00     91379.00    206793.00
1993      6064     114095.00     82479.00    196574.00
1993      6569     101656.00     58769.00    160425.00
1993      7074      66257.00     35178.00    101435.00
1993      7579      44733.00     20664.00     65397.00
1993      8084      39198.94     17309.98     56508.92
1993      8589      20209.60     10230.95     30440.55
1993      9094       7214.91      2429.95      9644.86
1993      9599       1847.69       619.10      2466.79
1993     100104       376.00       105.67       481.67
1993     105109        41.66         6.01        47.67
1993     110            5.67         5.67        11.34
1994       0         22682.00     24042.00     46724.00
1994       14      105755.00    110803.00    216558.00
1994       59      140485.00    145569.00    286054.00
1994      1014     130127.00    134517.00    264644.00
1994      1519     127266.00    129826.00    257092.00
1994      2024     134860.00    143642.00    278502.00
1994      2529     134382.00    141023.00    275405.00
1994      3034     150215.00    150725.00    300940.00
1994      3539     134606.00    129807.00    264413.00
1994      4044     120627.00    111324.00    231951.00
1994      4549     106030.00     93266.00    199296.00
1994      5054     115824.00     98142.00    213966.00
1994      5559     115053.00     90701.00    205754.00
1994      6064     111889.00     80952.00    192841.00
1994      6569     104109.00     61707.00    165816.00
1994      7074      73494.00     38615.00    112109.00
1994      7579      41876.00     19257.00     61133.00
1994      8084      38646.02     15445.41     54091.43
1994      8589      20423.09     10682.11     31105.20
1994      9094       7082.12      2509.09      9591.21
1994      9599       1774.34       576.01      2350.35
1994     100104       353.06        97.22       450.28
1994     105109        39.58         5.61        45.19
1994     110            5.51         5.51        11.02
1995       0         20423.00     21327.00     41750.00
1995       14      101434.00    106374.00    207808.00
1995       59      137791.00    143129.00    280920.00
1995      1014     131322.00    136206.00    267528.00
1995      1519     125676.00    128542.00    254218.00
1995      2024     133280.00    138577.00    271857.00
1995      2529     131900.00    138731.00    270631.00
1995      3034     146791.00    148538.00    295329.00
1995      3539     138820.00    133359.00    272179.00
1995      4044     119249.00    110886.00    230135.00
1995      4549     110471.00     96694.00    207165.00
1995      5054     111040.00     93812.00    204852.00
1995      5559     114808.00     90327.00    205135.00
1995      6064     110405.00     79606.00    190011.00
1995      6569     103994.00     63501.00    167495.00
1995      7074      79118.00     40355.00    119473.00
1995      7579      41058.00     19017.00     60075.00
1995      8084      38164.19     14648.15     52812.34
1995      8589      20638.43     10296.69     30935.12
1995      9094       7057.06      2631.82      9688.88
1995      9599       1788.77       507.59      2296.36
1995     100104       340.60        77.72       418.32
1995     105109        38.89         4.56        43.45
1995     110            5.42         5.42        10.84
1996       0         19801.00     20868.00     40669.00
1996       14       94533.00     99165.00    193698.00
1996       59      135273.00    141301.00    276574.00
1996      1014     133543.00    137883.00    271426.00
1996      1519     124458.00    128079.00    252537.00
1996      2024     129831.00    132385.00    262216.00
1996      2529     131920.00    138489.00    270409.00
1996      3034     141499.00    143757.00    285256.00
1996      3539     143004.00    137300.00    280304.00
1996      4044     119129.00    110743.00    229872.00
1996      4549     110925.00     97755.00    208680.00
1996      5054     110252.00     92059.00    202311.00
1996      5559     112755.00     88468.00    201223.00
1996      6064     109090.00     78715.00    187805.00
1996      6569     104023.00     65929.00    169952.00
1996      7074      83655.00     41489.00    125144.00
1996      7579      43776.00     20394.00     64170.00
1996      8084      36076.33     13882.85     49959.18
1996      8589      20796.67      9541.24     30337.91
1996      9094       7050.01      2760.19      9810.20
1996      9599       1824.47       504.03      2328.50
1996     100104       325.83        71.83       397.66
1996     105109        37.94         4.23        42.17
1996     110            5.28         5.28        10.56
1997       0         18928.00     19735.00     38663.00
1997       14       87797.00     92091.00    179888.00
1997       59      132548.00    138265.00    270813.00
1997      1014     136236.00    141197.00    277433.00
1997      1519     123296.00    127145.00    250441.00
1997      2024     125850.00    127740.00    253590.00
1997      2529     131783.00    136483.00    268266.00
1997      3034     136823.00    138967.00    275790.00
1997      3539     146445.00    140927.00    287372.00
1997      4044     120138.00    111632.00    231770.00
1997      4549     113109.00     99864.00    212973.00
1997      5054     105259.00     87257.00    192516.00
1997      5559     112085.00     88337.00    200422.00
1997      6064     109421.00     78901.00    188322.00
1997      6569     103505.00     67325.00    170830.00
1997      7074      87080.00     42520.00    129600.00
1997      7579      47646.00     22043.00     69689.00
1997      8084      33917.00     13052.00     46969.00
1997      8589      20933.97      8799.86     29733.83
1997      9094       7263.48      3005.02     10268.50
1997      9599       1802.19       498.75      2300.94
1997     100104       322.53        58.27       380.80
1997     105109        38.35         3.42        41.77
1997     110            5.15         5.15        10.30
1998       0         18146.00     19255.00     37401.00
1998       14       80879.00     84920.00    165799.00
1998       59      130005.00    135836.00    265841.00
1998      1014     137955.00    143146.00    281101.00
1998      1519     123487.00    127491.00    250978.00
1998      2024     121858.00    123260.00    245118.00
1998      2529     130867.00    134216.00    265083.00
1998      3034     133270.00    134916.00    268186.00
1998      3539     147174.00    141406.00    288580.00
1998      4044     122530.00    114182.00    236712.00
1998      4549     115351.00    102062.00    217413.00
1998      5054     100401.00     83760.00    184161.00
1998      5559     112208.00     88525.00    200733.00
1998      6064     108044.00     77986.00    186030.00
1998      6569     104295.00     67544.00    171839.00
1998      7074      89038.00     44825.00    133863.00
1998      7579      53729.00     24304.00     78033.00
1998      8084      30769.00     12015.00     42784.00
1998      8589      21217.57      7980.90     29198.47
1998      9094       7435.50      3463.27     10898.77
1998      9599       1746.76       534.99      2281.75
1998     100104       308.17        65.87       374.04
1998     105109        37.51         3.80        41.31
1998     110            4.76         4.76         9.52
1999       0         17646.00     19009.00     36655.00
1999       14       76546.00     80339.00    156885.00
1999       59      125666.00    131807.00    257473.00
1999      1014     137244.00    142025.00    279269.00
1999      1519     125403.00    130080.00    255483.00
1999      2024     119098.00    120542.00    239640.00
1999      2529     128235.00    131123.00    259358.00
1999      3034     131071.00    130351.00    261422.00
1999      3539     144620.00    139519.00    284139.00
1999      4044     127997.00    119125.00    247122.00
1999      4549     114460.00    101870.00    216330.00
1999      5054      99908.00     83723.00    183631.00
1999      5559     110065.00     86610.00    196675.00
1999      6064     107757.00     77634.00    185391.00
1999      6569     102391.00     66737.00    169128.00
1999      7074      91503.00     47370.00    138873.00
1999      7579      59691.00     26806.00     86497.00
1999      8084      29079.00     11336.00     40415.00
1999      8589      21015.85      7253.51     28269.36
1999      9094       7594.63      3700.77     11295.40
1999      9599       1708.81       591.97      2300.78
1999     100104       306.16        59.58       365.74
1999     105109        38.31         3.23        41.54
1999     110            4.35         4.35         8.70
2000       0         17504.00     18582.00     36086.00
2000       14       73851.00     78117.00    151968.00
2000       59      119957.00    125674.00    245631.00
2000      1014     135591.00    140714.00    276305.00
2000      1519     127646.00    132781.00    260427.00
2000      2024     117264.00    119383.00    236647.00
2000      2529     125278.00    125562.00    250840.00
2000      3034     128588.00    127451.00    256039.00
2000      3539     141881.00    137654.00    279535.00
2000      4044     132165.00    122545.00    254710.00
2000      4549     113650.00    102059.00    215709.00
2000      5054     104124.00     87031.00    191155.00
2000      5559     105597.00     83126.00    188723.00
2000      6064     107730.00     77947.00    185677.00
2000      6569     101332.00     65921.00    167253.00
2000      7074      91700.00     49110.00    140810.00
2000      7579      64611.00     28133.00     92744.00
2000      8084      28790.00     11389.00     40179.00
2000      8589      20802.55      6939.03     27741.58
2000      9094       7897.03      3603.72     11500.75
2000      9599       1705.64       604.19      2309.83
2000     100104       310.97        53.74       364.71
2000     105109        39.01         2.45        41.46
2000     110            4.16         4.16         8.32
2001       0         16323.00     17530.00     33853.00
2001       14       71581.00     75897.00    147478.00
2001       59      113042.00    118685.00    231727.00
2001      1014     133834.00    139689.00    273523.00
2001      1519     130868.00    135353.00    266221.00
2001      2024     116138.00    119574.00    235712.00
2001      2529     120627.00    119490.00    240117.00
2001      3034     128157.00    126162.00    254319.00
2001      3539     137123.00    133119.00    270242.00
2001      4044     136518.00    126539.00    263057.00
2001      4549     113846.00    102287.00    216133.00
2001      5054     105010.00     88620.00    193630.00
2001      5559     104685.00     82246.00    186931.00
2001      6064     106020.00     76547.00    182567.00
2001      6569     100494.00     65611.00    166105.00
2001      7074      92138.00     51435.00    143573.00
2001      7579      68781.00     29151.00     97932.00
2001      8084      31131.00     12340.00     43471.00
2001      8589      19824.14      6610.17     26434.31
2001      9094       8072.55      3431.78     11504.33
2001      9599       1791.99       652.34      2444.33
2001     100104       307.29        51.56       358.85
2001     105109        36.89         2.12        39.01
2001     110            3.52         3.52         7.04
2002       0         15330.00     15994.00     31324.00
2002       14       69108.00     73818.00    142926.00
2002       59      105780.00    110787.00    216567.00
2002      1014     131561.00    137251.00    268812.00
2002      1519     134564.00    139497.00    274061.00
2002      2024     117019.00    120744.00    237763.00
2002      2529     117509.00    117320.00    234829.00
2002      3034     127719.00    125269.00    252988.00
2002      3539     133332.00    129876.00    263208.00
2002      4044     140835.00    130969.00    271804.00
2002      4549     115431.00    103835.00    219266.00
2002      5054     108042.00     91310.00    199352.00
2002      5559      99995.00     78123.00    178118.00
2002      6064     105964.00     76913.00    182877.00
2002      6569     101380.00     65943.00    167323.00
2002      7074      92013.00     52863.00    144876.00
2002      7579      71995.00     30129.00    102124.00
2002      8084      34385.00     13507.00     47892.00
2002      8589      18588.00      6277.00     24865.00
2002      9094       8274.76      3226.03     11500.79
2002      9599       1910.89       764.33      2675.22
2002     100104       331.79        60.83       392.62
2002     105109        37.35         1.78        39.13
2002     110            1.66         1.66         3.32
