  6.5345000e-002  4.1430000e-003  8.9300000e-004  6.9000000e-004  9.9900000e-004  1.3300000e-003  1.5250000e-003  1.8140000e-003  2.3650000e-003  3.3110000e-003  5.2200000e-003  7.9360000e-003  1.2040000e-002  1.8488000e-002  3.0205000e-002  5.2107000e-002  9.0467000e-002  1.5004700e-001
  6.0509000e-002  3.4880000e-003  8.6700000e-004  6.5200000e-004  9.3700000e-004  1.2410000e-003  1.4550000e-003  1.7190000e-003  2.2340000e-003  3.2330000e-003  5.0380000e-003  7.9250000e-003  1.1799000e-002  1.8697000e-002  3.0578000e-002  5.2926000e-002  9.1055000e-002  1.5030300e-001
  5.5751000e-002  2.9290000e-003  7.4700000e-004  6.2800000e-004  9.1300000e-004  1.2140000e-003  1.4260000e-003  1.6860000e-003  2.1340000e-003  3.0470000e-003  4.7230000e-003  7.4470000e-003  1.1201000e-002  1.7488000e-002  2.7885000e-002  4.7208000e-002  8.1053000e-002  1.3528700e-001
  5.2504000e-002  2.6750000e-003  7.4500000e-004  6.1400000e-004  9.2500000e-004  1.1980000e-003  1.3880000e-003  1.7070000e-003  2.1040000e-003  3.0080000e-003  4.6380000e-003  7.3690000e-003  1.1074000e-002  1.7457000e-002  2.7639000e-002  4.6758000e-002  8.2377000e-002  1.3207100e-001
  5.0397000e-002  2.5080000e-003  7.2300000e-004  5.8300000e-004  8.8000000e-004  1.1250000e-003  1.3030000e-003  1.6180000e-003  2.0420000e-003  3.0520000e-003  4.8870000e-003  7.8510000e-003  1.2241000e-002  1.9082000e-002  3.0788000e-002  5.3108000e-002  9.2831000e-002  1.5499500e-001
  5.1823000e-002  2.6620000e-003  7.3600000e-004  6.3800000e-004  9.3300000e-004  1.1610000e-003  1.3330000e-003  1.6140000e-003  2.1570000e-003  3.0600000e-003  4.7210000e-003  7.7700000e-003  1.2110000e-002  1.8784000e-002  3.0402000e-002  4.9927000e-002  8.4690000e-002  1.3674400e-001
  4.9519000e-002  2.5020000e-003  6.9700000e-004  5.3000000e-004  8.5600000e-004  1.0720000e-003  1.2320000e-003  1.4860000e-003  1.9300000e-003  2.8980000e-003  4.3710000e-003  7.1530000e-003  1.1193000e-002  1.7375000e-002  2.7632000e-002  4.5562000e-002  7.7928000e-002  1.2918600e-001
  4.7652000e-002  2.2750000e-003  6.5900000e-004  5.3000000e-004  8.5000000e-004  1.0650000e-003  1.2050000e-003  1.5120000e-003  1.9930000e-003  2.7830000e-003  4.2570000e-003  7.0570000e-003  1.1078000e-002  1.7071000e-002  2.6828000e-002  4.3695000e-002  7.4033000e-002  1.2519100e-001
  4.5493000e-002  2.1030000e-003  5.9900000e-004  5.0500000e-004  8.2700000e-004  1.0380000e-003  1.2260000e-003  1.4630000e-003  1.9270000e-003  2.8510000e-003  4.4400000e-003  7.0890000e-003  1.1298000e-002  1.7694000e-002  2.8078000e-002  4.5410000e-002  7.7947000e-002  1.3409600e-001
  4.2782000e-002  1.8520000e-003  5.8300000e-004  5.1500000e-004  8.4900000e-004  1.0750000e-003  1.1930000e-003  1.4630000e-003  1.9420000e-003  2.7090000e-003  4.2920000e-003  6.9180000e-003  1.1045000e-002  1.7198000e-002  2.6702000e-002  4.3267000e-002  7.3181000e-002  1.2449100e-001
  4.3528000e-002  1.8550000e-003  5.7700000e-004  4.8600000e-004  8.5400000e-004  1.0630000e-003  1.1870000e-003  1.4710000e-003  1.9660000e-003  2.7970000e-003  4.5020000e-003  7.1060000e-003  1.1718000e-002  1.8238000e-002  2.8605000e-002  4.6907000e-002  7.9389000e-002  1.3448900e-001
  4.1673000e-002  1.6960000e-003  5.8100000e-004  4.9200000e-004  9.2300000e-004  1.1250000e-003  1.2400000e-003  1.4620000e-003  2.0630000e-003  2.8820000e-003  4.6090000e-003  7.1720000e-003  1.1412000e-002  1.8339000e-002  2.8944000e-002  4.7112000e-002  7.8814000e-002  1.3269000e-001
  3.8013000e-002  1.4950000e-003  5.1500000e-004  4.4400000e-004  8.0100000e-004  1.0070000e-003  1.0820000e-003  1.3750000e-003  1.9080000e-003  2.8370000e-003  4.3570000e-003  6.7600000e-003  1.0941000e-002  1.7414000e-002  2.7177000e-002  4.3943000e-002  7.2596000e-002  1.2086500e-001
  3.6397000e-002  1.3880000e-003  5.0100000e-004  4.3200000e-004  7.7900000e-004  9.1300000e-004  1.0110000e-003  1.3030000e-003  1.9480000e-003  2.8310000e-003  4.3580000e-003  6.9090000e-003  1.0895000e-002  1.7946000e-002  2.8558000e-002  4.6456000e-002  7.6467000e-002  1.2798100e-001
  3.5261000e-002  1.2500000e-003  4.6400000e-004  4.1000000e-004  7.5200000e-004  8.7400000e-004  9.6300000e-004  1.2360000e-003  1.7210000e-003  2.6930000e-003  4.0430000e-003  6.6090000e-003  1.0530000e-002  1.6898000e-002  2.6856000e-002  4.3575000e-002  7.1014000e-002  1.2007400e-001
  3.3427000e-002  1.1600000e-003  4.4300000e-004  4.1000000e-004  7.5200000e-004  9.0900000e-004  9.8100000e-004  1.1990000e-003  1.7550000e-003  2.7040000e-003  4.0330000e-003  6.8120000e-003  1.0558000e-002  1.6846000e-002  2.7125000e-002  4.4621000e-002  7.2080000e-002  1.2167800e-001
  3.3128000e-002  1.1330000e-003  4.4800000e-004  4.2600000e-004  7.5700000e-004  8.4900000e-004  9.2900000e-004  1.2010000e-003  1.7280000e-003  2.7140000e-003  4.1770000e-003  6.8990000e-003  1.0737000e-002  1.7076000e-002  2.7617000e-002  4.5884000e-002  7.5147000e-002  1.2834400e-001
  3.1586000e-002  1.0820000e-003  4.3100000e-004  4.1700000e-004  7.8200000e-004  8.7900000e-004  9.5000000e-004  1.1810000e-003  1.7390000e-003  2.7650000e-003  4.3850000e-003  6.9500000e-003  1.0997000e-002  1.8033000e-002  2.8884000e-002  4.8302000e-002  7.4104000e-002  1.1792800e-001
  2.9756000e-002  9.9900000e-004  4.2600000e-004  4.1300000e-004  7.9000000e-004  8.6100000e-004  9.2300000e-004  1.1220000e-003  1.6210000e-003  2.5970000e-003  4.1570000e-003  6.5290000e-003  1.0343000e-002  1.6457000e-002  2.5864000e-002  4.3619000e-002  7.1702000e-002  1.1741400e-001
  2.9419000e-002  9.0900000e-004  4.1200000e-004  3.8600000e-004  7.5200000e-004  8.7000000e-004  9.1300000e-004  1.0610000e-003  1.6350000e-003  2.5110000e-003  4.1210000e-003  6.2770000e-003  1.0242000e-002  1.6160000e-002  2.5281000e-002  4.1896000e-002  7.0402000e-002  1.1768000e-001
  2.7374000e-002  8.2900000e-004  4.0100000e-004  3.7800000e-004  7.8000000e-004  8.7700000e-004  8.9800000e-004  1.1050000e-003  1.5800000e-003  2.5060000e-003  4.1640000e-003  6.3610000e-003  1.0290000e-002  1.5954000e-002  2.5365000e-002  4.1211000e-002  6.9646000e-002  1.1326100e-001
  2.6434000e-002  7.6100000e-004  3.9300000e-004  3.8300000e-004  7.6100000e-004  8.3700000e-004  8.7500000e-004  1.0560000e-003  1.5250000e-003  2.4570000e-003  4.1350000e-003  6.3150000e-003  1.0248000e-002  1.6052000e-002  2.5623000e-002  4.1847000e-002  7.2812000e-002  1.2081200e-001
  2.3179000e-002  6.4300000e-004  3.4900000e-004  3.2900000e-004  6.8400000e-004  7.3100000e-004  7.6600000e-004  1.0040000e-003  1.4310000e-003  2.3770000e-003  4.0950000e-003  6.4330000e-003  9.9350000e-003  1.5538000e-002  2.5055000e-002  4.0233000e-002  6.9151000e-002  1.1437500e-001
  2.0943000e-002  6.2100000e-004  3.3900000e-004  3.3500000e-004  7.0100000e-004  7.8900000e-004  7.7200000e-004  9.5800000e-004  1.4220000e-003  2.3970000e-003  4.0130000e-003  6.4930000e-003  1.0060000e-002  1.6019000e-002  2.5763000e-002  4.1692000e-002  7.2119000e-002  1.1945800e-001
  1.9182000e-002  5.8000000e-004  3.2800000e-004  3.3200000e-004  6.6600000e-004  7.6100000e-004  7.4800000e-004  9.5700000e-004  1.3960000e-003  2.3340000e-003  3.9780000e-003  6.5230000e-003  9.6020000e-003  1.5772000e-002  2.5197000e-002  4.1073000e-002  6.9966000e-002  1.1597300e-001
  1.7829000e-002  5.3600000e-004  3.1900000e-004  3.2200000e-004  6.4900000e-004  7.6200000e-004  7.1400000e-004  9.0300000e-004  1.3580000e-003  2.2510000e-003  3.8310000e-003  6.3040000e-003  9.5380000e-003  1.5525000e-002  2.4615000e-002  4.0330000e-002  6.7394000e-002  1.1274400e-001
  1.6862000e-002  5.2800000e-004  2.9300000e-004  3.1600000e-004  6.0500000e-004  7.0200000e-004  7.2200000e-004  8.7400000e-004  1.3100000e-003  2.1670000e-003  3.7150000e-003  6.3140000e-003  9.5050000e-003  1.5384000e-002  2.4083000e-002  3.9609000e-002  6.5577000e-002  1.0968400e-001
  1.5374000e-002  4.8800000e-004  2.6900000e-004  3.1100000e-004  6.3800000e-004  7.4800000e-004  7.3200000e-004  8.7700000e-004  1.2810000e-003  2.0640000e-003  3.6870000e-003  6.1550000e-003  9.5590000e-003  1.4895000e-002  2.3286000e-002  3.8643000e-002  6.3980000e-002  1.0847700e-001
  1.4385000e-002  5.2800000e-004  3.2000000e-004  3.3100000e-004  6.8900000e-004  7.8400000e-004  7.4100000e-004  9.0500000e-004  1.3220000e-003  2.0780000e-003  3.5970000e-003  6.0070000e-003  9.5070000e-003  1.4806000e-002  2.3535000e-002  3.8972000e-002  6.4905000e-002  1.0825800e-001
  1.4034000e-002  4.4700000e-004  2.4700000e-004  2.7100000e-004  6.4100000e-004  7.3900000e-004  7.2700000e-004  8.2600000e-004  1.1960000e-003  1.9560000e-003  3.4910000e-003  5.8330000e-003  9.3770000e-003  1.4074000e-002  2.2899000e-002  3.7590000e-002  6.3327000e-002  1.0648100e-001
  1.3105000e-002  4.1500000e-004  2.4300000e-004  2.5500000e-004  6.1500000e-004  7.1600000e-004  7.0600000e-004  8.0500000e-004  1.1780000e-003  1.9430000e-003  3.3030000e-003  5.5460000e-003  9.0880000e-003  1.3739000e-002  2.2223000e-002  3.6227000e-002  6.1231000e-002  1.0120700e-001
  1.2224000e-002  4.5500000e-004  2.2300000e-004  2.5700000e-004  6.0100000e-004  7.1200000e-004  7.1800000e-004  8.0800000e-004  1.1670000e-003  1.9470000e-003  3.2610000e-003  5.7260000e-003  9.1930000e-003  1.4102000e-002  2.2931000e-002  3.6905000e-002  6.3199000e-002  1.0715700e-001
  1.1361000e-002  3.8000000e-004  2.1200000e-004  2.3200000e-004  5.5600000e-004  6.9600000e-004  6.6400000e-004  8.0200000e-004  1.0920000e-003  1.8690000e-003  3.0930000e-003  5.3700000e-003  8.7450000e-003  1.3838000e-002  2.1561000e-002  3.4427000e-002  5.8220000e-002  9.7691000e-002
  1.0538000e-002  3.7700000e-004  2.0300000e-004  2.3400000e-004  5.7100000e-004  6.7900000e-004  6.7000000e-004  7.6800000e-004  1.1230000e-003  1.7950000e-003  2.9560000e-003  5.1670000e-003  8.7050000e-003  1.3554000e-002  2.1180000e-002  3.4479000e-002  5.8542000e-002  9.8176000e-002
  1.0054000e-002  3.2400000e-004  1.8700000e-004  2.3000000e-004  5.0700000e-004  6.5800000e-004  6.7700000e-004  7.6300000e-004  1.1040000e-003  1.8140000e-003  2.9520000e-003  4.9820000e-003  8.4300000e-003  1.3316000e-002  2.0195000e-002  3.3877000e-002  5.6121000e-002  9.5963000e-002
  9.7890000e-003  3.5900000e-004  1.8900000e-004  2.0400000e-004  5.0800000e-004  6.7700000e-004  7.0700000e-004  7.6500000e-004  1.0780000e-003  1.7500000e-003  2.8330000e-003  4.8680000e-003  8.1070000e-003  1.2976000e-002  1.9427000e-002  3.2461000e-002  5.3571000e-002  9.0168000e-002
  9.5260000e-003  3.3100000e-004  1.7800000e-004  1.9800000e-004  5.1000000e-004  7.1100000e-004  7.5800000e-004  8.1300000e-004  1.0590000e-003  1.6650000e-003  2.8120000e-003  4.5870000e-003  7.8290000e-003  1.2810000e-002  1.9311000e-002  3.2053000e-002  5.2498000e-002  8.9256000e-002
  8.6890000e-003  2.9700000e-004  1.6900000e-004  1.8900000e-004  5.3100000e-004  7.0600000e-004  8.3200000e-004  9.0300000e-004  1.0580000e-003  1.5950000e-003  2.7580000e-003  4.4360000e-003  7.5150000e-003  1.2259000e-002  1.9199000e-002  3.0732000e-002  4.9957000e-002  8.5125000e-002
  8.3250000e-003  2.9300000e-004  1.7100000e-004  1.9500000e-004  5.5400000e-004  7.3700000e-004  9.0200000e-004  9.6000000e-004  1.1510000e-003  1.6580000e-003  2.6260000e-003  4.2500000e-003  7.3190000e-003  1.1941000e-002  1.8803000e-002  3.0097000e-002  5.0142000e-002  8.5139000e-002
  8.2480000e-003  3.1100000e-004  1.8000000e-004  2.0000000e-004  5.6700000e-004  7.8700000e-004  9.8500000e-004  1.0900000e-003  1.1480000e-003  1.6380000e-003  2.6600000e-003  4.2430000e-003  7.2150000e-003  1.1830000e-002  1.8728000e-002  2.8862000e-002  4.9541000e-002  8.4356000e-002
  8.0400000e-003  2.9900000e-004  1.6400000e-004  2.1500000e-004  5.6900000e-004  7.7300000e-004  9.1200000e-004  1.1280000e-003  1.1760000e-003  1.5770000e-003  2.6180000e-003  4.1110000e-003  6.8290000e-003  1.1291000e-002  1.8153000e-002  2.8037000e-002  4.8573000e-002  8.0878000e-002
  6.9610000e-003  3.5300000e-004  1.9100000e-004  2.0600000e-004  5.1700000e-004  6.8700000e-004  8.5500000e-004  1.0850000e-003  1.1590000e-003  1.5640000e-003  2.4440000e-003  4.0810000e-003  6.5580000e-003  1.0957000e-002  1.7836000e-002  2.7785000e-002  4.8737000e-002  8.1155000e-002
  6.4560000e-003  3.1400000e-004  1.7200000e-004  1.8100000e-004  5.0700000e-004  6.3000000e-004  8.1600000e-004  1.1630000e-003  1.2040000e-003  1.5660000e-003  2.4170000e-003  4.0470000e-003  6.3870000e-003  1.0681000e-002  1.7410000e-002  2.8118000e-002  4.7245000e-002  7.8298000e-002
  6.1580000e-003  2.9100000e-004  1.7200000e-004  1.9400000e-004  5.0300000e-004  6.8800000e-004  7.8100000e-004  1.1670000e-003  1.2700000e-003  1.5530000e-003  2.3920000e-003  3.8680000e-003  6.1920000e-003  1.0261000e-002  1.6984000e-002  2.7160000e-002  4.5184000e-002  7.6260000e-002
  6.1550000e-003  2.7000000e-004  1.6000000e-004  1.9300000e-004  4.8400000e-004  6.4300000e-004  7.6800000e-004  1.0940000e-003  1.2270000e-003  1.4840000e-003  2.3310000e-003  3.7590000e-003  5.9980000e-003  9.9190000e-003  1.6505000e-002  2.6573000e-002  4.2383000e-002  7.4624000e-002
