  8.1231840e+005  3.4248345e+006  3.9341899e+006  4.1417463e+006  3.9721088e+006  3.9922911e+006  3.8691693e+006  3.0149704e+006  3.1789208e+006  3.3664960e+006  2.8867365e+006  2.5128034e+006  2.1366073e+006  1.8733670e+006  1.5426701e+006  1.1286646e+006  7.3962983e+005  3.5458558e+005
  8.0329197e+005  3.3114448e+006  4.0517125e+006  4.0314278e+006  3.9645399e+006  3.9530948e+006  3.8530063e+006  3.3448641e+006  2.8640667e+006  3.4175694e+006  2.9613201e+006  2.5519989e+006  2.1728104e+006  1.8840007e+006  1.5713009e+006  1.1503080e+006  7.5484630e+005  3.6404376e+005
  8.0242297e+005  3.2564709e+006  4.1164373e+006  3.9689386e+006  3.9763038e+006  3.9380338e+006  3.8523830e+006  3.5202886e+006  2.7029443e+006  3.4453259e+006  3.0130202e+006  2.5757581e+006  2.1952527e+006  1.8929723e+006  1.5888534e+006  1.1637685e+006  7.6303202e+005  3.6901554e+005
  8.1919655e+005  3.2297062e+006  4.1778773e+006  3.9075520e+006  3.9992032e+006  3.9314258e+006  3.8613060e+006  3.6644254e+006  2.6122794e+006  3.4641519e+006  3.0721388e+006  2.6184316e+006  2.2351740e+006  1.9069961e+006  1.6110193e+006  1.1889992e+006  7.7677017e+005  3.7488727e+005
  8.3466700e+005  3.1932842e+006  4.2735952e+006  3.7727658e+006  4.0230556e+006  3.8807340e+006  3.8693633e+006  3.7899495e+006  2.5603059e+006  3.4510062e+006  3.1610278e+006  2.6797855e+006  2.3006224e+006  1.9300803e+006  1.6363156e+006  1.2305884e+006  7.9280478e+005  3.9101695e+005
  8.3649865e+005  3.1996171e+006  4.2778378e+006  3.7492175e+006  4.0244205e+006  3.8143465e+006  3.8737329e+006  3.7924688e+006  2.7090374e+006  3.3525608e+006  3.2395880e+006  2.7436416e+006  2.3612769e+006  1.9628245e+006  1.6589015e+006  1.2599962e+006  8.0258705e+005  4.1207323e+005
  8.4023525e+005  3.2263273e+006  4.1879256e+006  3.8582773e+006  3.9839598e+006  3.7690522e+006  3.8454222e+006  3.7915331e+006  2.9742305e+006  3.1292914e+006  3.3114124e+006  2.8132568e+006  2.4125465e+006  1.9997601e+006  1.6803249e+006  1.2828456e+006  8.1909689e+005  4.2870291e+005
  8.3959940e+005  3.2567763e+006  4.0875782e+006  3.9979729e+006  3.8978237e+006  3.7689466e+006  3.8013104e+006  3.7771389e+006  3.3110747e+006  2.8272445e+006  3.3750475e+006  2.8991743e+006  2.4617790e+006  2.0418060e+006  1.6988150e+006  1.3148238e+006  8.4518667e+005  4.4401705e+005
  8.5155030e+005  3.2735265e+006  4.0171260e+006  4.1277681e+006  3.7808322e+006  3.7998543e+006  3.7571254e+006  3.7605273e+006  3.6091096e+006  2.5684985e+006  3.4051849e+006  2.9955270e+006  2.5161290e+006  2.0918504e+006  1.7164687e+006  1.3483561e+006  8.7871293e+005  4.6271250e+005
  8.7029380e+005  3.2868109e+006  3.9899485e+006  4.2339798e+006  3.6675960e+006  3.8325923e+006  3.6966620e+006  3.7518475e+006  3.7266270e+006  2.5190729e+006  3.3891746e+006  3.0821177e+006  2.5745438e+006  2.1535118e+006  1.7379521e+006  1.3732479e+006  9.1339897e+005  4.7327600e+005
  8.7714285e+005  3.3139853e+006  3.9883319e+006  4.2493717e+006  3.6600690e+006  3.8499675e+006  3.6242869e+006  3.7432924e+006  3.7224879e+006  2.6667535e+006  3.2878583e+006  3.1592731e+006  2.6360366e+006  2.2137732e+006  1.7682785e+006  1.3964488e+006  9.4027252e+005  4.8200300e+005
  8.9248885e+005  3.3622265e+006  3.9968655e+006  4.1590083e+006  3.7713640e+006  3.8377351e+006  3.5966115e+006  3.7187317e+006  3.7179949e+006  2.9280856e+006  3.0644000e+006  3.2315241e+006  2.7078381e+006  2.2668476e+006  1.8014121e+006  1.4173585e+006  9.6107153e+005  4.9716250e+005
  9.1733535e+005  3.4338001e+006  4.0131649e+006  4.0433860e+006  3.9042524e+006  3.7791084e+006  3.6361555e+006  3.6931069e+006  3.7053509e+006  3.2596431e+006  2.7654045e+006  3.2915693e+006  2.7969128e+006  2.3189123e+006  1.8339911e+006  1.4307484e+006  9.8123632e+005  5.1063550e+005
  9.5689660e+005  3.5144928e+006  4.0459075e+006  3.9530350e+006  4.0185154e+006  3.6767610e+006  3.7083087e+006  3.6747795e+006  3.6944550e+006  3.5540044e+006  2.5108296e+006  3.3149180e+006  2.8950473e+006  2.3795694e+006  1.8739695e+006  1.4433750e+006  1.0030537e+006  5.2934500e+005
  9.7258040e+005  3.6059198e+006  4.1001683e+006  3.9028973e+006  4.1115045e+006  3.5606300e+006  3.7786743e+006  3.6461366e+006  3.7006575e+006  3.6697299e+006  2.4663224e+006  3.2915655e+006  2.9829421e+006  2.4425710e+006  1.9315694e+006  1.4586435e+006  1.0198624e+006  5.5120850e+005
  9.5561610e+005  3.6935932e+006  4.1681888e+006  3.8868841e+006  4.1220676e+006  3.5346912e+006  3.8138895e+006  3.6133715e+006  3.7142030e+006  3.6673067e+006  2.6151132e+006  3.1855998e+006  3.0585111e+006  2.5049331e+006  1.9965125e+006  1.4782892e+006  1.0378715e+006  5.6650750e+005
  9.3587375e+005  3.7522496e+006  4.2503608e+006  3.9035163e+006  4.0337083e+006  3.6254545e+006  3.7938978e+006  3.6088380e+006  3.7022764e+006  3.6686563e+006  2.8711058e+006  2.9653808e+006  3.1228931e+006  2.5748491e+006  2.0586918e+006  1.5036380e+006  1.0576669e+006  5.8120000e+005
  9.1259205e+005  3.7661635e+006  4.3525485e+006  3.9408105e+006  3.9204792e+006  3.7482028e+006  3.7197734e+006  3.6456224e+006  3.6811115e+006  3.6596905e+006  3.1963592e+006  2.6759050e+006  3.1695426e+006  2.6588825e+006  2.1194870e+006  1.5313562e+006  1.0716639e+006  5.9584100e+005
  9.0399470e+005  3.7214773e+006  4.4670530e+006  3.9949015e+006  3.8348010e+006  3.8581810e+006  3.6003572e+006  3.7112068e+006  3.6662938e+006  3.6499303e+006  3.4878496e+006  2.4301383e+006  3.1796910e+006  2.7488077e+006  2.1839417e+006  1.5621097e+006  1.0831858e+006  6.1021950e+005
  8.8926355e+005  3.6508279e+006  4.5523782e+006  4.0792856e+006  3.7882585e+006  3.9566565e+006  3.4597443e+006  3.7746990e+006  3.6385280e+006  3.6627298e+006  3.6001685e+006  2.3924258e+006  3.1480723e+006  2.8281977e+006  2.2441740e+006  1.6178616e+006  1.0949570e+006  6.2357754e+005
  8.7171925e+005  3.5768869e+006  4.6028435e+006  4.1725962e+006  3.7779070e+006  3.9853120e+006  3.4125375e+006  3.7937318e+006  3.6136235e+006  3.6847404e+006  3.5965306e+006  2.5424081e+006  3.0410760e+006  2.8948696e+006  2.2988387e+006  1.6909179e+006  1.1065895e+006  6.3765816e+005
  8.6847290e+005  3.5246429e+006  4.6382097e+006  4.2597575e+006  3.8220242e+006  3.9225985e+006  3.5100104e+006  3.7600887e+006  3.6155809e+006  3.6777808e+006  3.6053114e+006  2.7939870e+006  2.8319593e+006  2.9426726e+006  2.3500353e+006  1.7522541e+006  1.1237817e+006  6.5505667e+005
  8.6163075e+005  3.5036608e+006  4.6421260e+006  4.3599263e+006  3.8931260e+006  3.8391670e+006  3.6646435e+006  3.6896809e+006  3.6480548e+006  3.6621253e+006  3.6058361e+006  3.1161493e+006  2.5626690e+006  2.9740070e+006  2.4064732e+006  1.7989868e+006  1.1464458e+006  6.6916932e+005
  8.5339370e+005  3.4814818e+006  4.6082611e+006  4.4703620e+006  3.9698321e+006  3.7819221e+006  3.8123292e+006  3.5848954e+006  3.7076466e+006  3.6523183e+006  3.6048450e+006  3.4072169e+006  2.3347483e+006  2.9830178e+006  2.4724592e+006  1.8421866e+006  1.1752909e+006  6.8027931e+005
  8.3229945e+005  3.4604270e+006  4.5487410e+006  4.5612062e+006  4.0612376e+006  3.7672584e+006  3.9434813e+006  3.4710870e+006  3.7663072e+006  3.6299119e+006  3.6245149e+006  3.5242760e+006  2.3053975e+006  2.9605470e+006  2.5320530e+006  1.8770156e+006  1.2192694e+006  6.8983026e+005
  7.9104865e+005  3.4213758e+006  4.4936133e+006  4.6297018e+006  4.1507835e+006  3.7862895e+006  3.9909318e+006  3.4587634e+006  3.7926624e+006  3.6033863e+006  3.6494397e+006  3.5287405e+006  2.4555384e+006  2.8699698e+006  2.5838485e+006  1.9068055e+006  1.2651660e+006  7.0292810e+005
  7.4935110e+005  3.3411353e+006  4.4565137e+006  4.6780763e+006  4.2385931e+006  3.8378186e+006  3.9314291e+006  3.5749389e+006  3.7727054e+006  3.6007780e+006  3.6447250e+006  3.5404272e+006  2.7034165e+006  2.6786865e+006  2.6326815e+006  1.9448326e+006  1.3038416e+006  7.2273157e+005
  7.1407400e+005  3.2291786e+006  4.4243918e+006  4.6899738e+006  4.3440891e+006  3.9001495e+006  3.8490904e+006  3.7249190e+006  3.7106383e+006  3.6343035e+006  3.6314558e+006  3.5409982e+006  3.0171629e+006  2.4248119e+006  2.6784401e+006  1.9966433e+006  1.3346006e+006  7.4464339e+005
  6.8018950e+005  3.0909255e+006  4.3866858e+006  4.6638846e+006  4.4621512e+006  3.9687382e+006  3.7925176e+006  3.8657133e+006  3.6162985e+006  3.6931733e+006  3.6242914e+006  3.5436286e+006  3.2972286e+006  2.2101633e+006  2.7048348e+006  2.0596020e+006  1.3624612e+006  7.6846949e+005
  6.4546313e+005  2.9309343e+006  4.3263980e+006  4.6065412e+006  4.5582939e+006  4.0182847e+006  3.7572511e+006  3.9644383e+006  3.5047805e+006  3.7385672e+006  3.5980491e+006  3.5585632e+006  3.4111120e+006  2.1860560e+006  2.7065603e+006  2.1275136e+006  1.3990299e+006  8.0090547e+005
  6.3013722e+005  2.8556717e+006  4.2952364e+006  4.5773501e+006  4.6061232e+006  4.0578377e+006  3.7615432e+006  4.0189545e+006  3.4565405e+006  3.7646011e+006  3.5821021e+006  3.5773519e+006  3.4066015e+006  2.2389955e+006  2.6963763e+006  2.1566299e+006  1.4132970e+006  8.1358371e+005
  6.2374440e+005  2.7938918e+006  4.2473102e+006  4.5617224e+006  4.6567510e+006  4.1236017e+006  3.8066036e+006  4.0104399e+006  3.5141433e+006  3.7826628e+006  3.5773783e+006  3.5851060e+006  3.4214118e+006  2.3273570e+006  2.6283220e+006  2.1776061e+006  1.4257033e+006  8.1759805e+005
  6.1383725e+005  2.6648348e+006  4.1212361e+006  4.5181797e+006  4.7070378e+006  4.2137834e+006  3.8521598e+006  3.9362829e+006  3.6231793e+006  3.7695373e+006  3.5660615e+006  3.5792887e+006  3.4303042e+006  2.5643542e+006  2.4557547e+006  2.2384914e+006  1.4696636e+006  8.4265600e+005
  6.0318925e+005  2.5620610e+006  3.9694850e+006  4.4740289e+006  4.7141158e+006  4.3233992e+006  3.9036093e+006  3.8496898e+006  3.7504178e+006  3.7024931e+006  3.5940252e+006  3.5627713e+006  3.4253690e+006  2.8593656e+006  2.2180209e+006  2.2972861e+006  1.5248439e+006  8.6576952e+005
  5.8814950e+005  2.4817976e+006  3.7910480e+006  4.4302179e+006  4.6809530e+006  4.4440301e+006  3.9638759e+006  3.7928625e+006  3.8684523e+006  3.6011894e+006  3.6457077e+006  3.5513366e+006  3.4246345e+006  3.1190086e+006  2.0174350e+006  2.3334266e+006  1.5897233e+006  8.9134849e+005
  5.7628165e+005  2.4213495e+006  3.5985575e+006  4.3767548e+006  4.6189123e+006  4.5558923e+006  4.0327903e+006  3.7826692e+006  3.9661888e+006  3.4933969e+006  3.6939823e+006  3.5296911e+006  3.4394076e+006  3.2251752e+006  1.9932138e+006  2.3368601e+006  1.6556083e+006  9.2632881e+005
  5.6062190e+005  2.3712851e+006  3.4221096e+006  4.2896198e+006  4.5606726e+006  4.6396323e+006  4.1076981e+006  3.8070562e+006  3.9802266e+006  3.4779948e+006  3.7218269e+006  3.4963103e+006  3.4565255e+006  3.2325127e+006  2.1286898e+006  2.2764154e+006  1.7164665e+006  9.6501711e+005
  5.4826040e+005  2.3154980e+006  3.2785912e+006  4.1629880e+006  4.5170088e+006  4.6865321e+006  4.1975263e+006  3.8488950e+006  3.9082685e+006  3.5783927e+006  3.7069605e+006  3.4829441e+006  3.4515195e+006  3.2409238e+006  2.3506325e+006  2.1275435e+006  1.7774828e+006  1.0064428e+006
  5.5513295e+005  2.2604041e+006  3.1585023e+006  4.0018840e+006  4.4864131e+006  4.6948046e+006  4.3048047e+006  3.8981510e+006  3.8295774e+006  3.7054013e+006  3.6408849e+006  3.5110140e+006  3.4390092e+006  3.2393097e+006  2.6266954e+006  1.9249871e+006  1.8369761e+006  1.0590517e+006
  5.5952255e+005  2.2268565e+006  3.0585430e+006  3.8099448e+006  4.4575413e+006  4.6634248e+006  4.4232478e+006  3.9548242e+006  3.7808050e+006  3.8231958e+006  3.5415349e+006  3.5625656e+006  3.4310805e+006  3.2426863e+006  2.8693395e+006  1.7569454e+006  1.8787135e+006  1.1196548e+006
  5.5779500e+005  2.2098518e+006  2.9813655e+006  3.6088280e+006  4.4121537e+006  4.6031172e+006  4.5342809e+006  4.0187811e+006  3.7768180e+006  3.9199613e+006  3.4373100e+006  3.6105968e+006  3.4129808e+006  3.2615481e+006  2.9718310e+006  1.7470916e+006  1.8915583e+006  1.1757748e+006
  5.5293770e+005  2.2032636e+006  2.9212587e+006  3.4284229e+006  4.2847155e+006  4.5454900e+006  4.6084581e+006  4.0793410e+006  3.7871500e+006  3.9432446e+006  3.4369341e+006  3.6463235e+006  3.3903410e+006  3.2904565e+006  2.9833128e+006  1.8809945e+006  1.8567150e+006  1.2295548e+006
  5.5718300e+005  2.2326235e+006  2.8840725e+006  3.2982085e+006  4.1161760e+006  4.4769575e+006  4.6418130e+006  4.1627270e+006  3.8284285e+006  3.8900140e+006  3.5524905e+006  3.6532810e+006  3.4018300e+006  3.2993025e+006  3.0042980e+006  2.0840535e+006  1.7401205e+006  1.2824345e+006
  5.5996800e+005  2.2598485e+006  2.8638765e+006  3.2011240e+006  3.9713960e+006  4.4162310e+006  4.6603605e+006  4.2837620e+006  3.9011900e+006  3.8179230e+006  3.6920620e+006  3.6065370e+006  3.4478715e+006  3.2997885e+006  3.0192210e+006  2.3356045e+006  1.5747520e+006  1.3321951e+006
  5.4235700e+005  2.2498835e+006  2.8434030e+006  3.1185780e+006  3.7982430e+006  4.3781035e+006  4.6476685e+006  4.4221020e+006  3.9679795e+006  3.7745495e+006  3.8254810e+006  3.5150015e+006  3.5081840e+006  3.3124240e+006  3.0332385e+006  2.5616130e+006  1.4506165e+006  1.3774389e+006
