  3.2675000e-002  1.9130000e-003  7.0800000e-004  5.8100000e-004  1.1060000e-003  1.6970000e-003  2.2590000e-003  2.4400000e-003  3.1410000e-003  4.2700000e-003  6.4490000e-003  9.9590000e-003  1.5845000e-002  2.4732000e-002  3.9144000e-002  6.1563000e-002  9.9785000e-002  1.5550000e-001
  3.4230000e-002  1.8950000e-003  7.8600000e-004  5.9600000e-004  9.7800000e-004  1.4550000e-003  1.8500000e-003  2.3040000e-003  2.9040000e-003  4.0590000e-003  6.3680000e-003  9.8580000e-003  1.6039000e-002  2.3985000e-002  3.9517000e-002  6.3001000e-002  1.0521500e-001  1.5894100e-001
  3.1052000e-002  1.6380000e-003  6.5700000e-004  5.6600000e-004  8.9200000e-004  1.3660000e-003  1.7700000e-003  2.1400000e-003  2.7450000e-003  3.9900000e-003  6.0540000e-003  9.4980000e-003  1.4363000e-002  2.3711000e-002  3.6053000e-002  6.0177000e-002  9.7184000e-002  1.5548100e-001
  3.0253000e-002  1.6940000e-003  6.4300000e-004  5.5900000e-004  9.2600000e-004  1.4770000e-003  1.6150000e-003  2.0910000e-003  2.9130000e-003  4.0750000e-003  6.0550000e-003  9.7160000e-003  1.5155000e-002  2.3588000e-002  3.7712000e-002  5.8838000e-002  1.0152400e-001  1.5678800e-001
  2.5999000e-002  1.4940000e-003  6.6100000e-004  5.1600000e-004  8.6600000e-004  1.2010000e-003  1.8570000e-003  2.1730000e-003  2.8530000e-003  4.1300000e-003  6.1970000e-003  9.6520000e-003  1.4377000e-002  2.2168000e-002  3.6397000e-002  5.9825000e-002  9.5451000e-002  1.5374300e-001
  2.8020000e-002  2.1340000e-003  6.7500000e-004  5.3900000e-004  9.2500000e-004  1.3640000e-003  1.6290000e-003  2.1220000e-003  2.7990000e-003  3.9700000e-003  6.2880000e-003  9.4790000e-003  1.5234000e-002  2.3409000e-002  3.7665000e-002  6.0319000e-002  1.0064000e-001  1.5404300e-001
  2.4113000e-002  1.5710000e-003  5.2400000e-004  3.9500000e-004  7.2300000e-004  1.0850000e-003  1.4590000e-003  1.9530000e-003  2.7430000e-003  3.7560000e-003  5.7840000e-003  9.0510000e-003  1.4468000e-002  2.2486000e-002  3.4859000e-002  5.7476000e-002  9.4922000e-002  1.5185700e-001
  2.4262000e-002  1.3740000e-003  5.6300000e-004  4.1600000e-004  8.0300000e-004  1.1810000e-003  1.5550000e-003  1.8790000e-003  2.6660000e-003  3.6520000e-003  5.5520000e-003  9.0110000e-003  1.3961000e-002  2.2145000e-002  3.5432000e-002  5.5641000e-002  9.2884000e-002  1.4621000e-001
  2.1407000e-002  1.0780000e-003  5.1600000e-004  4.4000000e-004  8.2700000e-004  1.1110000e-003  1.3860000e-003  1.8880000e-003  2.5970000e-003  3.6800000e-003  5.8710000e-003  9.1580000e-003  1.3885000e-002  2.2386000e-002  3.4943000e-002  5.8578000e-002  9.4251000e-002  1.4449100e-001
  2.1276000e-002  1.0950000e-003  5.3200000e-004  3.9100000e-004  8.6900000e-004  1.0410000e-003  1.3360000e-003  1.7700000e-003  2.4740000e-003  3.9170000e-003  5.7340000e-003  9.1630000e-003  1.4315000e-002  2.2399000e-002  3.5105000e-002  5.7793000e-002  9.2657000e-002  1.5148400e-001
  2.0738000e-002  1.0220000e-003  4.9300000e-004  3.9400000e-004  7.8100000e-004  1.0790000e-003  1.4280000e-003  1.7780000e-003  2.6270000e-003  3.7070000e-003  6.0610000e-003  9.1570000e-003  1.4950000e-002  2.2810000e-002  3.6575000e-002  5.9240000e-002  1.0066200e-001  1.5802300e-001
  1.8545000e-002  1.0420000e-003  4.9900000e-004  4.0600000e-004  6.8000000e-004  1.0690000e-003  1.3390000e-003  1.8690000e-003  2.5300000e-003  3.6960000e-003  5.9250000e-003  9.7260000e-003  1.4249000e-002  2.2292000e-002  3.6118000e-002  5.8032000e-002  9.2248000e-002  1.4761900e-001
  1.7106000e-002  9.9000000e-004  5.0700000e-004  3.8000000e-004  8.4100000e-004  1.1110000e-003  1.3220000e-003  1.6290000e-003  2.4130000e-003  3.7340000e-003  5.7890000e-003  9.1340000e-003  1.4319000e-002  2.2781000e-002  3.4621000e-002  5.7587000e-002  9.4489000e-002  1.4940900e-001
  1.7685000e-002  9.2100000e-004  6.2600000e-004  4.0200000e-004  7.0500000e-004  1.0500000e-003  1.3260000e-003  1.6890000e-003  2.5950000e-003  3.9150000e-003  5.8040000e-003  9.3360000e-003  1.4433000e-002  2.2221000e-002  3.5897000e-002  5.8676000e-002  9.7583000e-002  1.6097200e-001
  1.5313000e-002  8.5700000e-004  5.4000000e-004  4.2900000e-004  7.6900000e-004  9.9000000e-004  1.1920000e-003  1.6230000e-003  2.4240000e-003  3.8120000e-003  5.8110000e-003  8.7580000e-003  1.4302000e-002  2.2018000e-002  3.4991000e-002  5.6982000e-002  9.5255000e-002  1.4786700e-001
  1.5132000e-002  7.9400000e-004  5.5700000e-004  4.1400000e-004  7.1200000e-004  9.6000000e-004  1.2150000e-003  1.4420000e-003  2.3110000e-003  3.6680000e-003  5.9830000e-003  8.9750000e-003  1.4047000e-002  2.1936000e-002  3.4275000e-002  5.7043000e-002  9.2970000e-002  1.4584600e-001
  1.3850000e-002  9.8300000e-004  4.9600000e-004  3.2900000e-004  7.5500000e-004  9.4300000e-004  1.2120000e-003  1.5620000e-003  2.5430000e-003  3.7460000e-003  5.7680000e-003  9.1350000e-003  1.3996000e-002  2.1727000e-002  3.4861000e-002  5.6864000e-002  9.4826000e-002  1.5270700e-001
  1.4061000e-002  8.2100000e-004  5.8500000e-004  3.1400000e-004  7.5500000e-004  9.2900000e-004  1.3510000e-003  1.7000000e-003  2.4650000e-003  3.9990000e-003  6.1240000e-003  9.2800000e-003  1.4349000e-002  2.2110000e-002  3.5108000e-002  5.6203000e-002  9.3100000e-002  1.4879800e-001
  1.3527000e-002  7.4100000e-004  5.0000000e-004  3.5300000e-004  8.3800000e-004  1.0440000e-003  1.0910000e-003  1.5820000e-003  2.4980000e-003  3.5740000e-003  5.6820000e-003  8.7600000e-003  1.3390000e-002  2.1218000e-002  3.2715000e-002  5.3497000e-002  8.7258000e-002  1.4088700e-001
  1.2700000e-002  6.6000000e-004  5.0900000e-004  4.0800000e-004  8.3300000e-004  1.0100000e-003  1.2060000e-003  1.5560000e-003  2.4680000e-003  3.9770000e-003  6.1890000e-003  8.6800000e-003  1.3488000e-002  2.1562000e-002  3.3751000e-002  5.4526000e-002  8.8875000e-002  1.4150000e-001
  1.1860000e-002  6.6400000e-004  4.9300000e-004  3.8800000e-004  9.3600000e-004  1.0920000e-003  1.2000000e-003  1.5550000e-003  2.3890000e-003  3.8210000e-003  5.3780000e-003  8.1460000e-003  1.2838000e-002  2.0039000e-002  3.1179000e-002  5.0286000e-002  8.1009000e-002  1.3716800e-001
  1.0503000e-002  6.0500000e-004  4.9600000e-004  3.9500000e-004  8.5200000e-004  1.1520000e-003  1.1570000e-003  1.4230000e-003  2.1340000e-003  3.3660000e-003  5.5170000e-003  8.0300000e-003  1.2342000e-002  1.9598000e-002  3.0536000e-002  4.9185000e-002  7.9006000e-002  1.2546400e-001
  1.1545000e-002  6.1900000e-004  4.0100000e-004  3.4100000e-004  8.8300000e-004  1.0200000e-003  1.1850000e-003  1.5260000e-003  2.0600000e-003  3.5900000e-003  5.7460000e-003  8.2290000e-003  1.2643000e-002  1.9291000e-002  3.0168000e-002  4.7599000e-002  7.8576000e-002  1.3184900e-001
  9.8310000e-003  6.6800000e-004  3.9100000e-004  3.2200000e-004  8.7200000e-004  1.1680000e-003  1.1770000e-003  1.3600000e-003  2.1350000e-003  3.3930000e-003  5.2240000e-003  8.0490000e-003  1.1793000e-002  1.8913000e-002  2.9611000e-002  4.5845000e-002  7.5089000e-002  1.2133900e-001
  1.0153000e-002  4.7100000e-004  3.2300000e-004  2.6500000e-004  7.6400000e-004  1.0480000e-003  1.2810000e-003  1.3430000e-003  2.0660000e-003  3.1370000e-003  5.3400000e-003  8.1800000e-003  1.1870000e-002  1.8487000e-002  2.9464000e-002  4.6273000e-002  7.6026000e-002  1.1996600e-001
  8.9330000e-003  5.5200000e-004  3.2000000e-004  2.3300000e-004  6.4000000e-004  8.5800000e-004  1.1670000e-003  1.3940000e-003  2.0170000e-003  3.0340000e-003  5.1780000e-003  7.6590000e-003  1.1937000e-002  1.8573000e-002  2.8263000e-002  4.4183000e-002  7.1465000e-002  1.1402800e-001
  7.5340000e-003  4.4100000e-004  3.0700000e-004  2.9000000e-004  6.5000000e-004  8.3300000e-004  1.0300000e-003  1.3110000e-003  1.9050000e-003  2.8700000e-003  4.7620000e-003  7.5700000e-003  1.1275000e-002  1.7369000e-002  2.7018000e-002  4.3795000e-002  7.0264000e-002  1.1029000e-001
  7.6610000e-003  3.8500000e-004  2.8600000e-004  2.7100000e-004  6.7400000e-004  8.5000000e-004  1.0950000e-003  1.2790000e-003  1.8520000e-003  2.8280000e-003  4.5840000e-003  7.3120000e-003  1.1257000e-002  1.6573000e-002  2.6587000e-002  4.3006000e-002  6.8082000e-002  1.0674900e-001
  7.6110000e-003  3.7300000e-004  2.3400000e-004  2.2000000e-004  6.0000000e-004  8.8000000e-004  1.0400000e-003  1.3330000e-003  1.7460000e-003  2.6850000e-003  3.9360000e-003  7.0230000e-003  1.0537000e-002  1.6547000e-002  2.6268000e-002  4.2001000e-002  6.6176000e-002  1.1054300e-001
  6.5010000e-003  3.4400000e-004  2.9000000e-004  2.5700000e-004  5.8300000e-004  7.1400000e-004  1.0250000e-003  1.3960000e-003  1.6400000e-003  2.5280000e-003  4.2080000e-003  6.8300000e-003  1.0592000e-002  1.6337000e-002  2.5648000e-002  4.0236000e-002  6.4849000e-002  1.0725500e-001
  6.0420000e-003  3.1900000e-004  2.1900000e-004  2.3700000e-004  5.2900000e-004  7.2500000e-004  9.5800000e-004  1.2480000e-003  1.6220000e-003  2.6200000e-003  4.0270000e-003  6.7780000e-003  9.9630000e-003  1.5537000e-002  2.4258000e-002  3.8950000e-002  6.2553000e-002  9.9749000e-002
  6.1590000e-003  3.8400000e-004  2.2900000e-004  1.5700000e-004  6.3900000e-004  7.5700000e-004  9.5400000e-004  1.2210000e-003  1.6850000e-003  2.5540000e-003  3.8270000e-003  6.2730000e-003  1.0403000e-002  1.5204000e-002  2.4027000e-002  3.9958000e-002  6.4615000e-002  1.0421100e-001
  6.4160000e-003  3.0900000e-004  2.2600000e-004  1.9100000e-004  5.8900000e-004  7.9500000e-004  9.4300000e-004  1.2020000e-003  1.5780000e-003  2.5380000e-003  3.7320000e-003  6.0750000e-003  9.9930000e-003  1.5464000e-002  2.3781000e-002  3.8323000e-002  6.1392000e-002  9.9966000e-002
  6.1860000e-003  2.7600000e-004  2.3500000e-004  2.3500000e-004  5.8400000e-004  7.4500000e-004  8.7100000e-004  1.1750000e-003  1.6780000e-003  2.5000000e-003  3.9620000e-003  6.3030000e-003  9.9790000e-003  1.5702000e-002  2.4044000e-002  3.9458000e-002  6.4398000e-002  1.0683300e-001
  5.7300000e-003  2.5200000e-004  1.6100000e-004  1.8600000e-004  5.9900000e-004  8.6000000e-004  9.6600000e-004  1.2640000e-003  1.7550000e-003  2.6090000e-003  4.1110000e-003  6.2050000e-003  9.7260000e-003  1.5062000e-002  2.2964000e-002  3.7684000e-002  6.1580000e-002  9.8910000e-002
  6.1240000e-003  3.4500000e-004  1.9300000e-004  1.8900000e-004  6.3900000e-004  7.7000000e-004  1.0040000e-003  1.3490000e-003  1.8960000e-003  2.5300000e-003  3.7150000e-003  5.9780000e-003  9.5780000e-003  1.4941000e-002  2.3575000e-002  3.7094000e-002  6.0078000e-002  9.9004000e-002
  6.1830000e-003  2.6600000e-004  1.8800000e-004  2.0300000e-004  6.6200000e-004  8.7100000e-004  9.5900000e-004  1.3150000e-003  1.9840000e-003  2.7180000e-003  4.1690000e-003  6.0790000e-003  9.3530000e-003  1.4561000e-002  2.2639000e-002  3.6565000e-002  6.1065000e-002  9.9413000e-002
  5.9940000e-003  3.4800000e-004  1.6900000e-004  1.9400000e-004  7.4300000e-004  8.7600000e-004  9.8700000e-004  1.3880000e-003  1.8190000e-003  2.7540000e-003  3.9320000e-003  5.8560000e-003  9.2430000e-003  1.4714000e-002  2.1683000e-002  3.5665000e-002  5.8334000e-002  9.7854000e-002
  5.6810000e-003  2.9200000e-004  2.0800000e-004  1.9400000e-004  7.6700000e-004  1.0760000e-003  9.2700000e-004  1.3500000e-003  1.8490000e-003  2.8580000e-003  3.9180000e-003  5.9270000e-003  8.7650000e-003  1.4040000e-002  2.2007000e-002  3.5837000e-002  5.8015000e-002  9.8259000e-002
  5.8020000e-003  2.9200000e-004  1.8400000e-004  1.6700000e-004  6.2300000e-004  9.4600000e-004  9.4800000e-004  1.3570000e-003  2.0630000e-003  2.6970000e-003  3.8640000e-003  5.4280000e-003  8.3620000e-003  1.3762000e-002  2.1264000e-002  3.3620000e-002  5.7217000e-002  9.3753000e-002
  5.1590000e-003  1.9200000e-004  1.9600000e-004  1.9100000e-004  5.8400000e-004  8.6800000e-004  9.1700000e-004  1.2150000e-003  1.9120000e-003  2.6900000e-003  3.8770000e-003  5.4100000e-003  7.9450000e-003  1.3419000e-002  2.1029000e-002  3.3536000e-002  5.7640000e-002  9.4382000e-002
  4.3290000e-003  2.5800000e-004  1.7000000e-004  1.5900000e-004  4.8900000e-004  7.1600000e-004  9.8600000e-004  1.1510000e-003  1.6370000e-003  2.5450000e-003  3.5900000e-003  5.4270000e-003  8.0220000e-003  1.2841000e-002  2.0606000e-002  3.3243000e-002  5.6547000e-002  9.6854000e-002
  4.6910000e-003  2.2500000e-004  1.3300000e-004  1.7600000e-004  5.6300000e-004  8.1400000e-004  9.0600000e-004  9.7300000e-004  1.6670000e-003  2.5150000e-003  3.5450000e-003  5.0410000e-003  7.2220000e-003  1.2289000e-002  1.8742000e-002  3.1451000e-002  5.1638000e-002  8.9442000e-002
  3.8810000e-003  2.4800000e-004  1.4900000e-004  1.6900000e-004  5.3400000e-004  6.7700000e-004  8.2000000e-004  1.0550000e-003  1.6290000e-003  2.4240000e-003  3.6530000e-003  5.2320000e-003  7.6440000e-003  1.1797000e-002  1.9343000e-002  3.0892000e-002  5.2760000e-002  8.9948000e-002
  3.8740000e-003  2.0300000e-004  1.6000000e-004  1.9800000e-004  4.3900000e-004  7.4400000e-004  8.3900000e-004  1.0610000e-003  1.6030000e-003  2.4750000e-003  3.5560000e-003  4.7220000e-003  7.4930000e-003  1.1120000e-002  1.8922000e-002  3.0217000e-002  5.0765000e-002  8.7631000e-002
