  9.1111500e+004  3.9143950e+005  4.1546850e+005  3.4418750e+005  3.0927900e+005  3.2226050e+005  3.0948600e+005  2.7577200e+005  2.7441500e+005  2.9205400e+005  2.5645900e+005  2.1811050e+005  1.7187500e+005  1.4317750e+005  1.1427300e+005  7.9207000e+004  4.9935000e+004  2.3227500e+004
  9.0123000e+004  3.7885850e+005  4.5317600e+005  3.4064850e+005  3.1493250e+005  3.1683050e+005  3.1180700e+005  2.8162950e+005  2.6898050e+005  2.9171250e+005  2.6431800e+005  2.2317300e+005  1.7869500e+005  1.4302450e+005  1.1700800e+005  8.0846000e+004  5.0736000e+004  2.4532000e+004
  8.7970500e+004  3.6750500e+005  4.8099600e+005  3.4254500e+005  3.2389050e+005  3.0971450e+005  3.1412650e+005  2.9246450e+005  2.6120150e+005  2.8893600e+005  2.7136750e+005  2.2796400e+005  1.8677300e+005  1.4434000e+005  1.1881400e+005  8.2908000e+004  5.1410500e+004  2.5588500e+004
  8.7554500e+004  3.5821850e+005  4.9464750e+005  3.5931200e+005  3.2617850e+005  3.0468600e+005  3.1640800e+005  3.0034100e+005  2.5847350e+005  2.8394100e+005  2.7791100e+005  2.3362100e+005  1.9280200e+005  1.4859550e+005  1.2007350e+005  8.4767500e+004  5.2329500e+004  2.6052500e+004
  8.7294000e+004  3.5331000e+005  4.9018100e+005  3.8342100e+005  3.3387300e+005  3.0130350e+005  3.1669600e+005  3.0191000e+005  2.6530500e+005  2.7679650e+005  2.8255450e+005  2.3939650e+005  1.9864300e+005  1.5287050e+005  1.2207150e+005  8.7193000e+004  5.2938500e+004  2.6442000e+004
  8.5983500e+004  3.4948650e+005  4.7853800e+005  4.1404250e+005  3.3960050e+005  3.0053150e+005  3.1436050e+005  3.0398750e+005  2.7115600e+005  2.6906850e+005  2.8449850e+005  2.4650350e+005  2.0534750e+005  1.5658000e+005  1.2355150e+005  9.0016000e+004  5.3608500e+004  2.7086500e+004
  8.2216000e+004  3.4496400e+005  4.6554300e+005  4.5115050e+005  3.3631250e+005  3.0516400e+005  3.0764500e+005  3.0561400e+005  2.7668700e+005  2.6356600e+005  2.8423600e+005  2.5412200e+005  2.1012400e+005  1.6293300e+005  1.2368800e+005  9.2572000e+004  5.5023000e+004  2.7612500e+004
  8.0442500e+004  3.3906700e+005  4.5284150e+005  4.7802000e+005  3.3890450e+005  3.1325700e+005  2.9897250e+005  3.0707450e+005  2.8695150e+005  2.5578400e+005  2.8152250e+005  2.6104500e+005  2.1480400e+005  1.7035250e+005  1.2508500e+005  9.4359500e+004  5.6906000e+004  2.8189500e+004
  8.0290500e+004  3.3219500e+005  4.4342200e+005  4.9090500e+005  3.5662150e+005  3.1490850e+005  2.9230500e+005  3.0828900e+005  2.9415400e+005  2.5296750e+005  2.7643400e+005  2.6737200e+005  2.2036100e+005  1.7591200e+005  1.2896550e+005  9.5390500e+004  5.8541500e+004  2.8965500e+004
  7.9791500e+004  3.2502550e+005  4.3766050e+005  4.8601500e+005  3.8090950e+005  3.2289750e+005  2.8746250e+005  3.0734550e+005  2.9512300e+005  2.5932350e+005  2.6911500e+005  2.7171450e+005  2.2575850e+005  1.8132800e+005  1.3269900e+005  9.7046500e+004  6.0417000e+004  2.9317500e+004
  8.0089500e+004  3.1904650e+005  4.3166150e+005  4.7475800e+005  4.1079200e+005  3.2980300e+005  2.8647850e+005  3.0423400e+005  2.9695400e+005  2.6488650e+005  2.6133100e+005  2.7357000e+005  2.3226050e+005  1.8747800e+005  1.3579800e+005  9.8346500e+004  6.2181500e+004  2.9636000e+004
  8.0279500e+004  3.1759200e+005  4.2293750e+005  4.6260500e+005  4.4685550e+005  3.2746550e+005  2.9201750e+005  2.9749600e+005  2.9874800e+005  2.7056100e+005  2.5602450e+005  2.7327150e+005  2.3935850e+005  1.9192750e+005  1.4125850e+005  9.8546000e+004  6.3748000e+004  3.0564000e+004
  7.9661500e+004  3.1731900e+005  4.1419450e+005  4.5010250e+005  4.7182050e+005  3.2844550e+005  2.9958400e+005  2.8849900e+005  3.0046700e+005  2.8065000e+005  2.4856850e+005  2.7048050e+005  2.4586200e+005  1.9616450e+005  1.4778600e+005  9.9766000e+004  6.5182500e+004  3.1617500e+004
  7.7159500e+004  3.1600800e+005  4.0589850e+005  4.4003050e+005  4.8215050e+005  3.4180100e+005  2.9938600e+005  2.8126100e+005  3.0177200e+005  2.8761450e+005  2.4567800e+005  2.6551850e+005  2.5175200e+005  2.0121300e+005  1.5263450e+005  1.0291050e+005  6.5872000e+004  3.2294000e+004
  7.5686500e+004  3.1275300e+005  3.9836300e+005  4.3379250e+005  4.7602850e+005  3.6249650e+005  3.0629350e+005  2.7668850e+005  3.0110600e+005  2.8878450e+005  2.5195250e+005  2.5862600e+005  2.5581600e+005  2.0633950e+005  1.5747950e+005  1.0597000e+005  6.6781000e+004  3.3185000e+004
  7.5415000e+004  3.0865700e+005  3.9291200e+005  4.2788300e+005  4.6514750e+005  3.9045300e+005  3.1352450e+005  2.7672700e+005  2.9851600e+005  2.9088650e+005  2.5755250e+005  2.5138750e+005  2.5759000e+005  2.1262150e+005  1.6307350e+005  1.0862050e+005  6.7705000e+004  3.4538500e+004
  7.3342000e+004  3.0400900e+005  3.9138550e+005  4.1907550e+005  4.5302250e+005  4.2424900e+005  3.1108650e+005  2.8290500e+005  2.9219000e+005  2.9256450e+005  2.6299800e+005  2.4628500e+005  2.5743200e+005  2.1934850e+005  1.6704900e+005  1.1312550e+005  6.7866500e+004  3.5412000e+004
  6.8156500e+004  2.9613800e+005  3.8958900e+005  4.1031800e+005  4.3836900e+005  4.4331100e+005  3.0928000e+005  2.9061050e+005  2.8394950e+005  2.9377700e+005  2.7253150e+005  2.3892750e+005  2.5484200e+005  2.2545550e+005  1.7085750e+005  1.1862900e+005  6.8958000e+004  3.5745500e+004
  6.2904500e+004  2.8483900e+005  3.8426250e+005  4.0200700e+005  4.2613450e+005  4.4715800e+005  3.1907000e+005  2.9083050e+005  2.7743700e+005  2.9437100e+005  2.7892600e+005  2.3584350e+005  2.5017850e+005  2.3085050e+005  1.7543050e+005  1.2292400e+005  7.1774500e+004  3.6168000e+004
  6.0728500e+004  2.7284950e+005  3.7927050e+005  3.9443100e+005  4.2144950e+005  4.4361850e+005  3.4006900e+005  2.9753950e+005  2.7353400e+005  2.9367950e+005  2.7998650e+005  2.4191100e+005  2.4374550e+005  2.3474600e+005  1.8001750e+005  1.2714750e+005  7.4396000e+004  3.7100500e+004
  5.9415000e+004  2.6187250e+005  3.7559800e+005  3.8900800e+005  4.1880550e+005  4.4044600e+005  3.7076950e+005  3.0421300e+005  2.7377100e+005  2.9184700e+005  2.8242300e+005  2.4749350e+005  2.3741900e+005  2.3667600e+005  1.8590800e+005  1.3196800e+005  7.7048500e+004  3.8087000e+004
  5.7334000e+004  2.5134700e+005  3.7061650e+005  3.8771650e+005  4.1220250e+005  4.3492700e+005  4.0809350e+005  3.0292800e+005  2.7979450e+005  2.8669650e+005  2.8477100e+005  2.5315850e+005  2.3324550e+005  2.3692300e+005  1.9238250e+005  1.3583900e+005  8.1186500e+004  3.9029500e+004
  5.9480500e+004  2.4225050e+005  3.6183700e+005  3.8736950e+005  4.0525500e+005  4.2749450e+005  4.3634650e+005  3.0662600e+005  2.8884400e+005  2.7994300e+005  2.8700700e+005  2.6317100e+005  2.2667000e+005  2.3515550e+005  1.9841100e+005  1.3973250e+005  8.5798500e+004  4.0477000e+004
  6.4002000e+004  2.3817700e+005  3.5029750e+005  3.8460800e+005  3.9878950e+005  4.2050950e+005  4.5107150e+005  3.2268900e+005  2.9138300e+005  2.7495450e+005  2.8880500e+005  2.7015900e+005  2.2441450e+005  2.3141850e+005  2.0401500e+005  1.4421050e+005  8.9717000e+004  4.2658500e+004
  6.5791500e+004  2.3970550e+005  3.3754050e+005  3.8076250e+005  3.9186950e+005  4.1490000e+005  4.4774150e+005  3.4426700e+005  2.9859700e+005  2.7157350e+005  2.8849600e+005  2.7157850e+005  2.3054450e+005  2.2587350e+005  2.0810800e+005  1.4887500e+005  9.3615500e+004  4.5044000e+004
  6.5608000e+004  2.4447750e+005  3.2386350e+005  3.7719450e+005  3.8651400e+005  4.0801700e+005  4.3700550e+005  3.7140550e+005  3.0389550e+005  2.7141150e+005  2.8647350e+005  2.7398300e+005  2.3598950e+005  2.2034550e+005  2.1053150e+005  1.5469050e+005  9.7948000e+004  4.7403245e+004
  6.4227000e+004  2.5182600e+005  3.0966100e+005  3.7179450e+005  3.8527900e+005  3.9874000e+005  4.2547900e+005  4.0436300e+005  3.0086300e+005  2.7678150e+005  2.8123650e+005  2.7612850e+005  2.4157800e+005  2.1681500e+005  2.1135800e+005  1.6074900e+005  1.0158850e+005  5.0643775e+004
  6.3225500e+004  2.5702300e+005  3.0055350e+005  3.6209550e+005  3.8453350e+005  3.9049650e+005  4.1448500e+005  4.2883250e+005  3.0282550e+005  2.8499050e+005  2.7432950e+005  2.7814750e+005  2.5118950e+005  2.1099850e+005  2.1029750e+005  1.6624150e+005  1.0509850e+005  5.4346030e+004
  6.2820500e+004  2.5742650e+005  2.9967400e+005  3.5068800e+005  3.8177100e+005  3.8412400e+005  4.0663450e+005  4.4180200e+005  3.1787200e+005  2.8718700e+005  2.6955050e+005  2.8008300e+005  2.5812600e+005  2.0929600e+005  2.0768250e+005  1.7142150e+005  1.0912700e+005  5.7426000e+004
  6.2958000e+004  2.5578250e+005  3.0354150e+005  3.3871850e+005  3.7885000e+005  3.7930950e+005  4.0307150e+005  4.3982150e+005  3.3958150e+005  2.9464000e+005  2.6663800e+005  2.8022850e+005  2.5990850e+005  2.1543900e+005  2.0331300e+005  1.7560400e+005  1.1342200e+005  6.0428000e+004
  6.4601500e+004  2.5427150e+005  3.1030600e+005  3.2523700e+005  3.7594050e+005  3.7673850e+005  3.9986450e+005  4.3258000e+005  3.6794250e+005  3.0042700e+005  2.6672450e+005  2.7857350e+005  2.6238050e+005  2.2079800e+005  1.9872900e+005  1.7853300e+005  1.1848850e+005  6.3874000e+004
  6.6304500e+004  2.5530650e+005  3.1827400e+005  3.1130500e+005  3.7091100e+005  3.7803250e+005  3.9424150e+005  4.2419750e+005  4.0248150e+005  2.9799800e+005  2.7229700e+005  2.7373450e+005  2.6461950e+005  2.2635000e+005  1.9600200e+005  1.7978650e+005  1.2364000e+005  6.6755500e+004
  6.5819500e+004  2.5854900e+005  3.2355450e+005  3.0299950e+005  3.6190450e+005  3.7969200e+005  3.8905800e+005  4.1526750e+005  4.2832050e+005  3.0057150e+005  2.8079850e+005  2.6749100e+005  2.6686650e+005  2.3580450e+005  1.9116550e+005  1.7942500e+005  1.2861250e+005  6.9512000e+004
  6.3749500e+004  2.6127700e+005  3.2405700e+005  3.0243500e+005  3.5085050e+005  3.7840800e+005  3.8453800e+005  4.0864750e+005  4.4226450e+005  3.1599050e+005  2.8321950e+005  2.6321350e+005  2.6895550e+005  2.4259800e+005  1.8996900e+005  1.7770000e+005  1.3316500e+005  7.2423000e+004
  6.1510500e+004  2.6164350e+005  3.2238000e+005  3.0603850e+005  3.3895850e+005  3.7575600e+005  3.7990500e+005  4.0515350e+005  4.4044200e+005  3.3771700e+005  2.9067650e+005  2.6055400e+005  2.6938200e+005  2.4448250e+005  1.9601300e+005  1.7434500e+005  1.3671200e+005  7.5471500e+004
  6.0003000e+004  2.5822000e+005  3.2186400e+005  3.1219100e+005  3.2528050e+005  3.7249600e+005  3.7637650e+005  4.0113400e+005  4.3254550e+005  3.6564650e+005  2.9636700e+005  2.6063000e+005  2.6810050e+005  2.4694750e+005  2.0114150e+005  1.7093450e+005  1.3942400e+005  7.9239500e+004
  6.1193000e+004  2.5177900e+005  3.2387300e+005  3.1961700e+005  3.1108950e+005  3.6726150e+005  3.7652000e+005  3.9454950e+005  4.2334450e+005  3.9952250e+005  2.9383600e+005  2.6598050e+005  2.6359350e+005  2.4921700e+005  2.0635000e+005  1.6902800e+005  1.4075450e+005  8.3104000e+004
  6.2959000e+004  2.4728250e+005  3.2620350e+005  3.2468000e+005  3.0271900e+005  3.5858300e+005  3.7785200e+005  3.8904950e+005  4.1403600e+005  4.2488600e+005  2.9630250e+005  2.7422500e+005  2.5768500e+005  2.5157150e+005  2.1520600e+005  1.6514850e+005  1.4088950e+005  8.6839000e+004
  6.4159500e+004  2.4679250e+005  3.2695100e+005  3.2533300e+005  3.0233350e+005  3.4849950e+005  3.7738050e+005  3.8510150e+005  4.0776650e+005  4.3877550e+005  3.1159750e+005  2.7672100e+005  2.5385400e+005  2.5381650e+005  2.2171950e+005  1.6451950e+005  1.4021400e+005  9.0225500e+004
  6.5223000e+004  2.4989750e+005  3.2566900e+005  3.2411100e+005  3.0653150e+005  3.3821900e+005  3.7662600e+005  3.8172750e+005  4.0520150e+005  4.3753600e+005  3.3336750e+005  2.8442500e+005  2.5174600e+005  2.5460200e+005  2.2389950e+005  1.7031600e+005  1.3825050e+005  9.3080000e+004
  6.5821500e+004  2.5543600e+005  3.2149900e+005  3.2418250e+005  3.1337750e+005  3.2614200e+005  3.7532200e+005  3.7955550e+005  4.0223750e+005  4.3047700e+005  3.6134650e+005  2.9037750e+005  2.5235950e+005  2.5385750e+005  2.2661250e+005  1.7540250e+005  1.3607600e+005  9.5506000e+004
  6.5534500e+004  2.6006500e+005  3.1705450e+005  3.2685050e+005  3.2133500e+005  3.1292950e+005  3.7134650e+005  3.8064100e+005  3.9643750e+005  4.2204600e+005  3.9518750e+005  2.8815700e+005  2.5803000e+005  2.5014300e+005  2.2915550e+005  1.8056900e+005  1.3506300e+005  9.6791000e+004
  6.4725500e+004  2.6234550e+005  3.1478250e+005  3.2963300e+005  3.2674850e+005  3.0479600e+005  3.6310650e+005  3.8216000e+005  3.9106700e+005  4.1315350e+005  4.2046500e+005  2.9078950e+005  2.6643350e+005  2.4520400e+005  2.3201150e+005  1.8881300e+005  1.3260400e+005  9.7396000e+004
  6.3833000e+004  2.6245300e+005  3.1529300e+005  3.3042800e+005  3.2751000e+005  3.0411900e+005  3.5243200e+005  3.8100350e+005  3.8672050e+005  4.0675100e+005  4.3412200e+005  3.0577300e+005  2.6916750e+005  2.4211700e+005  2.3480450e+005  1.9518200e+005  1.3301800e+005  9.7584500e+004
  6.1629500e+004  2.6089150e+005  3.1880900e+005  3.2883850e+005  3.2623100e+005  3.0784000e+005  3.4085000e+005  3.7875700e+005  3.8246450e+005  4.0365650e+005  4.3264050e+005  3.2700050e+005  2.7670050e+005  2.4047800e+005  2.3610500e+005  1.9784000e+005  1.3858500e+005  9.6813500e+004
