##The United States of America, Death rates (period 5x1)     Last modified: 13-Oct-2010, MPv5 (May07)
0.028114 	0.001251 	0.000520 	0.000447 	0.000769 	0.001010 	0.001240 	0.001626 	0.002343 	0.003515 	0.005204 	0.007703 	0.011253 	0.017353 	0.025823 	0.042834 	0.069658 	0.105198 	0.164927 	0.240907 	0.310632 	0.363611 	0.218622 	0.040589 	# 1950
0.027935 	0.001280 	0.000515 	0.000410 	0.000737 	0.000958 	0.001192 	0.001562 	0.002259 	0.003437 	0.005003 	0.007842 	0.011120 	0.016996 	0.025447 	0.041799 	0.068907 	0.105360 	0.162778 	0.242158 	0.322220 	0.350118 	0.178256 	0.026453 	# 1951
0.027770 	0.001291 	0.000526 	0.000442 	0.000752 	0.000910 	0.001145 	0.001502 	0.002204 	0.003316 	0.004891 	0.007595 	0.010854 	0.016452 	0.025019 	0.041055 	0.067194 	0.101650 	0.159818 	0.236891 	0.313564 	0.388531 	0.182334 	0.026400 	# 1952
0.026491 	0.001179 	0.000463 	0.000396 	0.000686 	0.000816 	0.001031 	0.001396 	0.002054 	0.003204 	0.004724 	0.007459 	0.010639 	0.016002 	0.024923 	0.040434 	0.066051 	0.102623 	0.159770 	0.238750 	0.325622 	0.331487 	0.281597 	0.258022 	# 1953
0.025302 	0.001076 	0.000441 	0.000354 	0.000586 	0.000763 	0.000940 	0.001303 	0.001918 	0.003022 	0.004475 	0.007105 	0.009879 	0.015197 	0.023698 	0.038211 	0.062680 	0.096645 	0.151710 	0.225957 	0.303737 	0.327551 	0.270381 	0.300765 	# 1954
0.024647 	0.001035 	0.000417 	0.000341 	0.000585 	0.000773 	0.000922 	0.001261 	0.001887 	0.002934 	0.004336 	0.006716 	0.009843 	0.014934 	0.023918 	0.037772 	0.063823 	0.098947 	0.158230 	0.231489 	0.314110 	0.345157 	0.283782 	0.341498 	# 1955
0.024095 	0.001014 	0.000410 	0.000337 	0.000581 	0.000743 	0.000904 	0.001257 	0.001831 	0.002890 	0.004341 	0.006504 	0.009941 	0.014853 	0.023672 	0.037399 	0.062879 	0.099136 	0.157050 	0.231619 	0.317743 	0.344836 	0.268163 	0.211355 	# 1956
0.024381 	0.001036 	0.000416 	0.000357 	0.000606 	0.000756 	0.000940 	0.001323 	0.001897 	0.002875 	0.004393 	0.006739 	0.009959 	0.015214 	0.024119 	0.037850 	0.062914 	0.100282 	0.161012 	0.237215 	0.334334 	0.360593 	0.282176 	0.319664 	# 1957
0.024425 	0.001039 	0.000408 	0.000329 	0.000545 	0.000703 	0.000894 	0.001257 	0.001814 	0.002778 	0.004291 	0.006581 	0.009639 	0.014905 	0.023383 	0.037304 	0.062036 	0.100257 	0.159982 	0.237527 	0.325862 	0.375489 	0.344345 	0.259192 	# 1958
0.023745 	0.000974 	0.000412 	0.000327 	0.000547 	0.000709 	0.000880 	0.001253 	0.001781 	0.002720 	0.004185 	0.006383 	0.009464 	0.014533 	0.022690 	0.036273 	0.060554 	0.098299 	0.157283 	0.235266 	0.317329 	0.348211 	0.338181 	0.324375 	# 1959
0.023131 	0.000983 	0.000413 	0.000322 	0.000537 	0.000693 	0.000895 	0.001230 	0.001810 	0.002808 	0.004242 	0.006380 	0.009301 	0.014961 	0.022543 	0.036287 	0.060214 	0.098637 	0.157522 	0.240242 	0.326884 	0.388356 	0.333042 	0.265028 	# 1960
0.022507 	0.000927 	0.000388 	0.000312 	0.000513 	0.000670 	0.000861 	0.001217 	0.001786 	0.002693 	0.004148 	0.006289 	0.008811 	0.014554 	0.021903 	0.035049 	0.058251 	0.095976 	0.154237 	0.232896 	0.320112 	0.363817 	0.310765 	0.325249 	# 1961
0.022114 	0.000922 	0.000396 	0.000304 	0.000531 	0.000699 	0.000885 	0.001220 	0.001844 	0.002752 	0.004208 	0.006343 	0.008954 	0.014702 	0.022046 	0.035149 	0.059037 	0.097433 	0.158274 	0.235012 	0.331685 	0.383835 	0.301407 	0.292758 	# 1962
0.022098 	0.000927 	0.000385 	0.000313 	0.000545 	0.000706 	0.000892 	0.001231 	0.001873 	0.002792 	0.004262 	0.006403 	0.009115 	0.014852 	0.022017 	0.035210 	0.059400 	0.097995 	0.159705 	0.241287 	0.343353 	0.392443 	0.313646 	0.341787 	# 1963
0.022008 	0.000892 	0.000375 	0.000306 	0.000548 	0.000710 	0.000876 	0.001262 	0.001862 	0.002771 	0.004208 	0.006453 	0.008862 	0.014461 	0.021375 	0.033733 	0.057073 	0.094016 	0.153106 	0.231416 	0.320373 	0.379264 	0.362395 	0.219459 	# 1964
0.021317 	0.000875 	0.000368 	0.000298 	0.000538 	0.000706 	0.000855 	0.001260 	0.001852 	0.002800 	0.004262 	0.006355 	0.008834 	0.014164 	0.021380 	0.033147 	0.056989 	0.093449 	0.153055 	0.229778 	0.322517 	0.385272 	0.345114 	0.199554 	# 1965
0.020624 	0.000875 	0.000372 	0.000304 	0.000593 	0.000701 	0.000870 	0.001255 	0.001818 	0.002803 	0.004278 	0.006317 	0.008866 	0.013796 	0.021465 	0.033700 	0.056925 	0.093351 	0.152291 	0.231532 	0.322636 	0.395445 	0.398811 	0.325318 	# 1966
0.019779 	0.000790 	0.000359 	0.000298 	0.000577 	0.000720 	0.000837 	0.001202 	0.001840 	0.002743 	0.004221 	0.006213 	0.008862 	0.013412 	0.020968 	0.032708 	0.054881 	0.090193 	0.147392 	0.223793 	0.311848 	0.357156 	0.279971 	0.202445 	# 1967
0.019322 	0.000807 	0.000367 	0.000302 	0.000603 	0.000731 	0.000869 	0.001211 	0.001877 	0.002853 	0.004335 	0.006344 	0.009159 	0.013747 	0.021439 	0.033292 	0.056206 	0.092082 	0.150844 	0.231618 	0.323836 	0.352841 	0.341948 	0.215576 	# 1968
0.018922 	0.000799 	0.000360 	0.000310 	0.000630 	0.000744 	0.000859 	0.001222 	0.001865 	0.002832 	0.004214 	0.006140 	0.009015 	0.013178 	0.020871 	0.032564 	0.054165 	0.089275 	0.146434 	0.224689 	0.317379 	0.348718 	0.328475 	0.217827 	# 1969
0.018502 	0.000751 	0.000344 	0.000294 	0.000613 	0.000742 	0.000872 	0.001169 	0.001837 	0.002759 	0.004229 	0.006168 	0.009041 	0.013078 	0.020353 	0.032303 	0.052962 	0.085818 	0.138378 	0.214272 	0.297765 	0.342474 	0.290642 	0.196119 	# 1970
0.016834 	0.000736 	0.000348 	0.000301 	0.000621 	0.000737 	0.000854 	0.001160 	0.001764 	0.002741 	0.004125 	0.006012 	0.008833 	0.012955 	0.019433 	0.031823 	0.052093 	0.084716 	0.139213 	0.215381 	0.303986 	0.349562 	0.318927 	0.194542 	# 1971
0.015595 	0.000713 	0.000347 	0.000300 	0.000611 	0.000730 	0.000831 	0.001140 	0.001719 	0.002695 	0.004108 	0.005848 	0.008817 	0.012839 	0.019716 	0.032245 	0.052137 	0.084677 	0.138957 	0.212585 	0.306431 	0.363551 	0.357616 	0.358855 	# 1972
0.015263 	0.000697 	0.000340 	0.000290 	0.000608 	0.000716 	0.000797 	0.001097 	0.001694 	0.002615 	0.004044 	0.005823 	0.008795 	0.012714 	0.018948 	0.031489 	0.051099 	0.084047 	0.138438 	0.215107 	0.310895 	0.374210 	0.364884 	0.301805 	# 1973
0.014804 	0.000648 	0.000298 	0.000280 	0.000556 	0.000671 	0.000772 	0.001025 	0.001554 	0.002515 	0.003826 	0.005626 	0.008328 	0.012471 	0.018133 	0.030674 	0.048301 	0.080872 	0.133263 	0.206399 	0.303163 	0.374577 	0.324798 	0.279563 	# 1974
0.014222 	0.000627 	0.000285 	0.000254 	0.000538 	0.000663 	0.000729 	0.000967 	0.001464 	0.002370 	0.003661 	0.005428 	0.008092 	0.011991 	0.017274 	0.029291 	0.045781 	0.076249 	0.123578 	0.193501 	0.279851 	0.357278 	0.347106 	0.335908 	# 1975
0.013527 	0.000601 	0.000279 	0.000247 	0.000527 	0.000633 	0.000717 	0.000914 	0.001387 	0.002257 	0.003557 	0.005364 	0.007914 	0.011993 	0.017055 	0.028348 	0.044999 	0.075561 	0.125078 	0.197944 	0.293957 	0.368578 	0.375086 	0.267969 	# 1976
0.012653 	0.000593 	0.000266 	0.000251 	0.000555 	0.000640 	0.000690 	0.000893 	0.001345 	0.002211 	0.003449 	0.005264 	0.007695 	0.011795 	0.016832 	0.027546 	0.043140 	0.072765 	0.118928 	0.188764 	0.275830 	0.356418 	0.372121 	0.285429 	# 1977
0.012167 	0.000587 	0.000272 	0.000241 	0.000544 	0.000652 	0.000702 	0.000856 	0.001290 	0.002145 	0.003407 	0.005187 	0.007569 	0.011695 	0.016746 	0.027148 	0.042668 	0.072431 	0.119077 	0.190141 	0.279899 	0.372839 	0.368693 	0.276769 	# 1978
0.011720 	0.000569 	0.000253 	0.000232 	0.000528 	0.000625 	0.000675 	0.000829 	0.001273 	0.002017 	0.003196 	0.005017 	0.007354 	0.011281 	0.016462 	0.026163 	0.041346 	0.070338 	0.115140 	0.180923 	0.270096 	0.359693 	0.334755 	0.314082 	# 1979
0.011385 	0.000543 	0.000258 	0.000228 	0.000535 	0.000618 	0.000677 	0.000834 	0.001237 	0.001999 	0.003215 	0.005003 	0.007501 	0.011408 	0.017116 	0.026649 	0.042221 	0.072404 	0.118481 	0.190113 	0.281622 	0.388354 	0.379094 	0.347990 	# 1980
0.010707 	0.000531 	0.000235 	0.000221 	0.000498 	0.000593 	0.000669 	0.000827 	0.001198 	0.001911 	0.003147 	0.004916 	0.007480 	0.011245 	0.016916 	0.025987 	0.040537 	0.070264 	0.115794 	0.183761 	0.272635 	0.372565 	0.398736 	0.380820 	# 1981
0.010318 	0.000521 	0.000235 	0.000212 	0.000461 	0.000563 	0.000630 	0.000780 	0.001144 	0.001830 	0.003011 	0.004743 	0.007330 	0.011192 	0.016725 	0.025769 	0.040493 	0.068884 	0.112647 	0.176379 	0.266479 	0.355110 	0.393219 	0.365442 	# 1982
0.009957 	0.000485 	0.000220 	0.000202 	0.000458 	0.000547 	0.000624 	0.000763 	0.001098 	0.001788 	0.002922 	0.004792 	0.007389 	0.011289 	0.016756 	0.026019 	0.040606 	0.069029 	0.114416 	0.182506 	0.274088 	0.371246 	0.388766 	0.420945 	# 1983
0.009753 	0.000470 	0.000208 	0.000215 	0.000461 	0.000550 	0.000606 	0.000779 	0.001115 	0.001787 	0.002888 	0.004663 	0.007322 	0.011224 	0.016762 	0.025972 	0.040504 	0.068174 	0.113772 	0.180951 	0.272561 	0.374795 	0.445197 	0.334345 	# 1984
0.009539 	0.000448 	0.000213 	0.000206 	0.000461 	0.000527 	0.000602 	0.000792 	0.001102 	0.001737 	0.002877 	0.004665 	0.007277 	0.011274 	0.016736 	0.025983 	0.040653 	0.068456 	0.115110 	0.185200 	0.279949 	0.361074 	0.447794 	0.422078 	# 1985
0.009237 	0.000462 	0.000197 	0.000203 	0.000483 	0.000552 	0.000632 	0.000816 	0.001126 	0.001746 	0.002809 	0.004612 	0.007048 	0.011260 	0.016716 	0.026024 	0.040234 	0.067350 	0.113269 	0.183116 	0.278865 	0.375497 	0.443454 	0.432879 	# 1986
0.009171 	0.000459 	0.000196 	0.000188 	0.000478 	0.000545 	0.000651 	0.000842 	0.001146 	0.001685 	0.002774 	0.004570 	0.007058 	0.011107 	0.016618 	0.025635 	0.039830 	0.066713 	0.112531 	0.183982 	0.279822 	0.396187 	0.440683 	0.459154 	# 1987
0.009179 	0.000455 	0.000206 	0.000206 	0.000482 	0.000546 	0.000661 	0.000838 	0.001163 	0.001676 	0.002746 	0.004481 	0.007161 	0.011105 	0.016526 	0.025570 	0.039881 	0.067714 	0.113966 	0.187107 	0.286206 	0.399314 	0.460671 	0.415362 	# 1988
0.009152 	0.000445 	0.000206 	0.000206 	0.000487 	0.000529 	0.000652 	0.000862 	0.001131 	0.001680 	0.002649 	0.004378 	0.006980 	0.010811 	0.016238 	0.024982 	0.039246 	0.065601 	0.109550 	0.180392 	0.281512 	0.392879 	0.483149 	0.483625 	# 1989
0.008496 	0.000408 	0.000185 	0.000199 	0.000469 	0.000512 	0.000642 	0.000838 	0.001140 	0.001614 	0.002660 	0.004292 	0.006828 	0.010687 	0.016040 	0.024483 	0.038340 	0.064018 	0.106860 	0.176410 	0.272876 	0.379805 	0.490643 	0.499440 	# 1990
0.008051 	0.000427 	0.000184 	0.000182 	0.000469 	0.000524 	0.000625 	0.000844 	0.001159 	0.001655 	0.002621 	0.004220 	0.006826 	0.010542 	0.015911 	0.024317 	0.037741 	0.063192 	0.105241 	0.175336 	0.271711 	0.385448 	0.484461 	0.356586 	# 1991
0.007794 	0.000389 	0.000168 	0.000181 	0.000436 	0.000497 	0.000617 	0.000829 	0.001166 	0.001658 	0.002558 	0.004123 	0.006655 	0.010361 	0.015741 	0.024215 	0.037192 	0.062223 	0.103592 	0.170631 	0.265375 	0.382116 	0.441210 	0.463962 	# 1992
0.007617 	0.000398 	0.000188 	0.000191 	0.000451 	0.000509 	0.000635 	0.000855 	0.001205 	0.001695 	0.002589 	0.004125 	0.006656 	0.010535 	0.015955 	0.024495 	0.038195 	0.064020 	0.108219 	0.179284 	0.282702 	0.411245 	0.518514 	0.540768 	# 1993
0.007405 	0.000381 	0.000168 	0.000186 	0.000442 	0.000506 	0.000637 	0.000874 	0.001237 	0.001705 	0.002607 	0.004096 	0.006520 	0.010351 	0.015771 	0.024300 	0.037713 	0.063607 	0.107038 	0.177859 	0.279505 	0.405342 	0.488573 	0.510029 	# 1994
0.007002 	0.000360 	0.000165 	0.000193 	0.000450 	0.000496 	0.000624 	0.000882 	0.001252 	0.001757 	0.002557 	0.004093 	0.006501 	0.010355 	0.015608 	0.024278 	0.037690 	0.063385 	0.108112 	0.179698 	0.285481 	0.412991 	0.531063 	0.489140 	# 1995
0.006823 	0.000340 	0.000163 	0.000185 	0.000433 	0.000472 	0.000599 	0.000840 	0.001198 	0.001715 	0.002561 	0.003975 	0.006333 	0.010265 	0.015429 	0.024205 	0.037477 	0.063125 	0.107744 	0.180040 	0.284509 	0.421436 	0.540367 	0.464375 	# 1996
0.006702 	0.000314 	0.000162 	0.000178 	0.000425 	0.000481 	0.000559 	0.000778 	0.001142 	0.001684 	0.002476 	0.003899 	0.006277 	0.010076 	0.015193 	0.023871 	0.037124 	0.062382 	0.107408 	0.181710 	0.284985 	0.419611 	0.537006 	0.468645 	# 1997
0.006848 	0.000310 	0.000149 	0.000167 	0.000403 	0.000453 	0.000536 	0.000771 	0.001149 	0.001683 	0.002434 	0.003753 	0.006104 	0.009816 	0.015223 	0.023990 	0.036991 	0.062612 	0.108071 	0.182543 	0.288625 	0.423246 	0.571825 	0.526235 	# 1998
0.006630 	0.000303 	0.000150 	0.000162 	0.000409 	0.000467 	0.000532 	0.000744 	0.001144 	0.001700 	0.002481 	0.003755 	0.006109 	0.009785 	0.015356 	0.023790 	0.037731 	0.063052 	0.110817 	0.189154 	0.301428 	0.424986 	0.579474 	0.486820 	# 1999
0.006462 	0.000288 	0.000141 	0.000160 	0.000393 	0.000467 	0.000532 	0.000734 	0.001136 	0.001728 	0.002502 	0.003767 	0.006044 	0.009683 	0.015177 	0.023451 	0.037541 	0.062511 	0.109899 	0.189773 	0.301264 	0.438361 	0.570836 	0.429209 	# 2000
0.006178 	0.000294 	0.000138 	0.000153 	0.000385 	0.000466 	0.000557 	0.000751 	0.001182 	0.001770 	0.002574 	0.003829 	0.005990 	0.009503 	0.014848 	0.023127 	0.037085 	0.061762 	0.109164 	0.187193 	0.301607 	0.435782 	0.587416 	0.638428 	# 2001
0.006292 	0.000270 	0.000135 	0.000159 	0.000401 	0.000471 	0.000538 	0.000739 	0.001166 	0.001805 	0.002627 	0.003784 	0.005906 	0.009305 	0.014555 	0.022935 	0.036771 	0.061621 	0.107902 	0.188027 	0.302417 	0.440780 	0.587207 	0.547142 	# 2002
0.006146 	0.000277 	0.000130 	0.000150 	0.000390 	0.000498 	0.000555 	0.000731 	0.001154 	0.001790 	0.002635 	0.003803 	0.005807 	0.009292 	0.014255 	0.022539 	0.036218 	0.060286 	0.106012 	0.185123 	0.302961 	0.447646 	0.581068 	0.660559 	# 2003
0.006124 	0.000273 	0.000130 	0.000155 	0.000399 	0.000473 	0.000545 	0.000721 	0.001092 	0.001747 	0.002626 	0.003723 	0.005614 	0.008930 	0.013816 	0.021864 	0.034816 	0.058357 	0.100204 	0.175285 	0.283091 	0.415828 	0.562041 	0.594664 	# 2004
0.006189 	0.000252 	0.000134 	0.000144 	0.000372 	0.000482 	0.000542 	0.000737 	0.001091 	0.001749 	0.002645 	0.003812 	0.005531 	0.008874 	0.013629 	0.021613 	0.034664 	0.058175 	0.100714 	0.177250 	0.290052 	0.426079 	0.573858 	0.649378 	# 2005
0.006138 	0.000263 	0.000123 	0.000133 	0.000369 	0.000492 	0.000568 	0.000727 	0.001083 	0.001735 	0.002629 	0.003782 	0.005572 	0.008568 	0.013179 	0.020940 	0.033618 	0.056234 	0.096063 	0.169651 	0.276033 	0.407924 	0.541429 	0.577667 	# 2006
0.006154 	0.000256 	0.000122 	0.000138 	0.000358 	0.000482 	0.000567 	0.000726 	0.001066 	0.001674 	0.002587 	0.003773 	0.005399 	0.008360 	0.012944 	0.020256 	0.032840 	0.054792 	0.092982 	0.163512 	0.267807 	0.394202 	0.524792 	0.444761 	# 2007

##The United States of America, Death rates (period 5x1)     Last modified: 13-Oct-2010, MPv5 (May07)
0.036658 	0.001498 	0.000707 	0.000704 	0.001420 	0.001974 	0.001987 	0.002364 	0.003355 	0.005302 	0.008367 	0.013151 	0.019803 	0.028959 	0.040976 	0.060186 	0.089619 	0.133475 	0.199804 	0.277606 	0.332265 	0.383214 	0.205669 	0.038862 	# 1950
0.036636 	0.001502 	0.000698 	0.000710 	0.001439 	0.002018 	0.002019 	0.002346 	0.003315 	0.005323 	0.008189 	0.013333 	0.019966 	0.028586 	0.041219 	0.059735 	0.089309 	0.132130 	0.198079 	0.278178 	0.350793 	0.379571 	0.176073 	0.026427 	# 1951
0.036039 	0.001512 	0.000710 	0.000686 	0.001532 	0.002069 	0.002017 	0.002303 	0.003220 	0.005207 	0.008219 	0.013181 	0.019855 	0.028685 	0.040777 	0.058369 	0.087410 	0.130020 	0.190568 	0.265262 	0.354768 	0.359332 	0.146102 	0.014908 	# 1952
0.034631 	0.001416 	0.000653 	0.000667 	0.001456 	0.002098 	0.001907 	0.002216 	0.003087 	0.005106 	0.008070 	0.013016 	0.019484 	0.028803 	0.041065 	0.058433 	0.087167 	0.130524 	0.195417 	0.274814 	0.345453 	0.346658 	0.249149 	0.256787 	# 1953
0.032983 	0.001283 	0.000606 	0.000599 	0.001344 	0.001950 	0.001831 	0.002096 	0.002893 	0.004711 	0.007663 	0.012428 	0.018332 	0.027416 	0.039848 	0.056743 	0.083368 	0.124009 	0.183449 	0.260190 	0.340748 	0.320731 	0.248674 	0.239922 	# 1954
0.032098 	0.001233 	0.000591 	0.000590 	0.001360 	0.002004 	0.001809 	0.002030 	0.002901 	0.004693 	0.007574 	0.012260 	0.018433 	0.027383 	0.040218 	0.057581 	0.085568 	0.127386 	0.191022 	0.264978 	0.355637 	0.344618 	0.264315 	0.180061 	# 1955
0.031674 	0.001190 	0.000567 	0.000571 	0.001361 	0.002021 	0.001777 	0.002055 	0.002829 	0.004650 	0.007558 	0.012049 	0.018652 	0.027854 	0.040449 	0.057594 	0.085229 	0.128930 	0.192520 	0.266962 	0.345361 	0.346798 	0.275126 	0.325919 	# 1956
0.031718 	0.001197 	0.000578 	0.000597 	0.001390 	0.001942 	0.001772 	0.002090 	0.002935 	0.004765 	0.007614 	0.012501 	0.018842 	0.028863 	0.042078 	0.059058 	0.085693 	0.129941 	0.196471 	0.274770 	0.366757 	0.397619 	0.337714 	0.174010 	# 1957
0.031504 	0.001194 	0.000556 	0.000555 	0.001291 	0.001863 	0.001702 	0.002045 	0.002871 	0.004645 	0.007455 	0.012412 	0.018471 	0.028217 	0.041406 	0.058188 	0.085661 	0.130708 	0.194055 	0.276523 	0.357633 	0.360205 	0.321600 	0.273886 	# 1958
0.030935 	0.001163 	0.000573 	0.000583 	0.001308 	0.001833 	0.001713 	0.002048 	0.002856 	0.004557 	0.007503 	0.012252 	0.018464 	0.027888 	0.040660 	0.057664 	0.084192 	0.128652 	0.192377 	0.269177 	0.347032 	0.362177 	0.267846 	0.226241 	# 1959
0.030478 	0.001193 	0.000560 	0.000543 	0.001293 	0.001781 	0.001746 	0.002015 	0.002899 	0.004607 	0.007619 	0.012468 	0.018467 	0.028599 	0.041432 	0.059269 	0.085690 	0.130813 	0.194379 	0.272104 	0.362562 	0.378327 	0.306519 	0.258832 	# 1960
0.029487 	0.001107 	0.000524 	0.000533 	0.001220 	0.001754 	0.001673 	0.001984 	0.002831 	0.004546 	0.007347 	0.012057 	0.017794 	0.028098 	0.040842 	0.056913 	0.084021 	0.128360 	0.192187 	0.267123 	0.359849 	0.358086 	0.298845 	0.249388 	# 1961
0.029212 	0.001063 	0.000516 	0.000525 	0.001237 	0.001774 	0.001689 	0.002004 	0.002913 	0.004549 	0.007459 	0.012266 	0.018076 	0.028410 	0.041650 	0.057878 	0.085797 	0.130025 	0.196828 	0.278418 	0.372599 	0.371649 	0.375750 	0.377044 	# 1962
0.029139 	0.001102 	0.000519 	0.000508 	0.001256 	0.001811 	0.001768 	0.002048 	0.002973 	0.004597 	0.007588 	0.012350 	0.018552 	0.029045 	0.042372 	0.059746 	0.088131 	0.132963 	0.201720 	0.283782 	0.378409 	0.393156 	0.343907 	0.265110 	# 1963
0.028642 	0.001077 	0.000517 	0.000522 	0.001325 	0.001839 	0.001811 	0.002138 	0.003009 	0.004680 	0.007490 	0.012161 	0.018175 	0.028925 	0.040963 	0.058067 	0.085783 	0.128059 	0.191596 	0.268968 	0.357934 	0.372036 	0.278748 	0.206716 	# 1964
0.027818 	0.001048 	0.000508 	0.000510 	0.001358 	0.001865 	0.001840 	0.002111 	0.003027 	0.004664 	0.007481 	0.012283 	0.018230 	0.029004 	0.041388 	0.058446 	0.087014 	0.129490 	0.194928 	0.275410 	0.358907 	0.375795 	0.290371 	0.216724 	# 1965
0.026870 	0.001055 	0.000515 	0.000515 	0.001468 	0.001968 	0.001878 	0.002161 	0.003054 	0.004750 	0.007593 	0.012340 	0.018616 	0.028961 	0.041722 	0.059455 	0.087425 	0.129757 	0.193475 	0.275382 	0.355246 	0.367797 	0.330418 	0.253402 	# 1966
0.025726 	0.000995 	0.000497 	0.000509 	0.001448 	0.002035 	0.001911 	0.002174 	0.003103 	0.004726 	0.007530 	0.012069 	0.018360 	0.028330 	0.040699 	0.059190 	0.085880 	0.126907 	0.188731 	0.271284 	0.345280 	0.375342 	0.273588 	0.295276 	# 1967
0.025315 	0.000983 	0.000520 	0.000527 	0.001552 	0.002171 	0.002028 	0.002272 	0.003190 	0.004875 	0.007736 	0.012262 	0.018888 	0.029047 	0.042231 	0.061262 	0.088527 	0.129506 	0.192046 	0.279347 	0.354584 	0.380361 	0.354836 	0.373801 	# 1968
0.024679 	0.000951 	0.000519 	0.000514 	0.001627 	0.002262 	0.002071 	0.002288 	0.003215 	0.004923 	0.007657 	0.011904 	0.018626 	0.028072 	0.041563 	0.059564 	0.086611 	0.127483 	0.186650 	0.267671 	0.351839 	0.374229 	0.329118 	0.214968 	# 1969
0.023845 	0.000929 	0.000499 	0.000512 	0.001569 	0.002212 	0.002014 	0.002281 	0.003148 	0.004855 	0.007574 	0.011732 	0.018526 	0.027716 	0.040954 	0.058749 	0.085646 	0.123773 	0.181737 	0.256879 	0.340431 	0.374113 	0.295343 	0.300978 	# 1970
0.021772 	0.000903 	0.000491 	0.000496 	0.001574 	0.002208 	0.002007 	0.002231 	0.003117 	0.004670 	0.007376 	0.011407 	0.018064 	0.027087 	0.039759 	0.058351 	0.085485 	0.123330 	0.184106 	0.259489 	0.354165 	0.354254 	0.313370 	0.290422 	# 1971
0.020316 	0.000898 	0.000467 	0.000504 	0.001587 	0.002190 	0.002016 	0.002218 	0.003036 	0.004640 	0.007494 	0.011420 	0.018056 	0.027389 	0.039929 	0.059552 	0.086798 	0.124981 	0.181558 	0.258673 	0.351409 	0.382281 	0.356302 	0.095791 	# 1972
0.019780 	0.000886 	0.000478 	0.000512 	0.001602 	0.002197 	0.002037 	0.002221 	0.003034 	0.004534 	0.007348 	0.011078 	0.017717 	0.026782 	0.039267 	0.058736 	0.085186 	0.125120 	0.183251 	0.261467 	0.361491 	0.376034 	0.313661 	0.234558 	# 1973
0.019051 	0.000818 	0.000441 	0.000484 	0.001529 	0.002086 	0.001935 	0.002120 	0.002840 	0.004313 	0.007095 	0.010786 	0.016814 	0.025754 	0.037818 	0.057347 	0.081295 	0.120749 	0.178639 	0.254261 	0.343616 	0.370414 	0.284218 	0.290125 	# 1974
0.018004 	0.000768 	0.000413 	0.000451 	0.001454 	0.002064 	0.001950 	0.002036 	0.002746 	0.004165 	0.006701 	0.010494 	0.016086 	0.024934 	0.036354 	0.055518 	0.078669 	0.116729 	0.169789 	0.242209 	0.334496 	0.368864 	0.335433 	0.206578 	# 1975
0.016835 	0.000766 	0.000404 	0.000434 	0.001381 	0.001946 	0.001847 	0.001900 	0.002594 	0.004035 	0.006508 	0.010251 	0.015680 	0.024650 	0.035754 	0.054302 	0.078078 	0.116316 	0.171841 	0.249235 	0.336948 	0.389787 	0.332583 	0.271649 	# 1976
0.016125 	0.000747 	0.000398 	0.000437 	0.001430 	0.001976 	0.001867 	0.001915 	0.002561 	0.003904 	0.006287 	0.010038 	0.015185 	0.023929 	0.034643 	0.053377 	0.075712 	0.114303 	0.166552 	0.239569 	0.324194 	0.358973 	0.357394 	0.319139 	# 1977
0.015241 	0.000766 	0.000380 	0.000429 	0.001423 	0.001984 	0.001852 	0.001881 	0.002532 	0.003799 	0.006116 	0.009893 	0.014826 	0.023684 	0.034275 	0.052631 	0.074675 	0.114189 	0.167976 	0.240633 	0.333855 	0.392809 	0.368258 	0.297502 	# 1978
0.014766 	0.000710 	0.000367 	0.000398 	0.001437 	0.001997 	0.001931 	0.001910 	0.002447 	0.003682 	0.005949 	0.009567 	0.014452 	0.022593 	0.033323 	0.050605 	0.072726 	0.110797 	0.162002 	0.233251 	0.320638 	0.377592 	0.394754 	0.243549 	# 1979
0.014219 	0.000720 	0.000354 	0.000382 	0.001423 	0.002027 	0.001945 	0.001933 	0.002440 	0.003621 	0.005838 	0.009451 	0.014643 	0.022218 	0.033820 	0.050670 	0.074124 	0.113490 	0.168247 	0.243158 	0.342477 	0.434162 	0.410007 	0.187051 	# 1980
0.013250 	0.000678 	0.000342 	0.000368 	0.001290 	0.001868 	0.001891 	0.001935 	0.002374 	0.003539 	0.005724 	0.009178 	0.014357 	0.021597 	0.032938 	0.049511 	0.072175 	0.111396 	0.164331 	0.234439 	0.333021 	0.401239 	0.392455 	0.220224 	# 1981
0.012937 	0.000640 	0.000329 	0.000349 	0.001236 	0.001734 	0.001749 	0.001858 	0.002287 	0.003307 	0.005441 	0.008863 	0.013931 	0.021242 	0.032393 	0.048553 	0.071845 	0.109319 	0.161038 	0.229664 	0.323357 	0.397837 	0.333284 	0.343308 	# 1982
0.012360 	0.000636 	0.000308 	0.000343 	0.001151 	0.001610 	0.001667 	0.001825 	0.002196 	0.003252 	0.005229 	0.008677 	0.013922 	0.021143 	0.032047 	0.048875 	0.072720 	0.110894 	0.164458 	0.236924 	0.331558 	0.398098 	0.427391 	0.362674 	# 1983
0.012083 	0.000575 	0.000297 	0.000348 	0.001132 	0.001638 	0.001656 	0.001860 	0.002249 	0.003271 	0.005151 	0.008497 	0.013645 	0.021032 	0.031399 	0.048249 	0.071406 	0.109564 	0.163442 	0.238116 	0.338159 	0.420029 	0.431134 	0.385535 	# 1984
0.012238 	0.000586 	0.000285 	0.000352 	0.001132 	0.001620 	0.001679 	0.001924 	0.002359 	0.003321 	0.005143 	0.008393 	0.013559 	0.020912 	0.031135 	0.048377 	0.071671 	0.110859 	0.165983 	0.242739 	0.338220 	0.402494 	0.514656 	0.417810 	# 1985
0.011748 	0.000585 	0.000279 	0.000362 	0.001230 	0.001724 	0.001791 	0.002120 	0.002542 	0.003320 	0.005052 	0.008206 	0.013089 	0.020544 	0.030515 	0.047682 	0.070567 	0.109023 	0.163385 	0.241188 	0.333848 	0.408487 	0.433102 	0.315797 	# 1986
0.011491 	0.000581 	0.000296 	0.000351 	0.001178 	0.001664 	0.001773 	0.002139 	0.002601 	0.003320 	0.004983 	0.008126 	0.012868 	0.020271 	0.030082 	0.046799 	0.069421 	0.107706 	0.162405 	0.237982 	0.343217 	0.451261 	0.457300 	0.395460 	# 1987
0.011412 	0.000571 	0.000284 	0.000343 	0.001238 	0.001690 	0.001804 	0.002195 	0.002704 	0.003374 	0.004995 	0.007904 	0.012752 	0.020064 	0.029923 	0.046013 	0.068963 	0.108418 	0.164271 	0.246084 	0.353475 	0.457609 	0.414696 	0.345783 	# 1988
0.011299 	0.000549 	0.000274 	0.000339 	0.001213 	0.001623 	0.001845 	0.002249 	0.002774 	0.003415 	0.004972 	0.007724 	0.012504 	0.019445 	0.029086 	0.044233 	0.066715 	0.104815 	0.158081 	0.235115 	0.344817 	0.456743 	0.419055 	0.383075 	# 1989
0.010747 	0.000522 	0.000256 	0.000313 	0.001287 	0.001666 	0.001862 	0.002218 	0.002788 	0.003387 	0.004880 	0.007497 	0.012095 	0.018991 	0.028519 	0.043007 	0.065401 	0.103067 	0.155070 	0.233410 	0.331595 	0.432575 	0.533696 	0.276148 	# 1990
0.010262 	0.000520 	0.000245 	0.000327 	0.001279 	0.001662 	0.001815 	0.002225 	0.002793 	0.003499 	0.004856 	0.007325 	0.011859 	0.018606 	0.028110 	0.042192 	0.063793 	0.102131 	0.154408 	0.230638 	0.339719 	0.455689 	0.472600 	0.229299 	# 1991
0.009648 	0.000479 	0.000236 	0.000305 	0.001212 	0.001586 	0.001750 	0.002216 	0.002813 	0.003579 	0.004879 	0.007183 	0.011499 	0.018095 	0.027619 	0.041049 	0.062325 	0.099548 	0.152626 	0.230336 	0.341850 	0.450802 	0.422744 	0.377898 	# 1992
0.009483 	0.000494 	0.000231 	0.000314 	0.001242 	0.001632 	0.001761 	0.002296 	0.002890 	0.003711 	0.004824 	0.007254 	0.011455 	0.018151 	0.027752 	0.041264 	0.063143 	0.101975 	0.158271 	0.236926 	0.352690 	0.476508 	0.535061 	0.379843 	# 1993
0.009047 	0.000472 	0.000225 	0.000308 	0.001247 	0.001613 	0.001724 	0.002304 	0.002911 	0.003772 	0.004875 	0.007236 	0.011120 	0.017849 	0.026943 	0.040533 	0.061026 	0.099711 	0.155767 	0.236563 	0.349107 	0.473508 	0.505526 	0.277086 	# 1994
0.008558 	0.000446 	0.000222 	0.000306 	0.001171 	0.001583 	0.001670 	0.002259 	0.002887 	0.003780 	0.004903 	0.007154 	0.010925 	0.017467 	0.026300 	0.040191 	0.060596 	0.098718 	0.156262 	0.238322 	0.350385 	0.477497 	0.537251 	0.543771 	# 1995
0.008289 	0.000418 	0.000217 	0.000282 	0.001098 	0.001494 	0.001485 	0.001936 	0.002540 	0.003454 	0.004761 	0.006766 	0.010660 	0.017187 	0.025665 	0.039669 	0.059710 	0.097714 	0.154893 	0.238419 	0.348412 	0.485128 	0.538822 	0.442053 	# 1996
0.008224 	0.000393 	0.000197 	0.000270 	0.001030 	0.001427 	0.001375 	0.001669 	0.002201 	0.003131 	0.004494 	0.006545 	0.010257 	0.016480 	0.025225 	0.038956 	0.058737 	0.096115 	0.154510 	0.239602 	0.349359 	0.492622 	0.593755 	0.578347 	# 1997
0.008177 	0.000371 	0.000194 	0.000260 	0.000974 	0.001380 	0.001293 	0.001553 	0.002105 	0.003067 	0.004432 	0.006322 	0.010028 	0.016004 	0.024768 	0.038441 	0.057963 	0.094907 	0.152294 	0.237620 	0.349538 	0.498653 	0.506162 	0.551800 	# 1998
0.008037 	0.000379 	0.000186 	0.000244 	0.000947 	0.001332 	0.001269 	0.001519 	0.002078 	0.003044 	0.004473 	0.006318 	0.010013 	0.015644 	0.024390 	0.037842 	0.058044 	0.093695 	0.154886 	0.241976 	0.360368 	0.493044 	0.590908 	0.498546 	# 1999
0.007863 	0.000361 	0.000177 	0.000242 	0.000932 	0.001366 	0.001294 	0.001475 	0.002059 	0.003049 	0.004529 	0.006348 	0.009836 	0.015272 	0.023634 	0.036763 	0.056752 	0.090960 	0.152055 	0.242162 	0.363003 	0.498960 	0.570488 	0.347496 	# 2000
0.007558 	0.000369 	0.000167 	0.000228 	0.000935 	0.001401 	0.001352 	0.001510 	0.002135 	0.003043 	0.004557 	0.006452 	0.009617 	0.014949 	0.023153 	0.035827 	0.055810 	0.088307 	0.148470 	0.237738 	0.359456 	0.486837 	0.589998 	0.549316 	# 2001
0.007677 	0.000352 	0.000167 	0.000231 	0.000940 	0.001397 	0.001346 	0.001506 	0.002073 	0.003073 	0.004550 	0.006535 	0.009620 	0.014820 	0.022607 	0.035286 	0.055012 	0.086969 	0.147990 	0.240008 	0.364199 	0.495094 	0.600700 	0.429553 	# 2002
0.007700 	0.000350 	0.000162 	0.000231 	0.000923 	0.001403 	0.001335 	0.001490 	0.002028 	0.003038 	0.004584 	0.006599 	0.009441 	0.014623 	0.022136 	0.034237 	0.053925 	0.085008 	0.141897 	0.233877 	0.357368 	0.496568 	0.632153 	0.796086 	# 2003
0.007524 	0.000324 	0.000164 	0.000218 	0.000910 	0.001380 	0.001356 	0.001434 	0.001936 	0.002901 	0.004445 	0.006564 	0.009153 	0.014098 	0.021267 	0.032704 	0.051656 	0.081996 	0.133571 	0.221527 	0.341957 	0.485176 	0.662159 	0.720432 	# 2004
0.007620 	0.000334 	0.000155 	0.000215 	0.000916 	0.001440 	0.001386 	0.001483 	0.001893 	0.002931 	0.004439 	0.006655 	0.009242 	0.014096 	0.020828 	0.032641 	0.051100 	0.081439 	0.132211 	0.223541 	0.344566 	0.469285 	0.531360 	0.656383 	# 2005
0.007458 	0.000305 	0.000154 	0.000197 	0.000909 	0.001492 	0.001444 	0.001509 	0.001898 	0.002868 	0.004363 	0.006586 	0.009305 	0.013519 	0.020344 	0.031127 	0.049348 	0.079166 	0.125434 	0.212614 	0.326781 	0.457306 	0.572309 	0.682905 	# 2006
0.007453 	0.000311 	0.000149 	0.000199 	0.000868 	0.001448 	0.001409 	0.001490 	0.001869 	0.002779 	0.004251 	0.006475 	0.009192 	0.013398 	0.019938 	0.030237 	0.047581 	0.076843 	0.123272 	0.205068 	0.314814 	0.435394 	0.543133 	0.680958 	# 2007

