##The United States of America,  Population size (5-year)     Last modified: 13-Oct-2010, MPv5 (May07)
1547234.77 	6284446.81 	6413006.97 	5435432.14 	5325347.95 	5887421.91 	6244040.29 	5877763.29 	5692284.83 	5113897.91 	4545808.98 	4126221.28 	3595321.02 	3015210.31 	2540665.87 	1771374.58 	1125584.69 	636130.13 	250508.08 	72078.98 	13128.41 	2314.67 	352.68 	90.92 	# 1950
1583261.29 	6653141.09 	6604449.91 	5554509.41 	5243427.41 	5814879.46 	6239930.77 	5971649.32 	5771076.72 	5200624.65 	4611070.61 	4168609.40 	3675210.27 	3080654.88 	2636869.85 	1830300.82 	1175070.88 	671559.64 	261078.37 	77487.36 	13812.68 	2380.67 	400.86 	113.84 	# 1951
1648457.43 	6809269.30 	6955738.46 	5736552.03 	5214431.99 	5716852.06 	6187416.44 	6082654.80 	5825071.23 	5292126.02 	4718106.54 	4196189.70 	3753853.82 	3172044.92 	2709402.92 	1898415.76 	1224663.01 	699433.65 	275447.15 	82212.49 	14479.79 	2387.24 	456.20 	142.95 	# 1952
1703883.07 	6829814.19 	7362430.40 	6020132.93 	5248037.80 	5589800.00 	6136945.21 	6165071.24 	5873561.65 	5382621.91 	4834120.83 	4230899.30 	3805623.11 	3274226.52 	2778089.78 	1973131.92 	1272652.47 	732766.69 	292288.31 	86018.48 	15323.87 	2308.73 	493.09 	179.57 	# 1953
1763573.33 	6953158.20 	7661175.28 	6320102.74 	5335641.09 	5456835.62 	6075386.30 	6227098.62 	5916556.18 	5466106.85 	4948253.85 	4286083.84 	3849880.59 	3369953.31 	2848928.32 	2057149.71 	1320510.13 	763251.81 	309678.11 	89106.26 	16127.56 	2377.49 	470.58 	184.07 	# 1954
1819285.02 	7124588.08 	8007797.36 	6555734.47 	5422597.27 	5365915.07 	5990380.82 	6284558.92 	5967071.67 	5541582.46 	5062491.67 	4348172.78 	3906159.02 	3455687.13 	2919127.03 	2148072.90 	1369502.57 	797851.93 	332136.63 	93710.76 	17623.57 	2431.89 	496.20 	180.68 	# 1955
1865141.98 	7308559.73 	8405455.29 	6732508.16 	5530698.63 	5311936.98 	5911904.10 	6291460.28 	6050636.10 	5615083.91 	5162177.05 	4421415.80 	3968327.79 	3537202.23 	2986126.05 	2233695.74 	1419253.24 	832744.32 	353576.13 	98716.96 	19288.32 	2507.74 	516.33 	169.53 	# 1956
1928014.00 	7471322.85 	8620214.30 	7077594.75 	5710293.16 	5286493.14 	5828868.50 	6250427.39 	6159314.63 	5687962.26 	5250102.83 	4519177.45 	4025660.80 	3602918.45 	3062236.90 	2310408.98 	1474415.85 	870088.56 	368947.72 	105256.16 	20633.33 	2626.17 	510.42 	180.36 	# 1957
1979375.98 	7636536.71 	8692050.36 	7476786.09 	5987465.76 	5320098.65 	5714317.81 	6210964.39 	6240448.87 	5756081.40 	5337945.82 	4625307.86 	4092286.65 	3641210.57 	3148121.91 	2383632.62 	1535039.73 	896614.91 	386411.71 	111157.82 	21358.61 	2697.39 	507.68 	168.92 	# 1958
2008023.52 	7833524.93 	8916058.49 	7805152.82 	6311267.62 	5432656.22 	5621180.27 	6193192.50 	6330999.31 	5841920.10 	5436158.12 	4742350.40 	4189225.08 	3680355.08 	3232454.04 	2463243.56 	1604761.88 	926147.55 	402867.48 	117191.98 	22168.59 	2762.13 	487.68 	169.84 	# 1959 
2014842.89 	7944318.59 	9130632.50 	8147670.27 	6537613.14 	5523613.70 	5537430.13 	6116394.52 	6383553.42 	5908553.87 	5503811.46 	4848558.75 	4280985.61 	3719485.28 	3306041.13 	2539426.88 	1676196.98 	957815.37 	421031.58 	124705.39 	23088.17 	3002.00 	454.34 	171.70 	# 1960
2033211.78 	8013231.88 	9339401.63 	8547474.23 	6716986.48 	5651235.62 	5493950.68 	6031372.59 	6401997.26 	5995134.26 	5560243.70 	4960241.19 	4376493.02 	3755414.19 	3375617.04 	2622477.60 	1741999.83 	996376.52 	441484.53 	132671.19 	23984.95 	3208.06 	449.74 	175.86 	# 1961
2029622.70 	8047161.71 	9542023.39 	8759608.73 	7086023.99 	5855323.29 	5472490.41 	5929849.30 	6381947.94 	6098147.96 	5608457.92 	5069015.89 	4491260.82 	3787771.45 	3431712.71 	2715558.91 	1803220.40 	1030770.27 	463737.16 	138180.94 	25755.01 	3385.27 	464.03 	156.36 	# 1962
1988772.35 	8041947.18 	9737691.86 	8829926.23 	7512042.34 	6159008.22 	5501087.67 	5821353.41 	6329909.58 	6204142.48 	5657445.76 	5160791.11 	4623351.56 	3826329.17 	3474716.64 	2806647.68 	1860685.05 	1073337.44 	477654.28 	145780.44 	27033.19 	3494.48 	463.73 	145.81 	# 1963
1952795.07 	7997355.76 	9883251.65 	9012676.28 	7828446.18 	6481876.72 	5585142.47 	5712849.30 	6254383.55 	6294104.12 	5715693.77 	5241736.18 	4754139.30 	3877386.65 	3513983.41 	2889115.29 	1918843.27 	1116895.71 	492316.50 	151150.74 	27994.75 	3555.96 	457.93 	137.12 	# 1964
1894113.33 	7923883.03 	9976905.62 	9235691.05 	8196915.26 	6733312.33 	5681621.92 	5631928.75 	6166876.70 	6350049.32 	5787734.54 	5319259.22 	4869831.24 	3948151.64 	3556368.20 	2957657.55 	1980636.52 	1170304.10 	511117.57 	158886.95 	30020.24 	3663.93 	474.51 	144.14 	# 1965
1798105.74 	7782411.78 	10058641.73 	9460927.67 	8614116.96 	6919698.63 	5807723.29 	5592463.01 	6075873.96 	6370506.85 	5876471.51 	5394390.13 	4965873.95 	4042159.81 	3600497.69 	3009499.02 	2044548.06 	1213571.34 	535502.20 	168147.08 	32364.33 	3817.72 	488.66 	156.83 	# 1966
1718134.93 	7550489.58 	10094912.07 	9682529.86 	8839519.83 	7287306.85 	5997295.89 	5582008.22 	5981868.48 	6359964.38 	5981665.13 	5468357.52 	5043070.12 	4162282.68 	3646448.18 	3046592.65 	2113055.61 	1258147.75 	556208.79 	177067.63 	33618.80 	4058.23 	472.42 	144.96 	# 1967
1670524.11 	7278244.08 	10054294.80 	9895402.52 	8925054.84 	7714364.38 	6279978.09 	5622101.37 	5881857.52 	6320928.76 	6093180.40 	5545530.89 	5102663.72 	4300525.53 	3698670.35 	3073437.43 	2181385.12 	1297342.60 	584981.66 	184550.70 	36158.11 	4426.44 	535.39 	150.13 	# 1968
1659113.88 	6995496.32 	9978087.54 	10059383.94 	9124395.12 	8017967.12 	6575832.88 	5713649.32 	5776854.78 	6258901.36 	6189397.32 	5630663.29 	5151050.38 	4438140.04 	3763585.44 	3095154.09 	2241194.79 	1356674.32 	612649.02 	191035.94 	37683.25 	4767.84 	552.75 	155.02 	# 1969
1694151.52 	6774112.16 	9849391.16 	10179128.76 	9376525.41 	8366487.67 	6806298.63 	5820142.47 	5701939.72 	6185397.25 	6254296.12 	5731516.42 	5199857.82 	4564274.09 	3843509.98 	3124561.40 	2283247.53 	1412147.31 	646293.82 	199465.74 	39808.31 	5196.45 	576.53 	165.47 	# 1970
1738054.79 	6692989.04 	9638147.93 	10287657.54 	9628805.47 	8786161.65 	6988200.00 	5954224.66 	5672980.82 	6105383.56 	6278501.36 	5843654.79 	5250567.13 	4681156.16 	3925605.49 	3162550.68 	2339112.34 	1469152.65 	679063.76 	213318.31 	43249.10 	5733.44 	648.64 	171.46 	# 1971
1687306.85 	6723093.16 	9375632.87 	10345501.38 	9864339.72 	9023490.41 	7357309.58 	6152317.81 	5677531.51 	6016372.60 	6250923.28 	5974202.74 	5295556.17 	4790643.83 	4035194.53 	3185010.96 	2406572.61 	1519711.22 	710435.27 	224994.66 	46373.85 	6050.72 	704.46 	186.22 	# 1972
1573380.82 	6737947.95 	9100613.70 	10327449.31 	10090780.83 	9109243.83 	7785865.75 	6461528.77 	5716073.98 	5927383.56 	6200939.72 	6103150.68 	5338561.65 	4884112.33 	4176191.79 	3217578.08 	2445032.88 	1586508.28 	736785.40 	239800.94 	48583.98 	6455.35 	754.85 	166.09 	# 1973
1512953.42 	6643794.51 	8845186.31 	10275408.21 	10271715.07 	9306797.25 	8100997.26 	6791375.34 	5789126.04 	5840879.45 	6146410.95 	6190087.67 	5408630.14 	4957589.04 	4314687.68 	3274076.71 	2482569.87 	1629259.54 	778223.07 	254393.56 	50676.73 	6687.11 	773.41 	172.21 	# 1974
1517558.90 	6455690.41 	8676852.05 	10176821.91 	10408158.91 	9545857.52 	8471016.44 	7050334.24 	5882630.15 	5748367.12 	6093443.83 	6228517.80 	5527194.52 	5010556.17 	4459709.59 	3323057.54 	2550616.44 	1675090.31 	819825.91 	272039.77 	53758.09 	7075.66 	832.15 	178.29 	# 1975
1530978.08 	6228186.29 	8639545.21 	9973621.92 	10524158.91 	9789309.58 	8908682.20 	7244197.25 	6002698.64 	5694484.93 	6033893.15 	6238509.58 	5662175.34 	5059578.09 	4589646.57 	3381602.75 	2628095.89 	1732362.33 	866010.10 	291183.98 	59400.53 	7733.53 	889.29 	175.67 	# 1976
1561104.11 	6059852.04 	8618898.64 	9692608.21 	10581498.64 	10027342.46 	9156498.63 	7622838.35 	6179284.94 	5701032.88 	5952383.56 	6216430.13 	5808726.02 	5112567.13 	4690128.76 	3488189.05 	2688068.50 	1788744.07 	905329.58 	308757.46 	63697.83 	8312.82 	901.91 	171.36 	# 1977
1611534.25 	6034076.70 	8523339.72 	9406106.85 	10567964.38 	10262802.74 	9256775.34 	8066879.45 	6467504.11 	5747093.15 	5874402.74 	6173452.05 	5957682.18 	5164073.98 	4773098.63 	3624684.94 	2760630.14 	1817638.06 	960356.24 	327644.29 	69984.71 	8932.51 	942.20 	186.95 	# 1978
1648567.12 	6118654.79 	8374753.41 	9147183.56 	10525920.54 	10457731.51 	9476827.39 	8392512.33 	6784865.76 	5832139.74 	5802400.00 	6129427.39 	6067117.80 	5244646.58 	4836073.97 	3759183.56 	2853624.66 	1863199.93 	999755.40 	354098.06 	76304.61 	9415.95 	956.51 	205.24 	# 1979
1706540.64 	6236202.71 	8197731.06 	8977412.36 	10439029.11 	10612874.15 	9745103.40 	8775642.79 	7038853.19 	5936328.71 	5721290.35 	6090666.81 	6121766.65 	5371858.79 	4878387.54 	3898023.79 	2933475.19 	1884193.97 	1042068.42 	382320.06 	84021.59 	10294.85 	1040.77 	202.67 	# 1980
1753788.00 	6394715.00 	7958771.00 	8936611.00 	10241900.00 	10752445.00 	10033396.00 	9215810.00 	7242162.00 	6044692.00 	5675287.00 	6052358.00 	6129481.00 	5496093.00 	4917968.00 	4016097.00 	3008421.00 	1959049.74 	1083080.73 	405786.19 	89919.52 	11274.32 	1140.14 	194.08 	# 1981
1763933.00 	6583598.00 	7780281.00 	8920775.00 	9941155.00 	10815495.00 	10262705.00 	9464709.00 	7617546.00 	6242513.00 	5647641.00 	5971555.00 	6079146.00 	5617392.00 	4968312.00 	4105346.00 	3092206.00 	1985924.70 	1124917.60 	428274.93 	96859.73 	12378.70 	1162.92 	179.34 	# 1982
1785007.00 	6707707.00 	7809354.00 	8797538.00 	9646809.00 	10780434.00 	10483043.00 	9540081.00 	8069900.00 	6531206.00 	5694650.00 	5843315.00 	6065663.00 	5678028.00 	5032527.00 	4190565.00 	3177446.00 	2054997.17 	1148811.74 	459662.43 	103706.88 	13914.86 	1194.46 	183.46 	# 1983
1758467.00 	6855941.00 	7894898.00 	8620594.00 	9390367.00 	10727866.00 	10652488.00 	9725376.00 	8372868.00 	6827933.00 	5824845.00 	5707208.00 	6022142.00 	5748473.00 	5079414.00 	4267363.00 	3262147.00 	2111503.11 	1183355.44 	480179.22 	113319.18 	15162.46 	1260.86 	170.51 	# 1984
1769578.00 	6903795.00 	8049919.00 	8419170.00 	9193188.00 	10627687.00 	10772765.00 	9956206.00 	8762492.00 	7073239.00 	5892567.00 	5646387.00 	5937594.00 	5829394.00 	5126974.00 	4333623.00 	3343769.00 	2193928.87 	1194967.31 	501518.05 	122564.26 	16499.00 	1275.30 	176.59 	# 1985
1807134.00 	6934790.00 	8244798.00 	8155061.00 	9188360.00 	10405052.00 	10876497.00 	10217362.00 	9165151.00 	7256167.00 	5982021.00 	5607063.00 	5876601.00 	5848582.00 	5212272.00 	4379800.00 	3424322.00 	2234716.98 	1248902.22 	522455.58 	130373.90 	17684.95 	1373.86 	183.68 	# 1986
1799401.00 	6989696.00 	8441964.00 	7974546.00 	9180511.00 	10103720.00 	10916619.00 	10436596.00 	9431981.00 	7643151.00 	6165591.00 	5572854.00 	5799194.00 	5804312.00 	5326113.00 	4421063.00 	3501015.00 	2313981.44 	1266578.38 	543316.83 	136803.13 	18742.34 	1511.45 	176.95 	# 1987
1819445.00 	7020825.00 	8587788.00 	8013509.00 	9080926.00 	9818998.00 	10860742.00 	10655312.00 	9514859.00 	8099030.00 	6445605.00 	5620694.00 	5677199.00 	5800202.00 	5385858.00 	4479364.00 	3575882.00 	2378312.46 	1316927.62 	552142.54 	145874.15 	19467.58 	1636.22 	157.36 	# 1988
1859986.00 	7095230.00 	8715036.00 	8108905.00 	8928482.00 	9572936.00 	10789325.00 	10819524.00 	9712708.00 	8412892.00 	6729754.00 	5748985.00 	5544255.00 	5766974.00 	5456686.00 	4523279.00 	3643512.00 	2446243.70 	1353645.51 	569296.39 	150782.25 	21096.92 	1700.29 	154.92 	# 1989
1915849.00 	7199535.00 	8780276.00 	8277576.00 	8751657.00 	9397049.00 	10671703.00 	10940364.00 	9952683.00 	8816348.00 	6964988.00 	5813479.00 	5486527.00 	5696854.00 	5537638.00 	4570465.00 	3702812.00 	2505581.44 	1414474.31 	572827.84 	157035.22 	22632.30 	1816.28 	149.92 	# 1990
1963950.00 	7327033.00 	8843460.00 	8563226.00 	8487015.00 	9438078.00 	10454854.00 	11140303.00 	10209084.00 	9293488.00 	7144021.00 	5927699.00 	5452070.00 	5666745.00 	5558749.00 	4654396.00 	3771462.00 	2581879.97 	1452205.24 	607403.19 	165674.28 	24300.40 	1905.20 	158.77 	# 1991
1947362.00 	7517617.00 	8966790.00 	8770493.00 	8363214.00 	9436059.00 	10311893.00 	11193067.00 	10553249.00 	9486947.00 	7557267.00 	6104632.00 	5452363.00 	5610464.00 	5515455.00 	4779503.00 	3836556.00 	2640258.89 	1511632.25 	620354.51 	173908.94 	25571.71 	2018.84 	180.21 	# 1992
1920100.00 	7674407.00 	9038985.00 	9011885.00 	8435904.00 	9383417.00 	10062114.00 	11263896.00 	10795578.00 	9630096.00 	8011703.00 	6433979.00 	5518395.00 	5511696.00 	5519485.00 	4877309.00 	3880548.00 	2711116.66 	1564173.58 	654477.27 	179328.38 	27530.22 	2159.25 	173.43 	# 1993
1886293.00 	7765866.00 	9186059.00 	9203524.00 	8585393.00 	9249704.00 	9872539.00 	11279849.00 	11027101.00 	9834570.00 	8356091.00 	6745242.00 	5662640.00 	5400587.00 	5503431.00 	4945850.00 	3927677.00 	2768848.05 	1612608.06 	677450.81 	184736.04 	28287.56 	2240.47 	161.22 	# 1994
1863625.00 	7765206.00 	9379478.00 	9327338.00 	8780315.00 	9096327.00 	9747135.00 	11250780.00 	11186713.00 	10123680.00 	8748043.00 	6997568.00 	5751132.00 	5368098.00 	5453206.00 	5017892.00 	3971095.00 	2841053.48 	1653971.81 	706645.84 	185691.13 	29367.79 	2420.96 	161.98 	# 1995
1835887.00 	7687691.00 	9581882.00 	9390089.00 	9095088.00 	8832360.00 	9831534.00 	11003201.00 	11408284.00 	10354522.00 	9255207.00 	7206970.00 	5876320.00 	5339167.00 	5431772.00 	5030092.00 	4050108.00 	2891018.00 	1701698.64 	725212.43 	195654.95 	30387.68 	2479.09 	178.40 	# 1996
1832064.00 	7602080.00 	9795633.00 	9527088.00 	9306997.00 	8744040.00 	9874826.00 	10827650.00 	11447874.00 	10678917.00 	9470319.00 	7630364.00 	6046817.00 	5340240.00 	5378592.00 	4997112.00 	4160898.00 	2945327.59 	1738471.51 	749965.65 	198602.05 	31271.49 	2415.13 	179.07 	# 1997
1823054.00 	7539168.00 	9953738.00 	9602250.00 	9532346.00 	8837287.00 	9868005.00 	10544931.00 	11493952.00 	10902858.00 	9630492.00 	8095344.00 	6363155.00 	5412801.00 	5283779.00 	5008646.00 	4243434.00 	2992121.97 	1783248.02 	771577.75 	207829.53 	31307.15 	2458.17 	179.41 	# 1998
1849362.00 	7497061.00 	10039380.00 	9756229.00 	9709589.00 	8992765.00 	9763800.00 	10325244.00 	11489830.00 	11113298.00 	9849558.00 	8450817.00 	6662640.00 	5557757.00 	5173565.00 	5001501.00 	4302794.00 	3060027.45 	1823491.59 	794101.60 	214197.94 	31780.52 	2468.85 	166.11 	# 1999
1855734.00 	7500319.00 	10040672.00 	9958225.00 	9820805.00 	9198091.00 	9639730.00 	10183286.00 	11446797.00 	11255350.00 	10159326.00 	8859077.00 	6905629.00 	5646251.00 	5138128.00 	4963347.00 	4364703.00 	3099420.81 	1866226.39 	807743.01 	218091.02 	31868.63 	2495.85 	168.77 	# 2000
1953336.00 	7464564.00 	9928091.00 	10124055.00 	9833960.00 	9521592.00 	9407760.00 	10246920.00 	11251315.00 	11450135.00 	10397945.00 	9316845.00 	7101544.00 	5756296.00 	5115701.00 	4930490.00 	4393821.00 	3168211.24 	1901357.26 	825194.07 	221105.32 	32391.44 	2495.79 	173.55 	# 2001
1958233.00 	7552854.00 	9811027.00 	10246064.00 	9856481.00 	9799554.00 	9291082.00 	10307253.00 	11027146.00 	11531422.00 	10675295.00 	9539709.00 	7498063.00 	5917174.00 	5138806.00 	4865142.00 	4364499.00 	3271864.10 	1936598.11 	840779.27 	225355.77 	32354.56 	2464.65 	141.36 	# 2002
1954034.00 	7674411.00 	9670443.00 	10325591.00 	9913693.00 	9998837.00 	9312239.00 	10303140.00 	10787267.00 	11548169.00 	10920024.00 	9649521.00 	7948198.00 	6199425.00 	5168200.00 	4812916.00 	4367836.00 	3339436.00 	1971648.15 	860061.59 	229958.70 	33026.38 	2385.81 	131.97 	# 2003
1987849.00 	7749267.00 	9619176.00 	10336878.00 	10016292.00 	10130244.00 	9468722.00 	10199493.00 	10560973.00 	11589126.00 	11121807.00 	9844333.00 	8293115.00 	6479681.00 	5285030.00 	4733463.00 	4348560.00 	3391187.00 	2022010.13 	882225.49 	234857.56 	33455.94 	2357.93 	118.30 	# 2004
1999832.00 	7894544.00 	9548440.00 	10254668.00 	10169466.00 	10191275.00 	9673953.00 	10041535.00 	10429081.00 	11564990.00 	11284959.00 	10096778.00 	8723866.00 	6712816.00 	5359849.00 	4712400.00 	4295260.00 	3469319.00 	2061554.67 	916340.69 	243675.19 	34660.67 	2371.04 	127.61 	# 2005
2011647.00 	7935783.00 	9593983.00 	10126019.00 	10326789.00 	10178229.00 	9983262.00 	9806495.00 	10496181.00 	11383754.00 	11479392.00 	10343661.00 	9171483.00 	6896549.00 	5474685.00 	4702074.00 	4290524.00 	3500506.00 	2142616.19 	944072.08 	252344.89 	35399.77 	2416.54 	115.14 	# 2006
2073857.00 	7985794.00 	9660655.00 	9968186.00 	10408195.00 	10120313.00 	10147722.00 	9593113.00 	10493634.00 	11121412.00 	11536686.00 	10605661.00 	9380632.00 	7281339.00 	5628432.00 	4732135.00 	4247120.00 	3491340.00 	2237238.42 	976870.97 	263071.67 	37277.31 	2491.22 	111.33 	# 2007

##The United States of America,  Population size (5-year)     Last modified: 13-Oct-2010, MPv5 (May07)
1610744.89 	6527089.24 	6644725.81 	5630856.61 	5311408.23 	5599997.26 	5951536.98 	5612093.15 	5479635.63 	5045112.35 	4529534.25 	4120536.98 	3616805.93 	3027237.65 	2400334.03 	1622173.25 	985113.84 	494526.28 	175371.52 	44085.09 	7348.15 	1252.64 	203.26 	41.18 	# 1950
1639347.42 	6916213.53 	6853533.71 	5753703.81 	5221846.58 	5416000.01 	5912356.17 	5680594.52 	5550057.54 	5117084.94 	4579602.74 	4143024.66 	3677810.19 	3074610.62 	2471584.73 	1661701.48 	1020240.87 	515894.01 	181078.73 	47040.75 	7630.56 	1282.44 	228.56 	57.02 	# 1951
1706915.55 	7074677.08 	7220041.79 	5945236.58 	5156975.34 	5058019.18 	5830419.19 	5764635.62 	5595567.12 	5185602.75 	4667136.98 	4158517.82 	3726046.57 	3132654.36 	2530088.11 	1711467.32 	1055177.34 	533122.68 	189235.17 	49477.61 	7802.37 	1256.73 	254.27 	75.33 	# 1952
1766289.81 	7088249.77 	7642889.90 	6244499.35 	5192621.91 	4808797.25 	5791473.98 	5824027.40 	5631531.51 	5252580.83 	4759616.44 	4186057.53 	3749517.80 	3195800.16 	2584665.44 	1765712.77 	1087757.91 	554191.53 	199316.72 	51708.05 	8039.81 	1221.79 	276.50 	101.60 	# 1953
1826171.86 	7212559.03 	7951837.20 	6554944.53 	5287136.99 	4698399.99 	5756931.52 	5887646.57 	5666564.37 	5315591.78 	4852136.98 	4234575.34 	3770868.12 	3251228.25 	2639621.64 	1826956.46 	1120640.65 	571561.12 	208461.52 	52901.98 	8454.53 	1224.76 	267.69 	108.02 	# 1954
1885095.41 	7386109.44 	8308990.28 	6799130.61 	5357054.79 	4766284.94 	5708435.61 	5970079.45 	5718076.70 	5379583.56 	4950131.50 	4288071.24 	3807386.88 	3299022.71 	2690663.74 	1894504.10 	1154434.42 	591607.99 	222045.47 	54945.03 	9069.56 	1265.20 	269.43 	116.30 	# 1955
1932564.46 	7575173.88 	8716825.21 	6981558.02 	5451704.10 	4868997.27 	5665947.94 	5993484.92 	5793128.76 	5441084.94 	5036104.12 	4349597.26 	3850558.91 	3343700.70 	2733452.54 	1957672.99 	1186766.68 	611057.12 	233846.26 	57493.52 	9799.88 	1276.94 	281.30 	127.49 	# 1956
1997146.25 	7741284.35 	8934544.04 	7337852.99 	5649336.99 	4874016.43 	5605386.32 	5965939.72 	5883117.81 	5499575.35 	5112605.48 	4431627.39 	3891553.44 	3372981.10 	2778686.33 	2013816.84 	1221655.37 	630630.30 	241407.25 	60652.78 	10426.76 	1300.35 	283.52 	116.73 	# 1957
2051155.56 	7907167.99 	9002538.58 	7748474.72 	5970041.10 	4938660.27 	5502832.88 	5938484.93 	5942043.84 	5550063.01 	5188101.38 	4518610.94 	3944591.78 	3377180.97 	2827849.37 	2066842.93 	1258550.72 	642994.76 	250865.80 	63323.39 	10654.12 	1240.98 	264.73 	124.10 	# 1958
2077012.17 	8109533.79 	9228762.00 	8081035.43 	6343704.62 	5121356.31 	5420939.54 	5930815.54 	6021312.45 	5620226.54 	5281261.65 	4623003.01 	4033803.32 	3389013.88 	2876542.96 	2125965.93 	1303565.27 	656825.22 	258263.65 	66033.93 	10950.12 	1284.99 	255.52 	116.22 	# 1959 
2080744.70 	8218504.91 	9447061.74 	8426041.63 	6584997.66 	5252641.10 	5338427.40 	5860410.96 	6064539.72 	5665575.34 	5339073.98 	4713126.03 	4108861.04 	3403593.97 	2915940.07 	2174838.96 	1348914.04 	671259.75 	266142.84 	69672.55 	11344.97 	1359.52 	262.64 	112.27 	# 1960
2100291.69 	8285272.13 	9664108.56 	8834244.33 	6768471.70 	5394747.95 	5295956.16 	5790397.25 	6080002.74 	5728597.27 	5382043.85 	4806128.76 	4181602.75 	3422132.33 	2944663.22 	2218828.55 	1387644.09 	689902.02 	275008.86 	73440.32 	11712.47 	1467.41 	254.43 	112.26 	# 1961
2098624.56 	8320049.28 	9877121.44 	9055032.88 	7151935.20 	5582265.76 	5276490.41 	5711887.66 	6065457.53 	5806115.08 	5410032.89 	4890101.36 	4266630.15 	3442994.29 	2954011.95 	2262114.55 	1419149.25 	706183.46 	284554.88 	75894.80 	12293.08 	1541.63 	266.26 	105.45 	# 1962
2059260.56 	8315007.58 	10081306.14 	9131392.60 	7606975.61 	5866010.96 	5294558.91 	5625876.70 	6023427.39 	5891117.82 	5435035.61 	4957583.56 	4364136.99 	3469120.28 	2953156.22 	2299665.37 	1443614.80 	728407.55 	289189.79 	78670.52 	12681.17 	1581.64 	229.55 	91.64 	# 1963
2026796.48 	8276008.66 	10232963.06 	9325272.41 	7953161.04 	6188372.61 	5364632.89 	5533871.22 	5959397.25 	5966087.68 	5466049.31 	5016076.72 	4460627.40 	3504192.77 	2954264.77 	2327694.97 	1466936.08 	749019.01 	292173.03 	79580.05 	12932.83 	1600.05 	214.51 	90.71 	# 1964
1964095.47 	8211794.01 	10330010.49 	9562914.01 	8341446.76 	6441320.55 	5456619.19 	5460427.39 	5876375.33 	6010534.25 	5508567.12 	5069569.87 	4544602.75 	3554318.52 	2964754.43 	2344359.73 	1489800.58 	777268.41 	298857.88 	82153.44 	13757.58 	1622.88 	240.26 	92.57 	# 1965
1864297.64 	8070248.67 	10417160.65 	9802941.75 	8753474.42 	6590087.67 	5566180.83 	5408430.13 	5781865.74 	6018989.04 	5564586.30 	5119065.75 	4612583.56 	3621553.62 	2980442.54 	2347917.55 	1511263.21 	796545.11 	308010.57 	85006.53 	14706.69 	1641.83 	270.71 	91.85 	# 1966
1784393.76 	7831339.04 	10458330.60 	10038396.23 	8961663.66 	6803997.27 	5735783.57 	5374978.08 	5683865.74 	6003969.86 	5640120.55 	5165561.65 	4665561.66 	3708917.66 	3000912.01 	2342132.61 	1535230.94 	813080.98 	315388.57 	87812.51 	15189.45 	1727.88 	271.46 	91.00 	# 1967
1737555.36 	7550749.29 	10419265.52 	10265176.77 	9065361.54 	7096805.48 	6005454.80 	5392068.49 	5581353.41 	5965926.02 	5723608.22 	5210060.27 	4705046.59 	3811578.06 	3027534.91 	2331103.19 	1557128.09 	825391.23 	327493.83 	89839.50 	16100.46 	1839.86 	277.26 	83.78 	# 1968
1730424.37 	7258692.58 	10350212.86 	10440139.30 	9282300.86 	7394509.58 	6297345.21 	5468641.11 	5478865.74 	5901898.62 	5792580.82 	5261079.46 	4735035.62 	3914282.34 	3061055.88 	2320261.59 	1571067.15 	850433.81 	338531.60 	91036.37 	16318.22 	1904.37 	275.72 	76.76 	# 1969
1766761.59 	7035945.60 	10231027.89 	10568675.49 	9550989.33 	7808123.29 	6556865.75 	5577657.54 	5414958.90 	5838928.76 	5841052.05 	5332616.45 	4763542.46 	4007714.16 	3110144.51 	2319563.94 	1574422.09 	869161.93 	353279.40 	93469.03 	16708.10 	2032.75 	292.50 	81.13 	# 1970
1817071.23 	6957490.41 	10018635.60 	10687673.97 	9844857.53 	8356879.46 	6778241.10 	5721235.62 	5393482.19 	5788432.88 	5855989.04 	5423632.87 	4796547.95 	4093112.33 	3172087.68 	2328013.70 	1590046.58 	884574.33 	365600.71 	98841.98 	17485.83 	2200.84 	317.43 	79.29 	# 1971
1765789.04 	6996616.43 	9745616.43 	10751501.37 	10105857.53 	8760728.77 	7178353.42 	5930336.99 	5402041.10 	5734419.18 	5826430.13 	5538180.82 	4826032.88 	4173106.85 	3251128.78 	2331495.89 	1613016.44 	898168.20 	374951.78 	102843.29 	18199.45 	2329.45 	330.06 	77.82 	# 1972
1643375.34 	7020950.68 	9462106.84 	10735956.15 	10344295.89 	8959816.44 	7631890.41 	6248534.25 	5447583.56 	5668901.37 	5788465.75 	5645613.69 	4853041.10 	4243084.93 	3344627.41 	2348049.32 	1614487.67 	922688.17 	382274.43 	107762.76 	18796.66 	2473.75 	322.45 	87.65 	# 1973
1583460.27 	6927293.14 	9196665.75 	10694430.13 	10540241.10 	9209868.49 	7960509.59 	6579873.97 	5521117.82 	5595898.63 	5752435.61 	5711567.12 	4898583.56 	4305084.93 	3436123.30 	2387057.54 	1613509.59 	931388.45 	396700.16 	112272.27 	19131.98 	2471.35 	334.73 	91.61 	# 1974
1591060.27 	6739191.77 	9023358.90 	10601816.42 	10693178.08 	9492405.47 	8335517.81 	6837832.87 	5609123.30 	5517386.30 	5716967.12 	5736000.00 	4988161.64 	4351542.47 	3538657.54 	2425046.58 	1635049.32 	944410.22 	408425.75 	118607.70 	19895.92 	2502.10 	356.67 	93.83 	# 1975
1602972.60 	6506671.22 	8994561.64 	10392109.58 	10827690.41 	9767347.94 	8772178.09 	7034706.85 	5731712.34 	5466975.34 	5677926.03 	5730986.30 	5103153.42 	4391065.76 	3635608.22 	2470578.09 	1667539.73 	964098.12 	420144.92 	124712.28 	21545.66 	2615.24 	374.69 	109.77 	# 1976
1636619.18 	6332852.04 	8982906.84 	10101594.51 	10896498.63 	10027364.38 	9021506.85 	7422353.42 	5918298.63 	5468027.40 	5618410.96 	5701432.87 	5229693.15 	4432547.95 	3714608.22 	2544624.67 	1691526.03 	982659.95 	429860.89 	128806.90 	22835.92 	2689.81 	385.27 	112.49 	# 1977
1691030.14 	6312591.77 	8891843.83 	9805093.15 	10888479.44 	10267293.15 	9126279.45 	7873383.56 	6214512.33 	5509586.30 	5549901.37 	5666972.60 	5352142.46 	4472561.65 	3786087.67 	2634120.56 	1732084.93 	984986.35 	448083.84 	133440.38 	24693.86 	2813.10 	397.53 	100.21 	# 1978
1727569.86 	6404660.27 	8747260.26 	9534665.75 	10864956.15 	10464246.58 	9354345.20 	8198005.48 	6537873.97 	5589632.89 	5478904.11 	5639953.42 	5437591.78 	4531600.01 	3850589.04 	2721619.19 	1794084.93 	993430.33 	458184.29 	141132.94 	26166.29 	2865.50 	401.20 	93.34 	# 1979
1786571.22 	6528807.80 	8575476.06 	9362969.30 	10789118.89 	10628375.20 	9636715.18 	8577281.06 	6796177.81 	5688704.04 	5407507.80 	5619647.84 	5474465.97 	4632854.20 	3899438.92 	2818436.50 	1843585.77 	995424.90 	470906.81 	148583.92 	28244.33 	3083.82 	388.53 	96.16 	# 1980
1838028.00 	6692814.00 	8332178.00 	9334664.00 	10592569.00 	10790240.00 	9947831.00 	9024566.00 	6997198.00 	5797267.00 	5377623.00 	5601397.00 	5466445.00 	4749130.00 	3936834.00 	2903741.00 	1887259.00 	1024393.68 	481943.82 	152843.29 	29392.35 	3277.69 	361.84 	105.60 	# 1981
1848361.00 	6889831.00 	8151632.00 	9329547.00 	10284557.00 	10879561.00 	10201255.00 	9274726.00 	7377225.00 	5992316.00 	5364794.00 	5547113.00 	5410144.00 	4871375.00 	3978321.00 	2967071.00 	1939475.00 	1033194.98 	493616.67 	157700.84 	30577.37 	3480.36 	357.91 	111.56 	# 1982
1868650.00 	7019343.00 	8188882.00 	9209090.00 	9995336.00 	10872270.00 	10451478.00 	9362706.00 	7817573.00 	6282163.00 	5425126.00 	5439261.00 	5409476.00 	4923645.00 	4040567.00 	3030770.00 	1993812.00 	1066744.54 	497214.55 	166095.75 	31935.35 	3767.45 	367.55 	103.85 	# 1983
1844016.00 	7175450.00 	8280678.00 	9026989.00 	9748483.00 	10861932.00 	10647235.00 	9568041.00 	8119253.00 	6574639.00 	5558261.00 	5327510.00 	5387820.00 	4982421.00 	4089503.00 	3087900.00 	2047862.00 	1096579.33 	502913.32 	170431.57 	34045.64 	4009.51 	345.64 	99.13 	# 1984
1852865.00 	7230072.00 	8439305.00 	8828697.00 	9563934.00 	10793329.00 	10791180.00 	9815995.00 	8510696.00 	6817323.00 	5630156.00 	5274342.00 	5344633.00 	5045809.00 	4143918.00 	3139225.00 	2103100.00 	1136835.59 	502389.13 	174521.64 	35701.48 	4168.96 	361.55 	88.55 	# 1985
1895049.00 	7261513.00 	8641880.00 	8556570.00 	9581949.00 	10610473.00 	10918606.00 	10089847.00 	8925553.00 	7000056.00 	5723076.00 	5248765.00 	5313550.00 	5047936.00 	4228341.00 	3179656.00 	2159449.00 	1160412.46 	519679.79 	178379.28 	36848.38 	4328.73 	377.86 	72.93 	# 1986
1885014.00 	7321848.00 	8848033.00 	8373018.00 	9593547.00 	10338577.00 	10976646.00 	10324856.00 	9197573.00 	7400840.00 	5906695.00 	5231031.00 	5265578.00 	4997458.00 	4336847.00 	3217786.00 	2216177.00 	1199473.35 	523824.32 	181842.20 	37803.78 	4488.92 	382.10 	72.44 	# 1987
1905177.00 	7356794.00 	8998950.00 	8419485.00 	9512571.00 	10080376.00 	10927401.00 	10552485.00 	9299288.00 	7845509.00 	6188526.00 	5290948.00 	5166312.00 	5001984.00 	4384613.00 	3278293.00 	2274772.00 	1237011.26 	543360.30 	182255.22 	39116.69 	4548.61 	376.07 	64.13 	# 1988
1947951.00 	7433784.00 	9138290.00 	8520437.00 	9371018.00 	9864861.00 	10866976.00 	10717910.00 	9516430.00 	8166641.00 	6467622.00 	5420601.00 	5062424.00 	4987390.00 	4437296.00 	3330418.00 	2329309.00 	1274817.76 	558787.37 	184242.43 	39389.62 	4685.57 	410.52 	58.38 	# 1989
2005948.00 	7545696.00 	9208887.00 	8692548.00 	9212992.00 	9737176.00 	10748511.00 	10833558.00 	9771771.00 	8580533.00 	6698847.00 	5486374.00 	5015122.00 	4954863.00 	4493993.00 	3389383.00 	2381346.00 	1312460.72 	583241.60 	183495.48 	40418.59 	4860.50 	431.69 	52.96 	# 1990
2057680.00 	7678332.00 	9276414.00 	8994320.00 	8932486.00 	9714545.00 	10516376.00 	11048747.00 	10032982.00 	9057054.00 	6871367.00 	5604198.00 	4997667.00 	4961214.00 	4511091.00 	3482433.00 	2448850.00 	1357392.51 	601064.12 	193456.22 	41955.92 	5080.50 	395.75 	62.92 	# 1991
2033157.00 	7879490.00 	9405281.00 	9216020.00 	8832471.00 	9779761.00 	10426118.00 	11172403.00 	10407306.00 	9252400.00 	7285897.00 	5776027.00 	5014096.00 	4942146.00 	4484269.00 	3605085.00 	2514618.00 	1397775.05 	625939.16 	196668.33 	43017.79 	5093.41 	393.96 	67.00 	# 1992
2014878.00 	8037805.00 	9482489.00 	9468786.00 	8912397.00 	9724386.00 	10183109.00 	11275544.00 	10670692.00 	9390984.00 	7731899.00 	6102609.00 	5091607.00 	4875481.00 	4514551.00 	3702114.00 	2565413.00 	1448273.47 	651136.90 	206619.64 	43047.54 	5292.77 	411.14 	68.13 	# 1993
1980574.00 	8136055.00 	9636055.00 	9672962.00 	9072632.00 	9576673.00 	9995469.00 	11315990.00 	10918293.00 	9589689.00 	8063687.00 	6407749.00 	5235202.00 	4799926.00 	4528731.00 	3772282.00 	2620138.00 	1491855.44 	673518.94 	214016.28 	43476.97 	5241.36 	409.72 	62.59 	# 1994
1954063.00 	8136765.00 	9842057.00 	9798350.00 	9285533.00 	9420146.00 	9882862.00 	11301044.00 	11090231.00 	9884291.00 	8442549.00 	6651658.00 	5323403.00 	4782895.00 	4531024.00 	3839898.00 	2672736.00 	1547600.67 	695217.51 	222727.37 	43077.60 	5332.40 	410.49 	66.00 	# 1995
1927745.00 	8053198.00 	10053333.00 	9867401.00 	9622536.00 	9166750.00 	9967042.00 	11066808.00 	11320611.00 	10117489.00 	8944133.00 	6857931.00 	5452760.00 	4774190.00 	4552815.00 	3854833.00 	2753949.00 	1593902.91 	719427.67 	228801.79 	45522.62 	5402.91 	406.24 	52.67 	# 1996
1921621.00 	7971125.00 	10272689.00 	10010687.00 	9849016.00 	9092729.00 	10008377.00 	10893403.00 	11368968.00 	10443014.00 	9147462.00 	7280637.00 	5615859.00 	4794126.00 	4541616.00 	3836995.00 	2853822.00 	1638524.54 	743281.58 	236886.27 	45864.71 	5445.79 	375.74 	50.39 	# 1997
1915071.00 	7899066.00 	10443413.00 	10091253.00 	10085391.00 	9194553.00 	10011647.00 	10615050.00 	11421042.00 	10682954.00 	9303851.00 	7740205.00 	5927430.00 	4880074.00 	4483864.00 	3870671.00 	2929458.00 	1683418.90 	771245.66 	245846.77 	47864.50 	5251.18 	368.01 	36.93 	# 1998
1943029.00 	7851412.00 	10537439.00 	10252628.00 	10272377.00 	9368193.00 	9928123.00 	10410393.00 	11422153.00 	10909902.00 	9523761.00 	8089104.00 	6220876.00 	5025137.00 	4417318.00 	3892307.00 	2987549.00 	1748307.78 	801218.84 	254602.97 	49527.63 	5288.23 	365.00 	33.56 	# 1999
1947719.00 	7854202.00 	10538404.00 	10468382.00 	10383754.00 	9603882.00 	9844466.00 	10312574.00 	11377749.00 	11068210.00 	9844183.00 	8489667.00 	6453670.00 	5113511.00 	4402526.00 	3900179.00 	3039141.00 	1799131.17 	832869.41 	262017.73 	50825.35 	5234.94 	362.88 	31.96 	# 2000
2047215.00 	7812080.00 	10418034.00 	10636676.00 	10426080.00 	9978149.00 	9658649.00 	10393320.00 	11214950.00 	11269125.00 	10087935.00 	8931048.00 	6649241.00 	5221374.00 	4395909.00 	3907971.00 	3071407.00 	1872211.07 	863646.91 	270756.82 	51581.89 	5442.31 	354.89 	30.61 	# 2001
2045806.00 	7907160.00 	10293856.00 	10757635.00 	10459086.00 	10292592.00 	9591221.00 	10471562.00 	11021084.00 	11369424.00 	10356867.00 	9138868.00 	7039661.00 	5371970.00 	4427417.00 	3880906.00 	3070764.00 	1967338.13 	894383.82 	281121.30 	52808.68 	5471.28 	331.25 	24.89 	# 2002
2045995.00 	8027471.00 	10141863.00 	10842856.00 	10481665.00 	10567985.00 	9664051.00 	10491200.00 	10811470.00 	11396437.00 	10614575.00 	9235850.00 	7481578.00 	5633589.00 	4474280.00 	3854595.00 	3098729.00 	2033577.00 	926599.35 	292979.46 	54587.85 	5568.43 	313.26 	21.97 	# 2003
2081386.00 	8109405.00 	10076144.00 	10855971.00 	10560843.00 	10761191.00 	9875513.00 	10401035.00 	10632813.00 	11447448.00 	10829268.00 	9420219.00 	7813770.00 	5895061.00 	4591373.00 	3806214.00 	3109983.00 	2084350.00 	979233.21 	307148.79 	56665.98 	5664.32 	303.63 	18.14 	# 2004
2093870.00 	8260131.00 	9997525.00 	10765423.00 	10712915.00 	10847330.00 	10123735.00 	10258498.00 	10539486.00 	11439720.00 	11006300.00 	9674107.00 	8228603.00 	6114067.00 	4670299.00 	3806328.00 	3099687.00 	2146314.00 	1023843.36 	327050.92 	59461.79 	5859.65 	292.98 	14.74 	# 2005
2107279.00 	8303694.00 	10039875.00 	10627361.00 	10871983.00 	10856559.00 	10424688.00 	10033619.00 	10603104.00 	11282078.00 	11199668.00 	9921172.00 	8650457.00 	6294567.00 	4781589.00 	3817967.00 	3130223.00 	2181314.00 	1092715.34 	345126.88 	62539.99 	6136.96 	336.26 	15.63 	# 2006
2174533.00 	8363257.00 	10105692.00 	10459678.00 	10941644.00 	10800502.00 	10602461.00 	9854598.00 	10612705.00 	11050703.00 	11274219.00 	10172308.00 	8842067.00 	6669446.00 	4925136.00 	3858401.00 	3122269.00 	2193108.00 	1169377.19 	365785.58 	67170.36 	6487.81 	348.70 	13.45 	# 2007

