  4.5602000e-002  2.0100000e-003  6.6400000e-004  5.6600000e-004  1.0650000e-003  1.4370000e-003  1.6730000e-003  1.8730000e-003  2.5800000e-003  3.4210000e-003  5.4980000e-003  9.0510000e-003  1.3919000e-002  2.1994000e-002  3.5468000e-002  5.8216000e-002  9.7336000e-002  1.5601800e-001
  3.5088000e-002  1.9560000e-003  5.8200000e-004  5.8500000e-004  1.0480000e-003  1.4190000e-003  1.4210000e-003  1.7910000e-003  2.4000000e-003  3.3680000e-003  5.3600000e-003  8.9270000e-003  1.3817000e-002  2.2327000e-002  3.6589000e-002  6.0636000e-002  9.9916000e-002  1.6741400e-001
  3.0405000e-002  1.5680000e-003  5.0200000e-004  4.7000000e-004  9.7500000e-004  1.2930000e-003  1.2950000e-003  1.7430000e-003  2.1590000e-003  3.2460000e-003  5.1610000e-003  8.6460000e-003  1.4223000e-002  2.2464000e-002  3.8084000e-002  6.1450000e-002  1.0255200e-001  1.7035600e-001
  2.8159000e-002  1.3780000e-003  5.3900000e-004  5.0100000e-004  8.1700000e-004  1.1890000e-003  1.3420000e-003  1.6520000e-003  1.9710000e-003  3.1150000e-003  5.0370000e-003  8.5320000e-003  1.3529000e-002  2.1306000e-002  3.4664000e-002  5.6385000e-002  9.1756000e-002  1.4556000e-001
  2.5882000e-002  1.2480000e-003  5.0700000e-004  4.5000000e-004  8.2400000e-004  1.2470000e-003  1.2230000e-003  1.5340000e-003  2.0480000e-003  2.9520000e-003  4.6190000e-003  8.2670000e-003  1.3175000e-002  2.1211000e-002  3.3875000e-002  5.5871000e-002  9.0375000e-002  1.4981800e-001
  2.5020000e-002  1.2850000e-003  5.9200000e-004  5.3000000e-004  9.7300000e-004  1.2480000e-003  1.2720000e-003  1.5380000e-003  1.9590000e-003  2.9320000e-003  4.6370000e-003  8.0660000e-003  1.3742000e-002  2.1730000e-002  3.5561000e-002  5.9090000e-002  9.5918000e-002  1.5808300e-001
  2.3644000e-002  1.1250000e-003  4.6400000e-004  4.2500000e-004  8.7800000e-004  1.1450000e-003  1.1490000e-003  1.3530000e-003  1.8910000e-003  2.8470000e-003  4.4120000e-003  7.5130000e-003  1.2674000e-002  2.0114000e-002  3.3632000e-002  5.5059000e-002  9.0558000e-002  1.4803000e-001
  2.0339000e-002  1.1690000e-003  4.4500000e-004  3.8400000e-004  9.1000000e-004  1.1170000e-003  1.2140000e-003  1.3880000e-003  1.8740000e-003  2.8260000e-003  4.4490000e-003  7.7230000e-003  1.3183000e-002  2.0906000e-002  3.4479000e-002  5.6554000e-002  9.1557000e-002  1.4991800e-001
  2.0164000e-002  9.7700000e-004  3.9000000e-004  3.7000000e-004  8.3600000e-004  1.2260000e-003  1.2520000e-003  1.3720000e-003  1.8760000e-003  2.6820000e-003  4.4660000e-003  7.4040000e-003  1.2708000e-002  2.0118000e-002  3.2426000e-002  5.2336000e-002  8.5181000e-002  1.4368600e-001
  1.9732000e-002  9.7300000e-004  4.9800000e-004  3.4600000e-004  8.6700000e-004  1.0770000e-003  1.0940000e-003  1.3960000e-003  1.8830000e-003  2.6670000e-003  4.3860000e-003  7.1480000e-003  1.2131000e-002  1.9980000e-002  3.2062000e-002  5.2376000e-002  8.5749000e-002  1.4145300e-001
  2.1581000e-002  1.0230000e-003  5.2600000e-004  3.6700000e-004  7.9300000e-004  1.1280000e-003  1.1320000e-003  1.3880000e-003  1.9320000e-003  2.6500000e-003  4.3940000e-003  7.4810000e-003  1.2693000e-002  2.1454000e-002  3.3975000e-002  5.6811000e-002  9.5577000e-002  1.5756800e-001
  2.0992000e-002  9.8800000e-004  4.2700000e-004  4.0000000e-004  8.3900000e-004  1.1140000e-003  1.1710000e-003  1.4380000e-003  1.8090000e-003  2.8330000e-003  4.3740000e-003  7.3400000e-003  1.2125000e-002  2.0731000e-002  3.2949000e-002  5.2845000e-002  8.6183000e-002  1.4292900e-001
  1.9688000e-002  9.6600000e-004  4.4500000e-004  3.3500000e-004  7.7800000e-004  1.1310000e-003  1.1190000e-003  1.3690000e-003  1.7980000e-003  2.8670000e-003  4.2070000e-003  7.0870000e-003  1.2363000e-002  2.0821000e-002  3.3321000e-002  5.3521000e-002  8.5879000e-002  1.4232100e-001
  2.3476000e-002  9.5900000e-004  4.4000000e-004  3.8700000e-004  8.3800000e-004  1.1060000e-003  1.0460000e-003  1.2990000e-003  1.8550000e-003  2.9190000e-003  4.3260000e-003  7.4110000e-003  1.2162000e-002  2.0458000e-002  3.3674000e-002  5.3368000e-002  8.6176000e-002  1.4140200e-001
  2.1784000e-002  9.0700000e-004  4.2900000e-004  3.9500000e-004  8.5500000e-004  1.1020000e-003  1.0930000e-003  1.3360000e-003  1.8860000e-003  2.8780000e-003  4.1800000e-003  7.4370000e-003  1.1831000e-002  2.0526000e-002  3.3173000e-002  5.3129000e-002  8.5994000e-002  1.3813900e-001
  2.1581000e-002  9.1200000e-004  3.8200000e-004  3.7900000e-004  7.8400000e-004  1.1290000e-003  1.1270000e-003  1.3920000e-003  1.8940000e-003  2.9390000e-003  4.4290000e-003  7.5140000e-003  1.2147000e-002  2.0859000e-002  3.3818000e-002  5.3503000e-002  8.5373000e-002  1.4035800e-001
  2.1816000e-002  7.6200000e-004  4.5800000e-004  3.6200000e-004  9.3800000e-004  1.2780000e-003  1.2530000e-003  1.4770000e-003  1.9350000e-003  3.0040000e-003  4.8170000e-003  7.6680000e-003  1.2738000e-002  2.1383000e-002  3.4542000e-002  5.5011000e-002  9.0115000e-002  1.4975500e-001
  2.2493000e-002  8.9300000e-004  4.3100000e-004  4.0700000e-004  1.0080000e-003  1.2560000e-003  1.2590000e-003  1.4840000e-003  2.0350000e-003  3.1700000e-003  5.2340000e-003  8.0010000e-003  1.3167000e-002  2.2467000e-002  3.7082000e-002  5.8927000e-002  9.1679000e-002  1.4367700e-001
  2.0908000e-002  7.9700000e-004  3.9000000e-004  3.9100000e-004  9.1500000e-004  1.1530000e-003  1.2110000e-003  1.5610000e-003  2.1120000e-003  3.1070000e-003  5.2040000e-003  8.3160000e-003  1.3307000e-002  2.2254000e-002  3.6926000e-002  5.8967000e-002  9.4846000e-002  1.4863900e-001
  2.0966000e-002  8.2900000e-004  4.1800000e-004  3.8600000e-004  8.6200000e-004  1.0760000e-003  1.1430000e-003  1.4370000e-003  2.0340000e-003  3.1730000e-003  5.3580000e-003  7.9470000e-003  1.3089000e-002  2.1764000e-002  3.6501000e-002  5.7797000e-002  9.1666000e-002  1.4529200e-001
  2.0348000e-002  6.9500000e-004  3.9000000e-004  3.6200000e-004  8.1300000e-004  1.0460000e-003  1.0920000e-003  1.2760000e-003  1.9840000e-003  3.0500000e-003  4.9640000e-003  8.0510000e-003  1.2803000e-002  2.1141000e-002  3.4381000e-002  5.4908000e-002  8.7306000e-002  1.4088800e-001
  2.0725000e-002  7.0600000e-004  3.6900000e-004  3.2900000e-004  8.4600000e-004  1.0090000e-003  1.0870000e-003  1.2830000e-003  1.7780000e-003  3.1070000e-003  4.8560000e-003  8.0520000e-003  1.3446000e-002  2.1048000e-002  3.5023000e-002  5.7268000e-002  9.0923000e-002  1.4788900e-001
  2.0163000e-002  6.3200000e-004  4.0000000e-004  3.2200000e-004  7.6000000e-004  9.3700000e-004  9.6900000e-004  1.1500000e-003  1.8090000e-003  3.1450000e-003  5.0630000e-003  8.5000000e-003  1.2761000e-002  2.1140000e-002  3.5021000e-002  5.7661000e-002  9.2236000e-002  1.4696200e-001
  1.9487000e-002  5.9400000e-004  4.0000000e-004  3.2400000e-004  6.9900000e-004  9.1000000e-004  1.0180000e-003  1.2320000e-003  1.9180000e-003  3.0200000e-003  4.7380000e-003  8.0890000e-003  1.2418000e-002  2.0506000e-002  3.3725000e-002  5.5609000e-002  8.9016000e-002  1.4363400e-001
  1.9120000e-002  5.8500000e-004  3.4600000e-004  3.2700000e-004  6.8600000e-004  9.7900000e-004  9.9900000e-004  1.1780000e-003  1.7040000e-003  2.9510000e-003  4.8510000e-003  8.0070000e-003  1.2513000e-002  2.0528000e-002  3.3480000e-002  5.5094000e-002  8.8899000e-002  1.4264600e-001
  1.8675000e-002  5.9200000e-004  3.5400000e-004  3.0500000e-004  6.8100000e-004  8.5400000e-004  9.2500000e-004  1.2580000e-003  1.7160000e-003  3.0440000e-003  4.9480000e-003  8.0160000e-003  1.2765000e-002  2.0688000e-002  3.3508000e-002  5.5007000e-002  8.8162000e-002  1.4300900e-001
  1.7130000e-002  5.6500000e-004  3.3900000e-004  3.2000000e-004  6.9000000e-004  8.7700000e-004  9.2500000e-004  1.2020000e-003  1.8050000e-003  2.9230000e-003  4.9710000e-003  8.2820000e-003  1.3189000e-002  2.1158000e-002  3.3413000e-002  5.4857000e-002  8.8323000e-002  1.4151000e-001
  1.5728000e-002  5.4900000e-004  3.8400000e-004  2.6500000e-004  5.8200000e-004  8.7900000e-004  9.4400000e-004  1.2120000e-003  1.9420000e-003  2.9830000e-003  4.8860000e-003  8.1390000e-003  1.3410000e-002  2.1390000e-002  3.3098000e-002  5.4123000e-002  8.8480000e-002  1.4126600e-001
  1.5996000e-002  5.7600000e-004  4.0700000e-004  2.9800000e-004  6.0200000e-004  9.1500000e-004  9.4200000e-004  1.1770000e-003  1.7690000e-003  3.0940000e-003  5.2310000e-003  8.6450000e-003  1.3943000e-002  2.1231000e-002  3.4894000e-002  5.7578000e-002  9.3299000e-002  1.5189100e-001
  1.4982000e-002  5.5000000e-004  3.6100000e-004  2.6600000e-004  6.4700000e-004  8.4600000e-004  9.4500000e-004  1.2690000e-003  1.7490000e-003  2.8920000e-003  4.9830000e-003  8.3000000e-003  1.3790000e-002  2.0845000e-002  3.3680000e-002  5.4513000e-002  8.9966000e-002  1.4336900e-001
  1.5033000e-002  4.9500000e-004  3.1400000e-004  2.8000000e-004  6.2600000e-004  7.8600000e-004  8.7800000e-004  1.2180000e-003  1.7730000e-003  2.9030000e-003  5.0340000e-003  8.2130000e-003  1.3146000e-002  2.0968000e-002  3.4290000e-002  5.4475000e-002  9.0185000e-002  1.4402700e-001
  1.4444000e-002  4.9400000e-004  3.3900000e-004  3.0000000e-004  6.0900000e-004  7.8400000e-004  9.7300000e-004  1.1870000e-003  1.8570000e-003  3.0100000e-003  5.2540000e-003  8.4960000e-003  1.3676000e-002  2.1620000e-002  3.5897000e-002  5.5398000e-002  9.1218000e-002  1.4635000e-001
  1.4214000e-002  4.7700000e-004  2.9400000e-004  2.3500000e-004  5.9200000e-004  7.1200000e-004  8.8800000e-004  1.1960000e-003  1.8590000e-003  2.9270000e-003  5.1510000e-003  8.4810000e-003  1.3609000e-002  2.2370000e-002  3.3593000e-002  5.3743000e-002  8.8892000e-002  1.4371200e-001
  1.2535000e-002  4.5500000e-004  2.9200000e-004  2.6200000e-004  5.8600000e-004  7.5900000e-004  8.7400000e-004  1.1410000e-003  1.7840000e-003  3.0630000e-003  4.9930000e-003  8.4010000e-003  1.3321000e-002  2.1881000e-002  3.2443000e-002  5.4497000e-002  8.8239000e-002  1.4164200e-001
  1.2280000e-002  5.1400000e-004  2.9900000e-004  2.2600000e-004  5.7700000e-004  7.6700000e-004  8.9500000e-004  1.1430000e-003  1.7910000e-003  3.1220000e-003  4.9690000e-003  8.3070000e-003  1.3571000e-002  2.1745000e-002  3.3332000e-002  5.4822000e-002  8.7867000e-002  1.4254200e-001
  1.2031000e-002  4.4800000e-004  2.7300000e-004  2.4100000e-004  5.9100000e-004  7.2300000e-004  8.2000000e-004  1.0830000e-003  1.7100000e-003  2.9390000e-003  4.9580000e-003  8.2330000e-003  1.3098000e-002  2.0855000e-002  3.2234000e-002  5.2217000e-002  8.3822000e-002  1.3550600e-001
  1.1200000e-002  4.3900000e-004  2.6700000e-004  2.3400000e-004  5.4700000e-004  7.5700000e-004  7.4000000e-004  1.1140000e-003  1.8010000e-003  2.9920000e-003  4.9270000e-003  7.9870000e-003  1.2992000e-002  2.0711000e-002  3.2303000e-002  5.2495000e-002  8.1196000e-002  1.3107800e-001
  9.8980000e-003  4.3600000e-004  2.5800000e-004  2.3900000e-004  5.0200000e-004  7.9200000e-004  7.8300000e-004  1.1120000e-003  1.6860000e-003  2.9500000e-003  5.0400000e-003  7.9690000e-003  1.3037000e-002  2.0550000e-002  3.3428000e-002  5.0956000e-002  8.1834000e-002  1.3368000e-001
  1.1004000e-002  4.1200000e-004  2.5200000e-004  2.1100000e-004  5.7000000e-004  8.3600000e-004  8.3700000e-004  1.1890000e-003  1.9220000e-003  3.1720000e-003  5.3710000e-003  8.4110000e-003  1.3439000e-002  2.1206000e-002  3.3243000e-002  4.9936000e-002  8.2876000e-002  1.3033300e-001
  1.0442000e-002  4.3400000e-004  2.2600000e-004  2.3800000e-004  6.2300000e-004  7.9800000e-004  8.7500000e-004  1.1510000e-003  1.7740000e-003  2.9900000e-003  5.1750000e-003  7.8670000e-003  1.2848000e-002  1.9804000e-002  3.1506000e-002  4.6939000e-002  7.9312000e-002  1.2684000e-001
  9.6570000e-003  4.1000000e-004  2.3900000e-004  2.3900000e-004  5.9200000e-004  8.4100000e-004  8.7200000e-004  1.1620000e-003  1.7870000e-003  2.9930000e-003  4.9190000e-003  7.7210000e-003  1.2465000e-002  1.9488000e-002  3.0437000e-002  4.4837000e-002  7.7880000e-002  1.1979600e-001
  8.5200000e-003  3.9200000e-004  2.1800000e-004  2.1900000e-004  5.9400000e-004  8.3300000e-004  8.3200000e-004  1.1050000e-003  1.6890000e-003  2.6730000e-003  4.6290000e-003  7.1500000e-003  1.1907000e-002  1.8549000e-002  2.8665000e-002  4.5399000e-002  7.6363000e-002  1.1948100e-001
  7.4840000e-003  4.7200000e-004  2.4200000e-004  2.4100000e-004  5.7500000e-004  8.2700000e-004  8.7000000e-004  1.0610000e-003  1.6080000e-003  2.7100000e-003  4.5690000e-003  7.2430000e-003  1.1337000e-002  1.8190000e-002  2.8010000e-002  4.5507000e-002  7.1492000e-002  1.1977300e-001
  7.3350000e-003  3.6300000e-004  2.4900000e-004  2.1800000e-004  6.2400000e-004  7.4200000e-004  8.0300000e-004  1.0630000e-003  1.6580000e-003  2.6940000e-003  4.4210000e-003  7.2930000e-003  1.1149000e-002  1.7940000e-002  2.8025000e-002  4.4867000e-002  6.9666000e-002  1.2200100e-001
  5.8890000e-003  3.5600000e-004  2.0800000e-004  1.8000000e-004  5.3800000e-004  6.5300000e-004  7.6100000e-004  9.8100000e-004  1.5480000e-003  2.5010000e-003  4.2950000e-003  7.1190000e-003  1.0679000e-002  1.7454000e-002  2.6605000e-002  4.3050000e-002  6.5827000e-002  1.1736400e-001
