
   1950        0     0.060265     0.075711     0.068195
   1950      14     0.002278     0.002723     0.002505
   1950      59     0.000705     0.000878     0.000793
   1950     1014    0.000683     0.000959     0.000823
   1950     1519    0.001052     0.001726     0.001393
   1950     2024    0.001467     0.002265     0.001868
   1950     2529    0.001711     0.002633     0.002161
   1950     3034    0.001942     0.002710     0.002319
   1950     3539    0.002566     0.003236     0.002896
   1950     4044    0.003369     0.004785     0.004065
   1950     4549    0.004837     0.007092     0.005940
   1950     5054    0.006841     0.012127     0.009295
   1950     5559    0.011121     0.018698     0.014529
   1950     6064    0.018175     0.029812     0.023289
   1950     6569    0.030925     0.044011     0.036635
   1950     7074    0.054531     0.069978     0.061193
   1950     7579    0.091946     0.104040     0.097087
   1950     8084    0.149248     0.168071     0.157048
   1950     8589    0.225083     0.255616     0.236796
   1950     9094    0.319766     0.368531     0.336808
   1950     9599    0.457144     0.495034     0.469189
   1950    100104   0.668349     0.962312     0.736403
   1950    105109   0.535714     1.111111     0.722892
   1950    110        0            0            0     
   1951        0     0.052505     0.065392     0.059133
   1951      14     0.002354     0.002660     0.002511
   1951      59     0.000579     0.000867     0.000725
   1951     1014    0.000506     0.000796     0.000653
   1951     1519    0.000848     0.001509     0.001182
   1951     2024    0.001243     0.002170     0.001712
   1951     2529    0.001424     0.002233     0.001822
   1951     3034    0.001808     0.002662     0.002226
   1951     3539    0.002327     0.003027     0.002670
   1951     4044    0.003073     0.004412     0.003733
   1951     4549    0.004564     0.007204     0.005856
   1951     5054    0.007033     0.012160     0.009446
   1951     5559    0.010618     0.019259     0.014489
   1951     6064    0.018252     0.030057     0.023444
   1951     6569    0.030005     0.044738     0.036388
   1951     7074    0.054632     0.069201     0.060858
   1951     7579    0.094234     0.107973     0.100022
   1951     8084    0.150541     0.171167     0.159108
   1951     8589    0.236573     0.270275     0.249432
   1951     9094    0.339919     0.369437     0.350157
   1951     9599    0.489962     0.472616     0.484666
   1951    100104   0.414521     0.544418     0.444203
   1951    105109   0.185022     0.711864     0.293706
   1951    110      0.000000       0          0.000000
   1952        0     0.039305     0.051547     0.045602
   1952      14     0.001960     0.002057     0.002010
   1952      59     0.000536     0.000789     0.000664
   1952     1014    0.000480     0.000648     0.000566
   1952     1519    0.000792     0.001333     0.001065
   1952     2024    0.001047     0.001820     0.001437
   1952     2529    0.001264     0.002091     0.001673
   1952     3034    0.001537     0.002225     0.001873
   1952     3539    0.002263     0.002913     0.002580
   1952     4044    0.002835     0.004025     0.003421
   1952     4549    0.004240     0.006810     0.005498
   1952     5054    0.006603     0.011755     0.009051
   1952     5559    0.010390     0.018268     0.013919
   1952     6064    0.017026     0.028350     0.021994
   1952     6569    0.029461     0.043403     0.035468
   1952     7074    0.051466     0.067373     0.058216
   1952     7579    0.091241     0.105807     0.097336
   1952     8084    0.150500     0.163817     0.156018
   1952     8589    0.230952     0.262326     0.242903
   1952     9094    0.350648     0.394650     0.366077
   1952     9599    0.471805     0.669814     0.532585
   1952    100104   0.242502     1.098829     0.402343
   1952    105109   0.441718     0.840000     0.494681
   1952    110      0.000000       0          0.000000
   1953        0     0.032004     0.038001     0.035088
   1953      14     0.001829     0.002076     0.001956
   1953      59     0.000440     0.000720     0.000582
   1953     1014    0.000425     0.000740     0.000585
   1953     1519    0.000746     0.001344     0.001048
   1953     2024    0.000899     0.001930     0.001419
   1953     2529    0.001043     0.001804     0.001421
   1953     3034    0.001480     0.002118     0.001791
   1953     3539    0.002013     0.002805     0.002400
   1953     4044    0.002836     0.003920     0.003368
   1953     4549    0.004362     0.006400     0.005360
   1953     5054    0.006441     0.011632     0.008927
   1953     5559    0.010041     0.018439     0.013817
   1953     6064    0.016871     0.029345     0.022327
   1953     6569    0.029882     0.045557     0.036589
   1953     7074    0.053310     0.070703     0.060636
   1953     7579    0.091340     0.112016     0.099916
   1953     8084    0.155813     0.184089     0.167414
   1953     8589    0.243256     0.277870     0.256448
   1953     9094    0.375258     0.418881     0.390154
   1953     9599    0.507241     0.575256     0.527948
   1953    100104   0.656797     0.316289     0.608520
   1953    105109   0.664908     0.000000     0.566292
   1953    110      0.000000       0          0.000000
   1954        0     0.026350     0.034241     0.030405
   1954      14     0.001406     0.001721     0.001568
   1954      59     0.000430     0.000570     0.000502
   1954     1014    0.000370     0.000566     0.000470
   1954     1519    0.000561     0.001381     0.000975
   1954     2024    0.000787     0.001789     0.001293
   1954     2529    0.000929     0.001663     0.001295
   1954     3034    0.001342     0.002163     0.001743
   1954     3539    0.001904     0.002428     0.002159
   1954     4044    0.002667     0.003850     0.003246
   1954     4549    0.004126     0.006240     0.005161
   1954     5054    0.006192     0.011289     0.008646
   1954     5559    0.010046     0.019286     0.014223
   1954     6064    0.016565     0.030096     0.022464
   1954     6569    0.030386     0.048502     0.038084
   1954     7074    0.053546     0.072450     0.061450
   1954     7579    0.094606     0.113944     0.102552
   1954     8084    0.161550     0.183238     0.170356
   1954     8589    0.252829     0.272268     0.260266
   1954     9094    0.366561     0.371428     0.368222
   1954     9599    0.476347     0.549081     0.498465
   1954    100104   0.591660     1.046925     0.669041
   1954    105109   0.678947     1.153846     0.759825
   1954    110      0.000000       0          0.000000
   1955        0     0.023823     0.032262     0.028159
   1955      14     0.001276     0.001475     0.001378
   1955      59     0.000390     0.000682     0.000539
   1955     1014    0.000390     0.000609     0.000501
   1955     1519    0.000505     0.001122     0.000817
   1955     2024    0.000722     0.001647     0.001189
   1955     2529    0.000983     0.001701     0.001342
   1955     3034    0.001291     0.002032     0.001652
   1955     3539    0.001679     0.002279     0.001971
   1955     4044    0.002530     0.003727     0.003115
   1955     4549    0.003800     0.006326     0.005037
   1955     5054    0.006250     0.010976     0.008532
   1955     5559    0.009387     0.018471     0.013529
   1955     6064    0.015439     0.028942     0.021306
   1955     6569    0.028048     0.043700     0.034664
   1955     7074    0.049139     0.066612     0.056385
   1955     7579    0.084556     0.102206     0.091756
   1955     8084    0.136798     0.158594     0.145560
   1955     8589    0.225825     0.252326     0.236032
   1955     9094    0.306582     0.317425     0.310372
   1955     9599    0.439042     0.456332     0.444546
   1955    100104   0.543713     0.000000     0.436685
   1955    105109   0.500000     0.000000     0.417178
   1955    110      0.000000       0          0.000000
   1956        0     0.022892     0.028718     0.025882
   1956      14     0.001158     0.001334     0.001248
   1956      59     0.000383     0.000627     0.000507
   1956     1014    0.000335     0.000561     0.000450
   1956     1519    0.000481     0.001159     0.000824
   1956     2024    0.000732     0.001754     0.001247
   1956     2529    0.000867     0.001578     0.001223
   1956     3034    0.001184     0.001901     0.001534
   1956     3539    0.001686     0.002428     0.002048
   1956     4044    0.002463     0.003467     0.002952
   1956     4549    0.003590     0.005694     0.004619
   1956     5054    0.006001     0.010687     0.008267
   1956     5559    0.009150     0.017886     0.013175
   1956     6064    0.015387     0.028846     0.021211
   1956     6569    0.026594     0.043893     0.033875
   1956     7074    0.047318     0.068115     0.055871
   1956     7579    0.080038     0.105660     0.090375
   1956     8084    0.140612     0.163793     0.149818
   1956     8589    0.223088     0.252879     0.234582
   1956     9094    0.337072     0.388889     0.355161
   1956     9599    0.434464     0.444076     0.437373
   1956    100104   0.722526     1.120795     0.821013
   1956    105109   0.746479     1.021277     0.796154
   1956    110      0.428571       0          0.428571
   1957        0     0.021729     0.028138     0.025020
   1957      14     0.001204     0.001361     0.001285
   1957      59     0.000413     0.000763     0.000592
   1957     1014    0.000380     0.000676     0.000530
   1957     1519    0.000536     0.001399     0.000973
   1957     2024    0.000804     0.001684     0.001248
   1957     2529    0.000827     0.001716     0.001272
   1957     3034    0.001159     0.001934     0.001538
   1957     3539    0.001524     0.002418     0.001959
   1957     4044    0.002453     0.003439     0.002932
   1957     4549    0.003526     0.005798     0.004637
   1957     5054    0.005800     0.010483     0.008066
   1957     5559    0.009449     0.018677     0.013742
   1957     6064    0.015775     0.029547     0.021730
   1957     6569    0.028258     0.045681     0.035561
   1957     7074    0.050151     0.072084     0.059090
   1957     7579    0.087061     0.109276     0.095918
   1957     8084    0.149082     0.171991     0.158083
   1957     8589    0.227836     0.265402     0.242233
   1957     9094    0.360066     0.363998     0.361446
   1957     9599    0.459333     0.474437     0.463991
   1957    100104   1.021801     0.535396     0.901479
   1957    105109   0.911602     0.000000     0.702128
   1957    110      0.545455       0          0.545455
   1958        0     0.020064     0.027036     0.023644
   1958      14     0.001025     0.001221     0.001125
   1958      59     0.000356     0.000566     0.000464
   1958     1014    0.000314     0.000532     0.000425
   1958     1519    0.000522     0.001224     0.000878
   1958     2024    0.000618     0.001664     0.001145
   1958     2529    0.000770     0.001526     0.001149
   1958     3034    0.001016     0.001703     0.001353
   1958     3539    0.001488     0.002319     0.001891
   1958     4044    0.002269     0.003460     0.002847
   1958     4549    0.003513     0.005357     0.004412
   1958     5054    0.005457     0.009704     0.007513
   1958     5559    0.008651     0.017233     0.012674
   1958     6064    0.014537     0.027390     0.020114
   1958     6569    0.026243     0.043970     0.033632
   1958     7074    0.046821     0.067220     0.055059
   1958     7579    0.081611     0.104261     0.090558
   1958     8084    0.136181     0.166784     0.148030
   1958     8589    0.216883     0.252342     0.230264
   1958     9094    0.322023     0.372117     0.339448
   1958     9599    0.448121     0.461672     0.452417
   1958    100104   0.834755     0.619407     0.764233
   1958    105109   0.767677     0.680000     0.738255
   1958    110      0.000000       0          0.000000
   1959        0     0.017472     0.023059     0.020339
   1959      14     0.001136     0.001200     0.001169
   1959      59     0.000336     0.000549     0.000445
   1959     1014    0.000272     0.000492     0.000384
   1959     1519    0.000488     0.001319     0.000910
   1959     2024    0.000501     0.001722     0.001117
   1959     2529    0.000794     0.001630     0.001214
   1959     3034    0.000991     0.001797     0.001388
   1959     3539    0.001360     0.002420     0.001874
   1959     4044    0.002235     0.003453     0.002826
   1959     4549    0.003481     0.005471     0.004449
   1959     5054    0.005635     0.009945     0.007723
   1959     5559    0.008838     0.018053     0.013183
   1959     6064    0.014651     0.028986     0.020906
   1959     6569    0.026293     0.046030     0.034479
   1959     7074    0.047907     0.069487     0.056554
   1959     7579    0.082063     0.106357     0.091557
   1959     8084    0.137752     0.169722     0.149918
   1959     8589    0.226756     0.262470     0.240011
   1959     9094    0.356039     0.396073     0.369819
   1959     9599    0.469907     0.538472     0.491778
   1959    100104   0.386050     0.454716     0.403738
   1959    105109   0.156977     0.680000     0.315789
   1959    110      0.000000       0          0.000000
   1960        0     0.017013     0.023146     0.020164
   1960      14     0.000794     0.001152     0.000977
   1960      59     0.000316     0.000461     0.000390
   1960     1014    0.000264     0.000472     0.000370
   1960     1519    0.000478     0.001182     0.000836
   1960     2024    0.000624     0.001817     0.001226
   1960     2529    0.000779     0.001720     0.001252
   1960     3034    0.000920     0.001837     0.001372
   1960     3539    0.001382     0.002401     0.001876
   1960     4044    0.001950     0.003462     0.002682
   1960     4549    0.003432     0.005564     0.004466
   1960     5054    0.005434     0.009500     0.007404
   1960     5559    0.008724     0.017142     0.012708
   1960     6064    0.013721     0.028261     0.020118
   1960     6569    0.024879     0.043158     0.032426
   1960     7074    0.043736     0.065370     0.052336
   1960     7579    0.076475     0.098986     0.085181
   1960     8084    0.132412     0.162436     0.143686
   1960     8589    0.208246     0.240236     0.219999
   1960     9094    0.294035     0.369555     0.319530
   1960     9599    0.430090     0.579926     0.473775
   1960    100104   0.659224     1.034692     0.749634
   1960    105109   0.350806     0.680000     0.427245
   1960    110      0.000000       0          0.000000
   1961        0     0.016294     0.022995     0.019732
   1961      14     0.000778     0.001159     0.000973
   1961      59     0.000368     0.000622     0.000498
   1961     1014    0.000240     0.000448     0.000346
   1961     1519    0.000474     0.001249     0.000867
   1961     2024    0.000508     0.001634     0.001077
   1961     2529    0.000642     0.001541     0.001094
   1961     3034    0.000941     0.001861     0.001396
   1961     3539    0.001418     0.002376     0.001883
   1961     4044    0.002011     0.003366     0.002667
   1961     4549    0.003458     0.005377     0.004386
   1961     5054    0.005232     0.009187     0.007148
   1961     5559    0.008345     0.016327     0.012131
   1961     6064    0.013599     0.027949     0.019980
   1961     6569    0.023797     0.043905     0.032062
   1961     7074    0.043220     0.066388     0.052376
   1961     7579    0.077118     0.099658     0.085749
   1961     8084    0.130601     0.159871     0.141453
   1961     8589    0.215677     0.242366     0.225378
   1961     9094    0.312994     0.358236     0.328158
   1961     9599    0.369856     0.489737     0.401345
   1961    100104   0.362195     0.888647     0.489751
   1961    105109   0.266667     0.723404     0.345588
   1961    110      0.000000       0          0.000000
   1962        0     0.018655     0.024364     0.021581
   1962      14     0.000881     0.001158     0.001023
   1962      59     0.000369     0.000675     0.000526
   1962     1014    0.000287     0.000443     0.000367
   1962     1519    0.000416     0.001158     0.000793
   1962     2024    0.000550     0.001692     0.001128
   1962     2529    0.000620     0.001637     0.001132
   1962     3034    0.001010     0.001772     0.001388
   1962     3539    0.001519     0.002371     0.001932
   1962     4044    0.001995     0.003350     0.002650
   1962     4549    0.003262     0.005605     0.004394
   1962     5054    0.005188     0.009925     0.007481
   1962     5559    0.008350     0.017490     0.012693
   1962     6064    0.014688     0.029737     0.021454
   1962     6569    0.025277     0.046482     0.033975
   1962     7074    0.046564     0.072655     0.056811
   1962     7579    0.083511     0.115404     0.095577
   1962     8084    0.146824     0.176162     0.157568
   1962     8589    0.233408     0.276895     0.248956
   1962     9094    0.383719     0.413175     0.393524
   1962     9599    0.515407     0.578848     0.531323
   1962    100104   0.366557     0.804451     0.443953
   1962    105109   0.522050     0.871795     0.564854
   1962    110      0.363636       0          0.363636
   1963        0     0.018166     0.023680     0.020992
   1963      14     0.000838     0.001130     0.000988
   1963      59     0.000349     0.000502     0.000427
   1963     1014    0.000269     0.000525     0.000400
   1963     1519    0.000494     0.001173     0.000839
   1963     2024    0.000456     0.001754     0.001114
   1963     2529    0.000732     0.001604     0.001171
   1963     3034    0.000954     0.001923     0.001438
   1963     3539    0.001258     0.002390     0.001809
   1963     4044    0.002116     0.003602     0.002833
   1963     4549    0.003219     0.005614     0.004374
   1963     5054    0.005140     0.009694     0.007340
   1963     5559    0.007841     0.016845     0.012125
   1963     6064    0.013885     0.028980     0.020731
   1963     6569    0.024406     0.045170     0.032949
   1963     7074    0.042799     0.068599     0.052845
   1963     7579    0.076429     0.102516     0.086183
   1963     8084    0.132746     0.160816     0.142929
   1963     8589    0.213065     0.249088     0.225627
   1963     9094    0.310293     0.340682     0.320429
   1963     9599    0.471396     0.473464     0.471964
   1963    100104   0.711207     0.418873     0.657744
   1963    105109   0.684899     0.428571     0.654774
   1963    110      0.473684       0          0.473684
   1964        0     0.016757     0.022461     0.019688
   1964      14     0.000861     0.001067     0.000966
   1964      59     0.000351     0.000534     0.000445
   1964     1014    0.000248     0.000418     0.000335
   1964     1519    0.000453     0.001092     0.000778
   1964     2024    0.000508     0.001737     0.001131
   1964     2529    0.000575     0.001658     0.001119
   1964     3034    0.000950     0.001788     0.001369
   1964     3539    0.001183     0.002441     0.001798
   1964     4044    0.002092     0.003699     0.002867
   1964     4549    0.003137     0.005360     0.004207
   1964     5054    0.005207     0.009108     0.007087
   1964     5559    0.008297     0.016834     0.012363
   1964     6064    0.013961     0.028984     0.020821
   1964     6569    0.024263     0.046159     0.033321
   1964     7074    0.043322     0.069725     0.053521
   1964     7579    0.075364     0.103760     0.085879
   1964     8084    0.131081     0.162470     0.142321
   1964     8589    0.204959     0.236192     0.215661
   1964     9094    0.301976     0.333119     0.312278
   1964     9599    0.404502     0.494161     0.430638
   1964    100104   0.462796     0.331431     0.433256
   1964    105109   0.353726     0.000000     0.296365
   1964    110      0.136364     0.000000     0.127660
   1965        0     0.019950     0.026805     0.023476
   1965      14     0.000783     0.001126     0.000959
   1965      59     0.000372     0.000506     0.000440
   1965     1014    0.000309     0.000460     0.000387
   1965     1519    0.000517     0.001145     0.000838
   1965     2024    0.000521     0.001674     0.001106
   1965     2529    0.000539     0.001546     0.001046
   1965     3034    0.000754     0.001843     0.001299
   1965     3539    0.001298     0.002432     0.001855
   1965     4044    0.002088     0.003809     0.002919
   1965     4549    0.003166     0.005578     0.004326
   1965     5054    0.005259     0.009735     0.007411
   1965     5559    0.008180     0.016534     0.012162
   1965     6064    0.013553     0.028612     0.020458
   1965     6569    0.024487     0.046481     0.033674
   1965     7074    0.043178     0.069731     0.053368
   1965     7579    0.076794     0.102345     0.086176
   1965     8084    0.129335     0.163473     0.141402
   1965     8589    0.206802     0.241136     0.218463
   1965     9094    0.310996     0.344989     0.322134
   1965     9599    0.424896     0.450133     0.432173
   1965    100104   0.526866     0.421206     0.500311
   1965    105109   0.580645     0.421875     0.548866
   1965    110      0.500000     0.000000     0.444444
   1966        0     0.018286     0.025097     0.021784
   1966      14     0.000693     0.001109     0.000907
   1966      59     0.000309     0.000545     0.000429
   1966     1014    0.000298     0.000487     0.000395
   1966     1519    0.000505     0.001191     0.000855
   1966     2024    0.000516     0.001672     0.001102
   1966     2529    0.000633     0.001544     0.001093
   1966     3034    0.000771     0.001900     0.001336
   1966     3539    0.001292     0.002497     0.001886
   1966     4044    0.002025     0.003792     0.002878
   1966     4549    0.002956     0.005502     0.004180
   1966     5054    0.005306     0.009750     0.007437
   1966     5559    0.007940     0.016101     0.011831
   1966     6064    0.013453     0.028838     0.020526
   1966     6569    0.023583     0.046294     0.033173
   1966     7074    0.042591     0.070214     0.053129
   1966     7579    0.075236     0.104793     0.085994
   1966     8084    0.126659     0.159607     0.138139
   1966     8589    0.203481     0.234618     0.213924
   1966     9094    0.300549     0.362719     0.320272
   1966     9599    0.379192     0.528811     0.421928
   1966    100104   0.447622     0.811611     0.536948
   1966    105109   0.362840     0.863636     0.456940
   1966    110      0.210526     0.000000     0.190476
   1967        0     0.018844     0.024174     0.021581
   1967      14     0.000720     0.001095     0.000912
   1967      59     0.000311     0.000450     0.000382
   1967     1014    0.000277     0.000477     0.000379
   1967     1519    0.000479     0.001075     0.000784
   1967     2024    0.000580     0.001661     0.001129
   1967     2529    0.000525     0.001718     0.001127
   1967     3034    0.000821     0.001961     0.001392
   1967     3539    0.001355     0.002445     0.001894
   1967     4044    0.001923     0.004025     0.002939
   1967     4549    0.003196     0.005766     0.004429
   1967     5054    0.005038     0.010213     0.007514
   1967     5559    0.008128     0.016563     0.012147
   1967     6064    0.013471     0.029512     0.020859
   1967     6569    0.024017     0.046984     0.033818
   1967     7074    0.042857     0.070853     0.053503
   1967     7579    0.073886     0.105780     0.085373
   1967     8084    0.128543     0.162934     0.140358
   1967     8589    0.208377     0.249141     0.221893
   1967     9094    0.299585     0.355543     0.316760
   1967     9599    0.426776     0.557650     0.462084
   1967    100104   0.723559     0.943500     0.766532
   1967    105109   0.947368     1.244681     0.990698
   1967    110      0.842105     0.000000     0.800000
   1968        0     0.018436     0.025026     0.021816
   1968      14     0.000640     0.000877     0.000762
   1968      59     0.000277     0.000631     0.000458
   1968     1014    0.000246     0.000472     0.000362
   1968     1519    0.000554     0.001305     0.000938
   1968     2024    0.000551     0.001982     0.001278
   1968     2529    0.000679     0.001816     0.001253
   1968     3034    0.000823     0.002128     0.001477
   1968     3539    0.001285     0.002594     0.001935
   1968     4044    0.001963     0.004114     0.003004
   1968     4549    0.003429     0.006324     0.004817
   1968     5054    0.005231     0.010334     0.007668
   1968     5559    0.008352     0.017578     0.012738
   1968     6064    0.013900     0.030131     0.021383
   1968     6569    0.024174     0.048268     0.034542
   1968     7074    0.043721     0.073391     0.055011
   1968     7579    0.079068     0.110139     0.090115
   1968     8084    0.136771     0.175108     0.149755
   1968     8589    0.218741     0.256350     0.230971
   1968     9094    0.315080     0.361028     0.329096
   1968     9599    0.489980     0.560978     0.509182
   1968    100104   0.573486     0.423654     0.545418
   1968    105109   0.288288     0.000000     0.245524
   1968    110      0.096774     0.000000     0.092308
   1969        0     0.019362     0.025461     0.022493
   1969      14     0.000792     0.000989     0.000893
   1969      59     0.000336     0.000520     0.000431
   1969     1014    0.000241     0.000565     0.000407
   1969     1519    0.000527     0.001468     0.001008
   1969     2024    0.000584     0.001906     0.001256
   1969     2529    0.000680     0.001824     0.001259
   1969     3034    0.000814     0.002152     0.001484
   1969     3539    0.001277     0.002800     0.002035
   1969     4044    0.002129     0.004272     0.003170
   1969     4549    0.003428     0.007197     0.005234
   1969     5054    0.005227     0.011051     0.008001
   1969     5559    0.008725     0.018098     0.013167
   1969     6064    0.014655     0.031580     0.022467
   1969     6569    0.025576     0.052177     0.037082
   1969     7074    0.046156     0.079605     0.058927
   1969     7579    0.078331     0.116370     0.091679
   1969     8084    0.131142     0.168674     0.143677
   1969     8589    0.212073     0.248016     0.223481
   1969     9094    0.310976     0.364643     0.327116
   1969     9599    0.441479     0.454230     0.445070
   1969    100104   0.520949     0.744081     0.566152
   1969    105109   0.346875     0.750000     0.406915
   1969    110      0.225000     0.000000     0.209302
   1970        0     0.018087     0.023584     0.020908
   1970      14     0.000686     0.000902     0.000797
   1970      59     0.000302     0.000474     0.000390
   1970     1014    0.000296     0.000481     0.000391
   1970     1519    0.000561     0.001254     0.000915
   1970     2024    0.000531     0.001752     0.001153
   1970     2529    0.000646     0.001763     0.001211
   1970     3034    0.000879     0.002237     0.001561
   1970     3539    0.001365     0.002866     0.002112
   1970     4044    0.002013     0.004255     0.003107
   1970     4549    0.003452     0.007110     0.005204
   1970     5054    0.005496     0.011428     0.008316
   1970     5559    0.008724     0.018430     0.013307
   1970     6064    0.014844     0.030895     0.022254
   1970     6569    0.025680     0.051645     0.036926
   1970     7074    0.046303     0.079248     0.058967
   1970     7579    0.081650     0.119739     0.094846
   1970     8084    0.135984     0.174446     0.148639
   1970     8589    0.220693     0.256863     0.231972
   1970     9094    0.336142     0.354139     0.341521
   1970     9599    0.450954     0.468121     0.455708
   1970    100104   0.365657     0.771121     0.432483
   1970    105109   0.219210     0.535714     0.256117
   1970    110      0.168224     0.000000     0.159292
   1971        0     0.017283     0.024478     0.020966
   1971      14     0.000684     0.000967     0.000829
   1971      59     0.000364     0.000468     0.000418
   1971     1014    0.000250     0.000515     0.000386
   1971     1519    0.000459     0.001247     0.000862
   1971     2024    0.000544     0.001588     0.001076
   1971     2529    0.000595     0.001679     0.001143
   1971     3034    0.000817     0.002051     0.001437
   1971     3539    0.001257     0.002817     0.002034
   1971     4044    0.002006     0.004389     0.003173
   1971     4549    0.003523     0.007355     0.005358
   1971     5054    0.005279     0.010895     0.007947
   1971     5559    0.008688     0.018041     0.013089
   1971     6064    0.014090     0.030726     0.021764
   1971     6569    0.025638     0.050662     0.036501
   1971     7074    0.044376     0.078967     0.057797
   1971     7579    0.078625     0.116641     0.091666
   1971     8084    0.132872     0.171160     0.145292
   1971     8589    0.206001     0.257881     0.221838
   1971     9094    0.311895     0.354942     0.324609
   1971     9599    0.432566     0.467201     0.442085
   1971    100104   0.470267     0.468266     0.469841
   1971    105109   0.629132     0.186207     0.571429
   1971    110      0.500000     0.000000     0.468085
   1972        0     0.017593     0.022967     0.020348
   1972      14     0.000588     0.000798     0.000695
   1972      59     0.000318     0.000459     0.000390
   1972     1014    0.000265     0.000454     0.000362
   1972     1519    0.000472     0.001139     0.000813
   1972     2024    0.000482     0.001588     0.001046
   1972     2529    0.000547     0.001623     0.001092
   1972     3034    0.000717     0.001829     0.001276
   1972     3539    0.001217     0.002756     0.001984
   1972     4044    0.002016     0.004117     0.003050
   1972     4549    0.003523     0.006530     0.004964
   1972     5054    0.005377     0.011016     0.008051
   1972     5559    0.008341     0.017851     0.012803
   1972     6064    0.014256     0.029200     0.021141
   1972     6569    0.023801     0.048123     0.034381
   1972     7074    0.042965     0.073486     0.054908
   1972     7579    0.075435     0.110287     0.087306
   1972     8084    0.128818     0.166608     0.140888
   1972     8589    0.203228     0.248986     0.216922
   1972     9094    0.302714     0.351337     0.316754
   1972     9599    0.420276     0.424902     0.421523
   1972    100104   0.340641     0.390948     0.353208
   1972    105109   0.439402     0.454545     0.441970
   1972    110      0.363636     0.000000     0.333333
   1973        0     0.016651     0.024569     0.020725
   1973      14     0.000616     0.000792     0.000706
   1973      59     0.000243     0.000489     0.000369
   1973     1014    0.000221     0.000432     0.000329
   1973     1519    0.000460     0.001214     0.000846
   1973     2024    0.000487     0.001511     0.001009
   1973     2529    0.000590     0.001571     0.001087
   1973     3034    0.000783     0.001775     0.001283
   1973     3539    0.001061     0.002497     0.001778
   1973     4044    0.001989     0.004252     0.003107
   1973     4549    0.003287     0.006554     0.004856
   1973     5054    0.005143     0.011287     0.008052
   1973     5559    0.008767     0.018764     0.013446
   1973     6064    0.014005     0.029318     0.021048
   1973     6569    0.024164     0.049083     0.035023
   1973     7074    0.044266     0.077224     0.057268
   1973     7579    0.076741     0.118526     0.090923
   1973     8084    0.135609     0.174789     0.147889
   1973     8589    0.213032     0.261320     0.227182
   1973     9094    0.313895     0.379139     0.332242
   1973     9599    0.431197     0.424619     0.429454
   1973    100104   0.426892     0.467764     0.438579
   1973    105109   0.275773     0.229008     0.267181
   1973    110      0.216867     0.000000     0.195652
   1974        0     0.017551     0.022631     0.020163
   1974      14     0.000561     0.000699     0.000632
   1974      59     0.000296     0.000499     0.000400
   1974     1014    0.000204     0.000434     0.000322
   1974     1519    0.000443     0.001062     0.000760
   1974     2024    0.000431     0.001425     0.000937
   1974     2529    0.000563     0.001363     0.000969
   1974     3034    0.000721     0.001571     0.001150
   1974     3539    0.001115     0.002507     0.001809
   1974     4044    0.002130     0.004180     0.003145
   1974     4549    0.003307     0.006949     0.005063
   1974     5054    0.005523     0.011814     0.008500
   1974     5559    0.008296     0.017863     0.012761
   1974     6064    0.013993     0.029580     0.021140
   1974     6569    0.024255     0.048912     0.035021
   1974     7074    0.044551     0.077612     0.057661
   1974     7579    0.078091     0.119728     0.092236
   1974     8084    0.134841     0.174093     0.146962
   1974     8589    0.218109     0.265915     0.231835
   1974     9094    0.319998     0.368463     0.333093
   1974     9599    0.427541     0.465664     0.437580
   1974    100104   0.514451     0.549306     0.524973
   1974    105109   0.473165     0.330124     0.443162
   1974    110      0.456853     0.000000     0.396476
   1975        0     0.016823     0.022028     0.019487
   1975      14     0.000497     0.000686     0.000594
   1975      59     0.000295     0.000500     0.000400
   1975     1014    0.000213     0.000430     0.000324
   1975     1519    0.000403     0.000983     0.000699
   1975     2024    0.000435     0.001366     0.000910
   1975     2529    0.000555     0.001467     0.001018
   1975     3034    0.000803     0.001654     0.001232
   1975     3539    0.001110     0.002727     0.001918
   1975     4044    0.001863     0.004199     0.003020
   1975     4549    0.003038     0.006546     0.004738
   1975     5054    0.005228     0.011278     0.008089
   1975     5559    0.007985     0.017500     0.012418
   1975     6064    0.013295     0.029076     0.020506
   1975     6569    0.023437     0.046983     0.033725
   1975     7074    0.042714     0.075136     0.055609
   1975     7579    0.076303     0.113449     0.089016
   1975     8084    0.129575     0.175865     0.143634
   1975     8589    0.210241     0.265090     0.225722
   1975     9094    0.321499     0.370272     0.334238
   1975     9599    0.427088     0.419082     0.424958
   1975    100104   0.361519     0.243902     0.327900
   1975    105109   0.316699     0.403846     0.336780
   1975    110      0.278481     0.285714     0.279570
   1976        0     0.016058     0.022049     0.019120
   1976      14     0.000497     0.000668     0.000585
   1976      59     0.000250     0.000438     0.000346
   1976     1014    0.000221     0.000429     0.000327
   1976     1519    0.000388     0.000971     0.000686
   1976     2024    0.000463     0.001476     0.000979
   1976     2529    0.000565     0.001419     0.000999
   1976     3034    0.000684     0.001663     0.001178
   1976     3539    0.000938     0.002467     0.001704
   1976     4044    0.001863     0.004057     0.002951
   1976     4549    0.003097     0.006703     0.004851
   1976     5054    0.004918     0.011450     0.008007
   1976     5559    0.007988     0.017708     0.012513
   1976     6064    0.013875     0.028491     0.020528
   1976     6569    0.023311     0.046588     0.033480
   1976     7074    0.041439     0.075677     0.055094
   1976     7579    0.074626     0.115930     0.088899
   1976     8084    0.128291     0.176545     0.142646
   1976     8589    0.212930     0.261249     0.226336
   1976     9094    0.335103     0.386431     0.348110
   1976     9599    0.431791     0.456466     0.438194
   1976    100104   0.408810     0.443322     0.418937
   1976    105109   0.442297     0.584817     0.474728
   1976    110      0.402827     0.360000     0.396396
   1977        0     0.015203     0.021987     0.018675
   1977      14     0.000563     0.000620     0.000592
   1977      59     0.000294     0.000412     0.000354
   1977     1014    0.000216     0.000389     0.000305
   1977     1519    0.000393     0.000955     0.000681
   1977     2024    0.000476     0.001218     0.000854
   1977     2529    0.000530     0.001307     0.000925
   1977     3034    0.000701     0.001805     0.001258
   1977     3539    0.001126     0.002302     0.001716
   1977     4044    0.001909     0.004196     0.003044
   1977     4549    0.003014     0.006975     0.004948
   1977     5054    0.004942     0.011437     0.008016
   1977     5559    0.008058     0.018193     0.012765
   1977     6064    0.013627     0.029190     0.020688
   1977     6569    0.023007     0.047044     0.033508
   1977     7074    0.041915     0.074688     0.055007
   1977     7579    0.074302     0.114073     0.088162
   1977     8084    0.131080     0.171617     0.143009
   1977     8589    0.209850     0.256380     0.222512
   1977     9094    0.321382     0.374751     0.334599
   1977     9599    0.456042     0.500386     0.466951
   1977    100104   0.326110     0.445308     0.356541
   1977    105109   0.285849     0.579763     0.346262
   1977    110      0.256881     0.500000     0.288000
   1978        0     0.014145     0.019976     0.017130
   1978      14     0.000501     0.000626     0.000565
   1978      59     0.000281     0.000395     0.000339
   1978     1014    0.000249     0.000388     0.000320
   1978     1519    0.000426     0.000942     0.000690
   1978     2024    0.000480     0.001260     0.000877
   1978     2529    0.000511     0.001326     0.000925
   1978     3034    0.000629     0.001763     0.001202
   1978     3539    0.001131     0.002473     0.001805
   1978     4044    0.001748     0.004115     0.002923
   1978     4549    0.003030     0.006992     0.004971
   1978     5054    0.005255     0.011641     0.008282
   1978     5559    0.008196     0.018969     0.013189
   1978     6064    0.013883     0.029963     0.021158
   1978     6569    0.023858     0.045760     0.033413
   1978     7074    0.042324     0.073587     0.054857
   1978     7579    0.073830     0.115146     0.088323
   1978     8084    0.128893     0.171851     0.141510
   1978     8589    0.205744     0.246163     0.216509
   1978     9094    0.312589     0.353535     0.322636
   1978     9599    0.429886     0.487638     0.443478
   1978    100104   0.361877     0.424454     0.376549
   1978    105109   0.280060     0.639566     0.341637
   1978    110      0.252336     0.500000     0.277311
   1979        0     0.013308     0.018028     0.015728
   1979      14     0.000472     0.000622     0.000549
   1979      59     0.000288     0.000477     0.000384
   1979     1014    0.000163     0.000362     0.000265
   1979     1519    0.000353     0.000799     0.000582
   1979     2024    0.000465     0.001277     0.000879
   1979     2529    0.000552     0.001325     0.000944
   1979     3034    0.000756     0.001657     0.001212
   1979     3539    0.001174     0.002700     0.001942
   1979     4044    0.001864     0.004117     0.002983
   1979     4549    0.003080     0.006757     0.004886
   1979     5054    0.005148     0.011430     0.008139
   1979     5559    0.008380     0.019251     0.013410
   1979     6064    0.014133     0.030224     0.021390
   1979     6569    0.023241     0.045893     0.033098
   1979     7074    0.041469     0.072915     0.054123
   1979     7579    0.074431     0.114312     0.088480
   1979     8084    0.127633     0.174103     0.141266
   1979     8589    0.206184     0.253150     0.218516
   1979     9094    0.315281     0.351836     0.324118
   1979     9599    0.427521     0.441600     0.430681
   1979    100104   0.681762     0.542975     0.649148
   1979    105109   0.939472     0.855385     0.925840
   1979    110      0.877698     0.782609     0.868251
   1980        0     0.013320     0.018526     0.015996
   1980      14     0.000517     0.000631     0.000576
   1980      59     0.000313     0.000497     0.000407
   1980     1014    0.000271     0.000324     0.000298
   1980     1519    0.000325     0.000865     0.000602
   1980     2024    0.000394     0.001417     0.000915
   1980     2529    0.000508     0.001364     0.000942
   1980     3034    0.000671     0.001671     0.001177
   1980     3539    0.001034     0.002495     0.001769
   1980     4044    0.001951     0.004250     0.003094
   1980     4549    0.003092     0.007444     0.005231
   1980     5054    0.005182     0.012425     0.008645
   1980     5559    0.008706     0.020041     0.013943
   1980     6064    0.014082     0.029958     0.021231
   1980     6569    0.024971     0.047860     0.034894
   1980     7074    0.044448     0.077019     0.057578
   1980     7579    0.079180     0.119122     0.093299
   1980     8084    0.136808     0.188284     0.151891
   1980     8589    0.221521     0.265562     0.232916
   1980     9094    0.342579     0.400800     0.356296
   1980     9599    0.486542     0.475604     0.484072
   1980    100104   0.489582     0.353180     0.452478
   1980    105109   0.467453     0.335797     0.441741
   1980    110      0.427300     0.285714     0.411609
   1981        0     0.012478     0.017355     0.014982
   1981      14     0.000502     0.000597     0.000550
   1981      59     0.000249     0.000468     0.000361
   1981     1014    0.000200     0.000328     0.000266
   1981     1519    0.000342     0.000938     0.000647
   1981     2024    0.000494     0.001184     0.000846
   1981     2529    0.000520     0.001359     0.000945
   1981     3034    0.000726     0.001798     0.001269
   1981     3539    0.000934     0.002554     0.001749
   1981     4044    0.001647     0.004146     0.002892
   1981     4549    0.003184     0.006840     0.004983
   1981     5054    0.005125     0.011742     0.008300
   1981     5559    0.008440     0.020019     0.013790
   1981     6064    0.013735     0.029543     0.020845
   1981     6569    0.023717     0.046804     0.033680
   1981     7074    0.041800     0.073290     0.054513
   1981     7579    0.075481     0.116233     0.089966
   1981     8084    0.130027     0.175216     0.143369
   1981     8589    0.206411     0.265033     0.221177
   1981     9094    0.312016     0.344041     0.319531
   1981     9599    0.410802     0.512376     0.432718
   1981    100104   0.593989     0.593674     0.593906
   1981    105109   0.550815     0.798799     0.601726
   1981    110      0.488372     0.638298     0.506394
   1982        0     0.011951     0.017976     0.015033
   1982      14     0.000400     0.000586     0.000495
   1982      59     0.000264     0.000362     0.000314
   1982     1014    0.000223     0.000335     0.000280
   1982     1519    0.000410     0.000832     0.000626
   1982     2024    0.000409     0.001147     0.000786
   1982     2529    0.000474     0.001269     0.000878
   1982     3034    0.000682     0.001741     0.001218
   1982     3539    0.001091     0.002445     0.001773
   1982     4044    0.001748     0.004062     0.002903
   1982     4549    0.003334     0.006786     0.005034
   1982     5054    0.004892     0.011788     0.008213
   1982     5559    0.007896     0.019249     0.013146
   1982     6064    0.013795     0.029792     0.020968
   1982     6569    0.024404     0.047426     0.034290
   1982     7074    0.042038     0.072821     0.054475
   1982     7579    0.075286     0.117013     0.090185
   1982     8084    0.128987     0.179444     0.144027
   1982     8589    0.207170     0.251525     0.218106
   1982     9094    0.317261     0.385960     0.333048
   1982     9599    0.411840     0.499286     0.429922
   1982    100104   0.596880     0.496228     0.572340
   1982    105109   0.509297     0.715990     0.547373
   1982    110      0.467066     0.615385     0.482574
   1983        0     0.011644     0.017108     0.014444
   1983      14     0.000470     0.000517     0.000494
   1983      59     0.000271     0.000405     0.000339
   1983     1014    0.000213     0.000382     0.000300
   1983     1519    0.000393     0.000815     0.000609
   1983     2024    0.000367     0.001183     0.000784
   1983     2529    0.000536     0.001396     0.000973
   1983     3034    0.000650     0.001712     0.001187
   1983     3539    0.001108     0.002595     0.001857
   1983     4044    0.001753     0.004269     0.003010
   1983     4549    0.003167     0.007405     0.005254
   1983     5054    0.005105     0.012121     0.008496
   1983     5559    0.008280     0.019928     0.013676
   1983     6064    0.014092     0.030938     0.021620
   1983     6569    0.025160     0.050267     0.035897
   1983     7074    0.042920     0.073838     0.055398
   1983     7579    0.076922     0.116751     0.091218
   1983     8084    0.132513     0.178521     0.146350
   1983     8589    0.216407     0.261936     0.227580
   1983     9094    0.326837     0.375575     0.337649
   1983     9599    0.463947     0.480907     0.467351
   1983    100104   0.579967     0.431798     0.541925
   1983    105109   0.467912     0.501211     0.473999
   1983    110      0.419825     0.307692     0.408377
   1984        0     0.011949     0.016365     0.014214
   1984      14     0.000420     0.000530     0.000477
   1984      59     0.000211     0.000373     0.000294
   1984     1014    0.000203     0.000264     0.000235
   1984     1519    0.000369     0.000805     0.000592
   1984     2024    0.000366     0.001042     0.000712
   1984     2529    0.000557     0.001209     0.000888
   1984     3034    0.000681     0.001699     0.001196
   1984     3539    0.001076     0.002630     0.001859
   1984     4044    0.001730     0.004122     0.002927
   1984     4549    0.002938     0.007432     0.005151
   1984     5054    0.005000     0.012190     0.008481
   1984     5559    0.008304     0.019712     0.013609
   1984     6064    0.014745     0.031857     0.022370
   1984     6569    0.024117     0.046336     0.033593
   1984     7074    0.040779     0.072990     0.053743
   1984     7579    0.075087     0.113368     0.088892
   1984     8084    0.129859     0.175461     0.143712
   1984     8589    0.209738     0.252995     0.220376
   1984     9094    0.318929     0.379359     0.331976
   1984     9599    0.453744     0.440003     0.451114
   1984    100104   0.600324     0.533910     0.583208
   1984    105109   0.506812     0.540601     0.513460
   1984    110      0.457627     0.382979     0.448878
   1985        0     0.010982     0.014013     0.012535
   1985      14     0.000406     0.000502     0.000455
   1985      59     0.000268     0.000316     0.000292
   1985     1014    0.000153     0.000366     0.000262
   1985     1519    0.000329     0.000832     0.000586
   1985     2024    0.000361     0.001140     0.000759
   1985     2529    0.000458     0.001276     0.000874
   1985     3034    0.000594     0.001675     0.001141
   1985     3539    0.001053     0.002502     0.001784
   1985     4044    0.001712     0.004412     0.003063
   1985     4549    0.002826     0.007220     0.004993
   1985     5054    0.005027     0.011989     0.008401
   1985     5559    0.008058     0.019321     0.013321
   1985     6064    0.013815     0.031955     0.021881
   1985     6569    0.022870     0.045319     0.032443
   1985     7074    0.041656     0.073707     0.054497
   1985     7579    0.074240     0.112969     0.088239
   1985     8084    0.127467     0.173839     0.141642
   1985     8589    0.212911     0.257582     0.224005
   1985     9094    0.312751     0.343093     0.319207
   1985     9599    0.435007     0.503625     0.447715
   1985    100104   0.886333     0.959859     0.902614
   1985    105109   0.935354     1.461422     1.031121
   1985    110      0.897010     1.312500     0.936937
   1986        0     0.010425     0.014042     0.012280
   1986      14     0.000416     0.000607     0.000514
   1986      59     0.000221     0.000372     0.000299
   1986     1014    0.000165     0.000284     0.000226
   1986     1519    0.000307     0.000836     0.000577
   1986     2024    0.000387     0.001131     0.000767
   1986     2529    0.000474     0.001301     0.000895
   1986     3034    0.000753     0.001523     0.001143
   1986     3539    0.001065     0.002504     0.001791
   1986     4044    0.001976     0.004268     0.003122
   1986     4549    0.002914     0.007073     0.004969
   1986     5054    0.004819     0.012012     0.008307
   1986     5559    0.008206     0.019645     0.013571
   1986     6064    0.013756     0.031734     0.021745
   1986     6569    0.023416     0.046697     0.033332
   1986     7074    0.042902     0.072820     0.054822
   1986     7579    0.073587     0.113030     0.087867
   1986     8084    0.127767     0.175827     0.142542
   1986     8589    0.213430     0.257769     0.224463
   1986     9094    0.316347     0.370813     0.327859
   1986     9599    0.481686     0.490222     0.483245
   1986    100104   0.517599     0.807410     0.578103
   1986    105109   0.295492     0.642857     0.338214
   1986    110      0.229008     0.000000     0.218978
   1987        0     0.010256     0.013712     0.012031
   1987      14     0.000373     0.000519     0.000448
   1987      59     0.000207     0.000337     0.000273
   1987     1014    0.000163     0.000316     0.000241
   1987     1519    0.000347     0.000823     0.000591
   1987     2024    0.000337     0.001092     0.000723
   1987     2529    0.000426     0.001200     0.000820
   1987     3034    0.000627     0.001527     0.001083
   1987     3539    0.000975     0.002432     0.001710
   1987     4044    0.001641     0.004235     0.002939
   1987     4549    0.002926     0.007032     0.004958
   1987     5054    0.004845     0.011825     0.008233
   1987     5559    0.008010     0.018819     0.013098
   1987     6064    0.012908     0.030780     0.020855
   1987     6569    0.022622     0.045271     0.032234
   1987     7074    0.040356     0.070262     0.052217
   1987     7579    0.069380     0.109232     0.083822
   1987     8084    0.122777     0.163877     0.135506
   1987     8589    0.199394     0.246136     0.211117
   1987     9094    0.303412     0.337036     0.310483
   1987     9599    0.413242     0.420311     0.414593
   1987    100104   0.585942     0.663143     0.598518
   1987    105109   0.250435     0.679245     0.293141
   1987    110      0.201835     0.000000     0.194690
   1988        0     0.010138     0.012210     0.011200
   1988      14     0.000405     0.000470     0.000439
   1988      59     0.000207     0.000324     0.000267
   1988     1014    0.000144     0.000320     0.000234
   1988     1519    0.000339     0.000746     0.000547
   1988     2024    0.000382     0.001115     0.000757
   1988     2529    0.000408     0.001059     0.000740
   1988     3034    0.000618     0.001598     0.001114
   1988     3539    0.001005     0.002585     0.001801
   1988     4044    0.001881     0.004100     0.002992
   1988     4549    0.002745     0.007148     0.004927
   1988     5054    0.004715     0.011455     0.007987
   1988     5559    0.007825     0.018764     0.012992
   1988     6064    0.013137     0.030135     0.020711
   1988     6569    0.022255     0.046043     0.032303
   1988     7074    0.039946     0.071706     0.052495
   1988     7579    0.068113     0.104218     0.081196
   1988     8084    0.118606     0.158479     0.131078
   1988     8589    0.192245     0.243040     0.205053
   1988     9094    0.290223     0.337817     0.300246
   1988     9599    0.407672     0.436821     0.413415
   1988    100104   0.552585     0.833064     0.602259
   1988    105109   0.305710     0.774194     0.341094
   1988    110      0.241814     0.428571     0.248175
   1989        0     0.008067     0.011650     0.009898
   1989      14     0.000355     0.000513     0.000436
   1989      59     0.000203     0.000310     0.000258
   1989     1014    0.000180     0.000296     0.000239
   1989     1519    0.000271     0.000722     0.000502
   1989     2024    0.000381     0.001185     0.000792
   1989     2529    0.000403     0.001148     0.000783
   1989     3034    0.000655     0.001558     0.001112
   1989     3539    0.000989     0.002372     0.001686
   1989     4044    0.001774     0.004120     0.002950
   1989     4549    0.003013     0.007100     0.005040
   1989     5054    0.004760     0.011368     0.007969
   1989     5559    0.007815     0.018853     0.013037
   1989     6064    0.012758     0.030157     0.020550
   1989     6569    0.023010     0.047787     0.033428
   1989     7074    0.039647     0.068321     0.050956
   1989     7579    0.068878     0.104660     0.081834
   1989     8084    0.119832     0.163753     0.133680
   1989     8589    0.197928     0.250511     0.211308
   1989     9094    0.317583     0.352926     0.325009
   1989     9599    0.432775     0.520646     0.449152
   1989    100104   0.487027     0.466356     0.484059
   1989    105109   0.177523     0.000000     0.164456
   1989    110      0.143426     0.000000     0.138462
   1990        0     0.009227     0.012699     0.011004
   1990      14     0.000375     0.000448     0.000412
   1990      59     0.000187     0.000314     0.000252
   1990     1014    0.000165     0.000254     0.000211
   1990     1519    0.000402     0.000731     0.000570
   1990     2024    0.000383     0.001268     0.000836
   1990     2529    0.000397     0.001259     0.000837
   1990     3034    0.000720     0.001646     0.001189
   1990     3539    0.001042     0.002790     0.001922
   1990     4044    0.001777     0.004559     0.003172
   1990     4549    0.002914     0.007869     0.005371
   1990     5054    0.004471     0.012570     0.008411
   1990     5559    0.007857     0.019652     0.013439
   1990     6064    0.012908     0.031349     0.021206
   1990     6569    0.022635     0.047950     0.033243
   1990     7074    0.038115     0.068061     0.049936
   1990     7579    0.068295     0.108721     0.082876
   1990     8084    0.115510     0.162510     0.130333
   1990     8589    0.194839     0.248852     0.208715
   1990     9094    0.302118     0.344867     0.311062
   1990     9599    0.437480     0.473095     0.443653
   1990    100104   0.424310     0.423098     0.424122
   1990    105109   0.245176     0.461538     0.262774
   1990    110      0.206250     0.230769     0.207207
   1991        0     0.009144     0.011672     0.010442
   1991      14     0.000359     0.000505     0.000434
   1991      59     0.000185     0.000266     0.000226
   1991     1014    0.000163     0.000310     0.000238
   1991     1519    0.000387     0.000848     0.000623
   1991     2024    0.000420     0.001159     0.000798
   1991     2529    0.000432     0.001301     0.000875
   1991     3034    0.000665     0.001622     0.001151
   1991     3539    0.001025     0.002512     0.001774
   1991     4044    0.001799     0.004174     0.002990
   1991     4549    0.003018     0.007370     0.005175
   1991     5054    0.004544     0.011364     0.007867
   1991     5559    0.007654     0.018622     0.012848
   1991     6064    0.012180     0.029062     0.019804
   1991     6569    0.021565     0.045309     0.031506
   1991     7074    0.035621     0.064326     0.046939
   1991     7579    0.065023     0.104905     0.079312
   1991     8084    0.112383     0.158296     0.126840
   1991     8589    0.189936     0.239188     0.202692
   1991     9094    0.304569     0.355859     0.315308
   1991     9599    0.437352     0.530214     0.452820
   1991    100104   0.424718     0.613844     0.452527
   1991    105109   0.237062     0.271304     0.239863
   1991    110      0.210000     0.000000     0.201681
   1992        0     0.008411     0.010832     0.009657
   1992      14     0.000400     0.000419     0.000410
   1992      59     0.000209     0.000267     0.000239
   1992     1014    0.000179     0.000296     0.000239
   1992     1519    0.000311     0.000861     0.000592
   1992     2024    0.000414     0.001250     0.000841
   1992     2529    0.000495     0.001233     0.000872
   1992     3034    0.000630     0.001677     0.001162
   1992     3539    0.001037     0.002524     0.001787
   1992     4044    0.001623     0.004355     0.002993
   1992     4549    0.002802     0.007072     0.004919
   1992     5054    0.004393     0.011214     0.007721
   1992     5559    0.007392     0.018090     0.012465
   1992     6064    0.012027     0.028480     0.019488
   1992     6569    0.020425     0.044301     0.030437
   1992     7074    0.033580     0.062266     0.044837
   1992     7579    0.064021     0.102909     0.077880
   1992     8084    0.106716     0.148143     0.119796
   1992     8589    0.179086     0.231525     0.192784
   1992     9094    0.284996     0.336889     0.295804
   1992     9599    0.393242     0.454541     0.403589
   1992    100104   0.374355     0.659762     0.414094
   1992    105109   0.378423     0.712681     0.404571
   1992    110      0.343784     0.514286     0.350000
   1993        0     0.007245     0.009727     0.008520
   1993      14     0.000336     0.000446     0.000392
   1993      59     0.000162     0.000272     0.000218
   1993     1014    0.000174     0.000262     0.000219
   1993     1519    0.000317     0.000858     0.000594
   1993     2024    0.000419     0.001227     0.000833
   1993     2529    0.000464     0.001185     0.000832
   1993     3034    0.000601     0.001591     0.001105
   1993     3539    0.001057     0.002310     0.001689
   1993     4044    0.001594     0.003747     0.002673
   1993     4549    0.002767     0.006518     0.004629
   1993     5054    0.004112     0.010326     0.007150
   1993     5559    0.006921     0.017428     0.011907
   1993     6064    0.011798     0.026622     0.018549
   1993     6569    0.020130     0.040407     0.028665
   1993     7074    0.034263     0.062803     0.045399
   1993     7579    0.065172     0.096665     0.076363
   1993     8084    0.106595     0.147252     0.119481
   1993     8589    0.181560     0.222187     0.192286
   1993     9094    0.292053     0.337921     0.301606
   1993     9599    0.416401     0.468290     0.425157
   1993    100104   0.490147     0.354362     0.472602
   1993    105109   0.379315     0.347962     0.376926
   1993    110      0.344896     0.171429     0.339080
   1994        0     0.006548     0.008373     0.007484
   1994      14     0.000419     0.000522     0.000472
   1994      59     0.000207     0.000275     0.000242
   1994     1014    0.000188     0.000291     0.000241
   1994     1519    0.000314     0.000825     0.000575
   1994     2024    0.000413     0.001222     0.000827
   1994     2529    0.000417     0.001303     0.000870
   1994     3034    0.000569     0.001534     0.001061
   1994     3539    0.000927     0.002275     0.001608
   1994     4044    0.001643     0.003771     0.002710
   1994     4549    0.002636     0.006525     0.004569
   1994     5054    0.004096     0.010526     0.007243
   1994     5559    0.006591     0.016585     0.011337
   1994     6064    0.011542     0.026097     0.018190
   1994     6569    0.019509     0.039549     0.028010
   1994     7074    0.034488     0.062838     0.045507
   1994     7579    0.060320     0.091656     0.071492
   1994     8084    0.109144     0.142564     0.119773
   1994     8589    0.182165     0.218500     0.191914
   1994     9094    0.289791     0.340020     0.300334
   1994     9599    0.420990     0.445365     0.425284
   1994    100104   0.408026     0.540596     0.427141
   1994    105109   0.298437     0.527197     0.316341
   1994    110      0.260177     0.409091     0.265758
   1995        0     0.006130     0.008477     0.007335
   1995      14     0.000335     0.000390     0.000363
   1995      59     0.000231     0.000266     0.000249
   1995     1014    0.000198     0.000237     0.000218
   1995     1519    0.000370     0.000867     0.000624
   1995     2024    0.000363     0.001104     0.000742
   1995     2529    0.000392     0.001196     0.000803
   1995     3034    0.000592     0.001517     0.001063
   1995     3539    0.000981     0.002319     0.001658
   1995     4044    0.001629     0.003753     0.002694
   1995     4549    0.002632     0.006226     0.004421
   1995     5054    0.004372     0.010339     0.007293
   1995     5559    0.006896     0.015828     0.011149
   1995     6064    0.011367     0.025729     0.017940
   1995     6569    0.019410     0.039566     0.028025
   1995     7074    0.033683     0.062522     0.044867
   1995     7579    0.058497     0.089633     0.069666
   1995     8084    0.109426     0.148905     0.122001
   1995     8589    0.180584     0.222844     0.192053
   1995     9094    0.288649     0.316592     0.294670
   1995     9599    0.433191     0.466696     0.439111
   1995    100104   0.438482     0.407817     0.434445
   1995    105109   0.332873     0.383142     0.336735
   1995    110      0.306363     0.266667     0.305008
   1996        0     0.005688     0.006080     0.005889
   1996      14     0.000337     0.000375     0.000356
   1996      59     0.000166     0.000249     0.000208
   1996     1014    0.000133     0.000225     0.000180
   1996     1519    0.000261     0.000802     0.000538
   1996     2024    0.000364     0.000929     0.000653
   1996     2529    0.000343     0.001161     0.000761
   1996     3034    0.000543     0.001403     0.000981
   1996     3539    0.000885     0.002194     0.001548
   1996     4044    0.001464     0.003530     0.002501
   1996     4549    0.002536     0.006067     0.004295
   1996     5054    0.004003     0.010366     0.007119
   1996     5559    0.006218     0.015560     0.010679
   1996     6064    0.010652     0.025480     0.017454
   1996     6569    0.018092     0.037885     0.026605
   1996     7074    0.032890     0.059055     0.043050
   1996     7579    0.055544     0.084191     0.065827
   1996     8084    0.106049     0.141556     0.117364
   1996     8589    0.166759     0.207179     0.177788
   1996     9094    0.277129     0.309673     0.284271
   1996     9599    0.402064     0.410453     0.403548
   1996    100104   0.422384     0.474448     0.429625
   1996    105109   0.487442     0.321091     0.472525
   1996    110      0.469962     0.200000     0.458182
   1997        0     0.005426     0.006330     0.005890
   1997      14     0.000347     0.000398     0.000373
   1997      59     0.000180     0.000205     0.000193
   1997     1014    0.000135     0.000251     0.000195
   1997     1519    0.000284     0.000767     0.000531
   1997     2024    0.000329     0.001170     0.000759
   1997     2529    0.000350     0.001099     0.000733
   1997     3034    0.000599     0.001319     0.000966
   1997     3539    0.000980     0.002085     0.001541
   1997     4044    0.001573     0.003767     0.002675
   1997     4549    0.002543     0.006074     0.004302
   1997     5054    0.003949     0.010135     0.006981
   1997     5559    0.006305     0.015200     0.010562
   1997     6064    0.010444     0.024782     0.017034
   1997     6569    0.017594     0.037593     0.026244
   1997     7074    0.032313     0.057179     0.042022
   1997     7579    0.053327     0.084305     0.064401
   1997     8084    0.105860     0.142477     0.117526
   1997     8589    0.170484     0.201065     0.178917
   1997     9094    0.279674     0.310743     0.286628
   1997     9599    0.398195     0.477528     0.412137
   1997    100104   0.477008     0.534507     0.485323
   1997    105109   0.468045     0.692537     0.489655
   1997    110      0.476113     0.562500     0.480370
   1998        0     0.004631     0.005808     0.005236
   1998      14     0.000244     0.000300     0.000273
   1998      59     0.000131     0.000211     0.000172
   1998     1014    0.000174     0.000219     0.000197
   1998     1519    0.000309     0.000712     0.000515
   1998     2024    0.000324     0.000966     0.000652
   1998     2529    0.000299     0.001092     0.000704
   1998     3034    0.000405     0.001231     0.000827
   1998     3539    0.000799     0.001881     0.001349
   1998     4044    0.001432     0.003491     0.002467
   1998     4549    0.002350     0.005686     0.004012
   1998     5054    0.003772     0.009578     0.006621
   1998     5559    0.006206     0.014676     0.010269
   1998     6064    0.009963     0.022751     0.015850
   1998     6569    0.017003     0.035715     0.025141
   1998     7074    0.030287     0.054842     0.039948
   1998     7579    0.052570     0.085063     0.064128
   1998     8084    0.101307     0.137250     0.112758
   1998     8589    0.171097     0.202798     0.179960
   1998     9094    0.261499     0.299923     0.270237
   1998     9599    0.405137     0.394422     0.403211
   1998    100104   0.390190     0.681669     0.435012
   1998    105109   0.429959     0.887218     0.465143
   1998    110      0.496916     0.734694     0.506757
   1999        0     0.004403     0.004805     0.004609
   1999      14     0.000209     0.000308     0.000260
   1999      59     0.000188     0.000194     0.000191
   1999     1014    0.000135     0.000233     0.000185
   1999     1519    0.000262     0.000712     0.000492
   1999     2024    0.000321     0.001049     0.000692
   1999     2529    0.000331     0.001061     0.000704
   1999     3034    0.000443     0.001338     0.000900
   1999     3539    0.000769     0.001819     0.001303
   1999     4044    0.001328     0.003207     0.002274
   1999     4549    0.002368     0.005604     0.003981
   1999     5054    0.003814     0.009028     0.006377
   1999     5559    0.005948     0.014749     0.010177
   1999     6064    0.009760     0.023138     0.015929
   1999     6569    0.016886     0.033890     0.024313
   1999     7074    0.029824     0.053161     0.039098
   1999     7579    0.053675     0.084432     0.064575
   1999     8084    0.096393     0.128803     0.106744
   1999     8589    0.175900     0.210625     0.185667
   1999     9094    0.273576     0.298625     0.279451
   1999     9599    0.410656     0.432857     0.414806
   1999    100104   0.560637     0.478532     0.549433
   1999    105109   0.445431     0.473214     0.447194
   1999    110      0.647482     0.285714     0.632512
   2000        0     0.003584     0.004748     0.004183
   2000      14     0.000262     0.000286     0.000274
   2000      59     0.000133     0.000210     0.000173
   2000     1014    0.000173     0.000220     0.000197
   2000     1519    0.000312     0.000685     0.000503
   2000     2024    0.000341     0.001023     0.000689
   2000     2529    0.000330     0.001010     0.000677
   2000     3034    0.000448     0.001246     0.000855
   2000     3539    0.000733     0.001782     0.001267
   2000     4044    0.001376     0.003260     0.002327
   2000     4549    0.002480     0.005588     0.004030
   2000     5054    0.003866     0.009123     0.006455
   2000     5559    0.005921     0.014090     0.009849
   2000     6064    0.009214     0.022169     0.015208
   2000     6569    0.016237     0.034277     0.024145
   2000     7074    0.028253     0.051646     0.037643
   2000     7579    0.051959     0.081274     0.062355
   2000     8084    0.089434     0.125446     0.101015
   2000     8589    0.181759     0.220994     0.192811
   2000     9094    0.263730     0.301211     0.272698
   2000     9599    0.395837     0.419128     0.400269
   2000    100104   0.446243     0.553733     0.462543
   2000    105109   0.389699     0.962457     0.419806
   2000    110      0.842407     0.857143     0.843111
   2001        0     0.003395     0.004572     0.004001
   2001      14     0.000224     0.000283     0.000254
   2001      59     0.000119     0.000155     0.000138
   2001     1014    0.000139     0.000184     0.000162
   2001     1519    0.000285     0.000648     0.000471
   2001     2024    0.000318     0.001089     0.000712
   2001     2529    0.000354     0.000963     0.000665
   2001     3034    0.000450     0.001167     0.000817
   2001     3539    0.000760     0.001694     0.001236
   2001     4044    0.001465     0.003143     0.002314
   2001     4549    0.002347     0.005260     0.003802
   2001     5054    0.003786     0.008691     0.006206
   2001     5559    0.005949     0.013918     0.009785
   2001     6064    0.009018     0.020661     0.014428
   2001     6569    0.015720     0.032468     0.023094
   2001     7074    0.027737     0.049664     0.036617
   2001     7579    0.051997     0.078636     0.061494
   2001     8084    0.086842     0.117411     0.096699
   2001     8589    0.171168     0.211068     0.182385
   2001     9094    0.255840     0.302567     0.267067
   2001     9599    0.379288     0.386330     0.380666
   2001    100104   0.407194     0.415112     0.408373
   2001    105109   0.350177     1.401460     0.385348
   2001    110      1.403118     2.250000     1.432258
