  1.7591332e+005  7.0492488e+005  8.0515326e+005  6.0825772e+005  5.7167593e+005  6.7647165e+005  7.2794720e+005  5.7275772e+005  5.6619846e+005  7.3464159e+005  6.8598707e+005  6.1293391e+005  4.8576213e+005  3.8262883e+005  3.0896277e+005  2.2387771e+005  1.3960007e+005  6.6923010e+004
  1.7098378e+005  6.9592895e+005  8.4139078e+005  6.4616627e+005  5.5731642e+005  6.6168678e+005  7.1222536e+005  6.5374208e+005  4.8717167e+005  7.3161755e+005  6.9203313e+005  6.3014390e+005  5.0383569e+005  3.8912985e+005  3.1334802e+005  2.2824417e+005  1.4168361e+005  6.8481690e+004
  1.6627977e+005  6.9009419e+005  8.6138316e+005  6.8768194e+005  5.5396261e+005  6.4352371e+005  6.9737171e+005  7.0984911e+005  4.3349551e+005  7.2298053e+005  7.0091961e+005  6.4291655e+005  5.2164252e+005  3.9889457e+005  3.1715707e+005  2.3113355e+005  1.4410892e+005  7.0092085e+004
  1.6333055e+005  6.8201810e+005  8.7994257e+005  7.2002754e+005  5.6456925e+005  6.2001530e+005  6.8769383e+005  7.2812020e+005  4.3576471e+005  6.9119952e+005  7.1182044e+005  6.4937677e+005  5.4017370e+005  4.1254521e+005  3.2044346e+005  2.3534985e+005  1.4678992e+005  7.1913475e+004
  1.6064937e+005  6.6975632e+005  8.8718139e+005  7.5779117e+005  5.8592772e+005  5.9483920e+005  6.7874763e+005  7.2604233e+005  4.8787770e+005  6.3012653e+005  7.1795780e+005  6.5471649e+005  5.5916713e+005  4.2773576e+005  3.2591657e+005  2.4043490e+005  1.4979481e+005  7.3775665e+004
  1.5582825e+005  6.5621377e+005  8.7621970e+005  8.0691555e+005  6.1324971e+005  5.7460059e+005  6.6825001e+005  7.1370342e+005  5.6312239e+005  5.5553072e+005  7.1735210e+005  6.6112215e+005  5.7796011e+005  4.4385409e+005  3.3170634e+005  2.4424350e+005  1.5332650e+005  7.4999185e+004
  1.4573116e+005  6.4254628e+005  8.6279159e+005  8.4271363e+005  6.5037847e+005  5.6153333e+005  6.5604303e+005  6.9766014e+005  6.4290369e+005  4.7806570e+005  7.1465601e+005  6.6767474e+005  5.9474220e+005  4.6074783e+005  3.3787330e+005  2.4812633e+005  1.5663663e+005  7.6587380e+004
  1.3317729e+005  6.2269717e+005  8.5369113e+005  8.6208373e+005  6.9112732e+005  5.5880609e+005  6.4009295e+005  6.8310064e+005  6.9832540e+005  4.2537500e+005  7.0644788e+005  6.7700723e+005  6.0743626e+005  4.7757409e+005  3.4704200e+005  2.5205919e+005  1.5968347e+005  7.8622840e+004
  1.2737867e+005  5.9340315e+005  8.4385269e+005  8.8039651e+005  7.2260506e+005  5.6936011e+005  6.1891552e+005  6.7410681e+005  7.1633381e+005  4.2760423e+005  6.7538626e+005  6.8812905e+005  6.1420480e+005  4.9482923e+005  3.5959290e+005  2.5557699e+005  1.6366471e+005  8.0311270e+004
  1.2783702e+005  5.6117859e+005  8.2893826e+005  8.8702589e+005  7.5890071e+005  5.8938010e+005  5.9506945e+005  6.6749040e+005  7.1337579e+005  4.7881469e+005  6.1558457e+005  6.9445470e+005  6.2026796e+005  5.1251513e+005  3.7355707e+005  2.6097827e+005  1.6775566e+005  8.2144060e+004
  1.2979907e+005  5.3285380e+005  8.1051132e+005  8.7497199e+005  8.0612725e+005  6.1421209e+005  5.7438702e+005  6.5969356e+005  7.0012386e+005  5.5285626e+005  5.4264618e+005  6.9419235e+005  6.2704048e+005  5.3004492e+005  3.8801467e+005  2.6609745e+005  1.7055829e+005  8.4236210e+004
  1.3874765e+005  5.1646081e+005  7.8636207e+005  8.6066606e+005  8.4056554e+005  6.4834219e+005  5.6025923e+005  6.4826693e+005  6.8449725e+005  6.3134103e+005  4.6690358e+005  6.9170858e+005  6.3371801e+005  5.4551257e+005  4.0272550e+005  2.7142517e+005  1.7355094e+005  8.6329070e+004
  1.4903440e+005  5.2150406e+005  7.5337688e+005  8.5101356e+005  8.5833744e+005  6.8697979e+005  5.5568667e+005  6.3194128e+005  6.7091507e+005  6.8671422e+005  4.1503001e+005  6.8351534e+005  6.4297907e+005  5.5749333e+005  4.1714154e+005  2.7953065e+005  1.7689283e+005  8.8654775e+004
  1.4805694e+005  5.4243962e+005  7.1737909e+005  8.4062578e+005  8.7520164e+005  7.1621740e+005  5.6406593e+005  6.1048572e+005  6.6266859e+005  7.0443270e+005  4.1698303e+005  6.5377835e+005  6.5382365e+005  5.6357373e+005  4.3228289e+005  2.9005747e+005  1.7966579e+005  9.1210155e+004
  1.4129031e+005  5.6242307e+005  6.8458232e+005  8.2539909e+005  8.8145712e+005  7.5060504e+005  5.8302990e+005  5.8671150e+005  6.5636746e+005  7.0086001e+005  4.6719584e+005  5.9593995e+005  6.5995392e+005  5.6917559e+005  4.4741452e+005  3.0104064e+005  1.8349953e+005  9.3724915e+004
  1.3701021e+005  5.7321538e+005  6.5931001e+005  8.0633289e+005  8.7010769e+005  7.9749261e+005  6.0752207e+005  5.6595483e+005  6.4877590e+005  6.8738461e+005  5.3977584e+005  5.2452133e+005  6.6004319e+005  5.7598556e+005  4.6225163e+005  3.1235304e+005  1.8758548e+005  9.5973410e+004
  1.3531955e+005  5.7102741e+005  6.5212039e+005  7.8206616e+005  8.5614345e+005  8.3253361e+005  6.4064055e+005  5.5256351e+005  6.3718653e+005  6.7143728e+005  6.1631675e+005  4.5081830e+005  6.5754526e+005  5.8228786e+005  4.7544232e+005  3.2385610e+005  1.9130280e+005  9.7621395e+004
  1.3756992e+005  5.5757337e+005  6.6665751e+005  7.4953588e+005  8.4615546e+005  8.5036231e+005  6.7924752e+005  5.4851158e+005  6.2056909e+005  6.5778565e+005  6.7090478e+005  3.9997265e+005  6.4836483e+005  5.9052766e+005  4.8487804e+005  3.3386680e+005  1.9617815e+005  9.8987175e+004
  1.4208984e+005  5.4724539e+005  6.8668154e+005  7.1356703e+005  8.3592222e+005  8.6677839e+005  7.0833454e+005  5.5676620e+005  5.9984880e+005  6.4917828e+005  6.8763530e+005  4.0127157e+005  6.1955397e+005  5.9972887e+005  4.8817710e+005  3.4454825e+005  2.0258935e+005  9.9906910e+004
  1.4768242e+005  5.4880194e+005  6.9924688e+005  6.8146755e+005  8.2139485e+005  8.7360527e+005  7.4179921e+005  5.7613934e+005  5.7724230e+005  6.4315240e+005  6.8309348e+005  4.4994055e+005  5.6459554e+005  6.0457902e+005  4.9160264e+005  3.5546667e+005  2.0833272e+005  1.0159432e+005
  1.5609171e+005  5.6077785e+005  7.0489561e+005  6.5754690e+005  8.0284326e+005  8.6342869e+005  7.8862679e+005  6.0084709e+005  5.5737093e+005  6.3641518e+005  6.7016557e+005  5.2049336e+005  4.9630854e+005  6.0450418e+005  4.9792591e+005  3.6627454e+005  2.1481545e+005  1.0381269e+005
  1.6964916e+005  5.8204271e+005  7.0179224e+005  6.5060623e+005  7.7913313e+005  8.5072578e+005  8.2431938e+005  6.3371659e+005  5.4511403e+005  6.2566483e+005  6.5508821e+005  5.9442971e+005  4.2660564e+005  6.0256951e+005  5.0413107e+005  3.7635515e+005  2.2335483e+005  1.0570590e+005
  1.8464435e+005  6.1433930e+005  6.9201752e+005  6.6441380e+005  7.4753013e+005  8.4195623e+005  8.4302070e+005  6.7221673e+005  5.4217457e+005  6.0983103e+005  6.4286322e+005  6.4773526e+005  3.7882575e+005  5.9443257e+005  5.1202261e+005  3.8373994e+005  2.3087934e+005  1.0838265e+005
  1.8953820e+005  6.5678045e+005  6.8762269e+005  6.8415283e+005  7.1216147e+005  8.3323661e+005  8.5935105e+005  7.0199138e+005  5.5098365e+005  5.9042601e+005  6.3536613e+005  6.6439146e+005  3.8098615e+005  5.6875596e+005  5.2105028e+005  3.8738279e+005  2.3884122e+005  1.1241985e+005
  1.8627130e+005  6.9787626e+005  6.9623906e+005  6.9656050e+005  6.8034593e+005  8.1937951e+005  8.6691908e+005  7.3534180e+005  5.7053746e+005  5.6867406e+005  6.2997613e+005  6.6013582e+005  4.2770778e+005  5.1905399e+005  5.2637685e+005  3.9161534e+005  2.4714750e+005  1.1672725e+005
  1.8152236e+005  7.2756273e+005  7.1706777e+005  7.0222802e+005  6.5648786e+005  8.0091929e+005  8.5834273e+005  7.8109425e+005  5.9501585e+005  5.4926965e+005  6.2309464e+005  6.4817475e+005  4.9449180e+005  4.5613659e+005  5.2726605e+005  3.9789129e+005  2.5483409e+005  1.2085460e+005
  1.7739716e+005  7.3948060e+005  7.5175873e+005  6.9962736e+005  6.4908171e+005  7.7723692e+005  8.4681767e+005  8.1677394e+005  6.2725388e+005  5.3750472e+005  6.1219499e+005  6.3362754e+005  5.6380261e+005  3.9227185e+005  5.2630944e+005  4.0372623e+005  2.6216265e+005  1.2528194e+005
  1.7262061e+005  7.3253158e+005  7.9858564e+005  6.9067448e+005  6.6206281e+005  7.4552354e+005  8.3906125e+005  8.3597547e+005  6.6484167e+005  5.3472207e+005  5.9646113e+005  6.2203901e+005  6.1401160e+005  3.4869930e+005  5.1963714e+005  4.1092638e+005  2.6792609e+005  1.2959855e+005
  1.6139659e+005  7.1571032e+005  8.4468817e+005  6.8724683e+005  6.8137400e+005  7.1006827e+005  8.3099102e+005  8.5199002e+005  6.9456750e+005  5.4356789e+005  5.7737354e+005  6.1465119e+005  6.2952587e+005  3.5088971e+005  4.9701213e+005  4.1815688e+005  2.7042327e+005  1.3340238e+005
  1.4801507e+005  6.9031113e+005  8.8161800e+005  6.9654084e+005  6.9384007e+005  6.7815726e+005  8.1670282e+005  8.5989971e+005  7.2780715e+005  5.6285615e+005  5.5632956e+005  6.0913847e+005  6.2484302e+005  3.9374479e+005  4.5318980e+005  4.2213382e+005  2.7274053e+005  1.3714113e+005
  1.4116421e+005  6.5591924e+005  9.0658737e+005  7.1711832e+005  7.0009415e+005  6.5404698e+005  7.9753945e+005  8.5197498e+005  7.7281426e+005  5.8702496e+005  5.3778009e+005  6.0248758e+005  6.1400724e+005  4.5455648e+005  3.9764601e+005  4.2340565e+005  2.7688022e+005  1.4176098e+005
  1.3776175e+005  6.1956888e+005  9.1369958e+005  7.5121557e+005  6.9794655e+005  6.4698900e+005  7.7312417e+005  8.4045158e+005  8.0770551e+005  6.1920526e+005  5.2643631e+005  5.9213798e+005  6.0054709e+005  5.1771808e+005  3.4101565e+005  4.2321335e+005  2.8091240e+005  1.4588083e+005
  1.3543869e+005  5.8527817e+005  9.0119096e+005  7.9730546e+005  6.8910178e+005  6.6033825e+005  7.4101750e+005  8.3218497e+005  8.2668347e+005  6.5605343e+005  5.2394482e+005  5.7738800e+005  5.8964040e+005  5.6222700e+005  3.0351742e+005  4.1871658e+005  2.8636790e+005  1.4897664e+005
  1.3471883e+005  5.6004214e+005  8.7229802e+005  8.4334346e+005  6.8569414e+005  6.7953221e+005  7.0599604e+005  8.2322529e+005  8.4315161e+005  6.8489369e+005  5.3290020e+005  5.5882538e+005  5.8310455e+005  5.7633921e+005  3.0686226e+005  4.0049732e+005  2.9319077e+005  1.5110185e+005
  1.3305232e+005  5.4685864e+005  8.3371164e+005  8.8013138e+005  6.9440738e+005  6.9203174e+005  6.7501084e+005  8.0872391e+005  8.5091171e+005  7.1774383e+005  5.5158363e+005  5.3827969e+005  5.7815559e+005  5.7285607e+005  3.4515051e+005  3.6403716e+005  2.9753055e+005  1.5374362e+005
  1.3069002e+005  5.3848770e+005  7.9346813e+005  9.0400610e+005  7.1462012e+005  6.9865919e+005  6.5097482e+005  7.9060926e+005  8.4226557e+005  7.6218022e+005  5.7517690e+005  5.2059397e+005  5.7177993e+005  5.6323187e+005  3.9824210e+005  3.1898460e+005  2.9925496e+005  1.5740167e+005
  1.3026045e+005  5.3117017e+005  7.5404914e+005  9.1034247e+005  7.4905591e+005  6.9626417e+005  6.4473609e+005  7.6696326e+005  8.3072132e+005  7.9545739e+005  6.0723441e+005  5.0945062e+005  5.6239980e+005  5.5166864e+005  4.5326030e+005  2.7377730e+005  3.0105546e+005  1.6150995e+005
  1.2900116e+005  5.2541714e+005  7.1738962e+005  8.9817722e+005  7.9515808e+005  6.8661192e+005  6.5908590e+005  7.3535279e+005  8.2270248e+005  8.1366085e+005  6.4277671e+005  5.0725647e+005  5.4889825e+005  5.4216111e+005  4.9103666e+005  2.4537377e+005  3.0037516e+005  1.6658444e+005
  1.2776794e+005  5.1930426e+005  6.9106648e+005  8.6869117e+005  8.4156489e+005  6.8306331e+005  6.7770205e+005  7.0136057e+005  8.1359188e+005  8.3077149e+005  6.6985694e+005  5.1609563e+005  5.3084283e+005  5.3659540e+005  5.0340829e+005  2.5032015e+005  2.8782632e+005  1.7181543e+005
  1.2828094e+005  5.1413839e+005  6.7629407e+005  8.3031432e+005  8.7843348e+005  6.9157201e+005  6.9027298e+005  6.7176768e+005  7.9978114e+005  8.3879786e+005  7.0228480e+005  5.3396300e+005  5.1102876e+005  5.3245896e+005  5.0196351e+005  2.8294906e+005  2.6102248e+005  1.7583391e+005
  1.2439068e+005  5.1216227e+005  6.6637333e+005  7.9191470e+005  9.0175105e+005  7.1199880e+005  6.9761796e+005  6.4872526e+005  7.8365436e+005  8.3063958e+005  7.4666372e+005  5.5713364e+005  4.9483281e+005  5.2711984e+005  4.9459917e+005  3.2751207e+005  2.2868260e+005  1.7883222e+005
  1.2039426e+005  5.0740165e+005  6.5906239e+005  7.5365200e+005  9.0816090e+005  7.4703853e+005  6.9574347e+005  6.4355443e+005  7.6193403e+005  8.2038438e+005  7.7988786e+005  5.8893685e+005  4.8474558e+005  5.1920548e+005  4.8614614e+005  3.7322990e+005  1.9672623e+005  1.8165472e+005
  1.1298461e+005  4.9984991e+005  6.5265079e+005  7.1793520e+005  8.9684892e+005  7.9322022e+005  6.8652080e+005  6.5900989e+005  7.3189514e+005  8.1401917e+005  7.9889180e+005  6.2404373e+005  4.8339528e+005  5.0774871e+005  4.7948908e+005  4.0490044e+005  1.7911015e+005  1.8217026e+005
  1.0071053e+005  4.8494903e+005  6.4738223e+005  6.9249725e+005  8.6874505e+005  8.3924480e+005  6.8371274e+005  6.7794719e+005  6.9963745e+005  8.0651448e+005  8.1761852e+005  6.5100996e+005  4.9292698e+005  4.9219819e+005  4.7635227e+005  4.1660778e+005  1.8657928e+005  1.7454729e+005
  9.2752795e+004  4.5755221e+005  6.4370633e+005  6.7825343e+005  8.3126129e+005  8.7615152e+005  6.9231545e+005  6.9096245e+005  6.7100988e+005  7.9404790e+005  8.2669229e+005  6.8369757e+005  5.1090716e+005  4.7505495e+005  4.7440489e+005  4.1786314e+005  2.1341431e+005  1.5787228e+005
