1950       0         84558.00     88472.00    173030.00
1950       14      346111.00    360742.00    706853.00
1950       59      349919.00    362316.00    712235.00
1950      1014     269795.00    278014.00    547809.00
1950      1519     314084.00    322696.00    636780.00
1950      2024     351289.00    349105.00    700394.00
1950      2529     379747.00    359955.00    739702.00
1950      3034     213116.00    205476.00    418592.00
1950      3539     366184.00    356885.00    723069.00
1950      4044     370025.00    357221.00    727246.00
1950      4549     348057.00    332970.00    681027.00
1950      5054     305821.00    260999.00    566820.00
1950      5559     245245.00    201182.00    446427.00
1950      6064     209957.00    164217.00    374174.00
1950      6569     167998.00    130932.00    298930.00
1950      7074     122351.00     93700.00    216051.00
1950      7579      78394.00     58332.00    136726.00
1950      8084      36564.89     25824.30     62389.19
1950      8589      12261.17      7588.18     19849.35
1950      9094       2494.80      1359.66      3854.46
1950      9599        229.05       109.18       338.23
1950     100104        10.68         4.66        15.34
1950     105109         0.25         0.15         0.40
1950     110            0.00         0.00         0.00
1951       0         86304.55     91155.92    177460.47
1951       14      351724.85    366428.97    718153.82
1951       59      359319.99    371528.85    730848.84
1951      1014     280646.62    287290.42    567937.04
1951      1519     299690.84    306686.80    606377.64
1951      2024     344079.99    353902.45    697982.44
1951      2529     378954.37    363859.86    742814.23
1951      3034     234760.48    225536.73    460297.21
1951      3539     346142.45    332809.66    678952.11
1951      4044     373356.90    362549.60    735906.50
1951      4549     345345.81    330903.00    676248.81
1951      5054     310455.45    273080.27    583535.72
1951      5559     253836.91    206720.37    460557.28
1951      6064     209196.42    164470.58    373667.00
1951      6569     170448.01    131092.79    301540.80
1951      7074     124456.61     93378.46    217835.07
1951      7579      79161.26     58145.15    137306.41
1951      8084      37900.90     26858.35     64759.25
1951      8589      12582.98      7805.23     20388.21
1951      9094       2679.73      1396.27      4076.00
1951      9599        243.74       110.32       354.06
1951     100104        12.67         3.56        16.23
1951     105109         0.29         0.10         0.39
1951     110            0.00         0.00         0.00
1952       0         86585.03     91358.36    177943.39
1952       14      347424.60    363478.91    710903.51
1952       59      383843.29    396586.60    780429.89
1952      1014     292313.33    300449.15    592762.48
1952      1519     287483.97    293684.44    581168.41
1952      2024     338266.33    344750.84    683017.17
1952      2529     372383.93    362566.33    734950.26
1952      3034     271825.24    260586.10    532411.34
1952      3539     309610.06    296220.73    605830.79
1952      4044     373228.79    362324.73    735553.52
1952      4549     349244.47    334613.14    683857.61
1952      5054     317786.24    285569.91    603356.15
1952      5559     263297.43    212945.27    476242.70
1952      6064     212986.30    167129.97    380116.27
1952      6569     174390.78    132664.88    307055.66
1952      7074     126774.91     94057.78    220832.69
1952      7579      80558.97     58123.69    138682.66
1952      8084      38699.64     27472.28     66171.92
1952      8589      13044.48      8000.39     21044.87
1952      9094       2701.38      1448.48      4149.86
1952      9599        263.17       118.63       381.80
1952     100104        12.48         4.25        16.73
1952     105109         0.46         0.09         0.55
1952     110            0.01         0.01         0.02
1953       0         84553.26     89329.98    173883.24
1953       14      341148.87    357797.37    698946.24
1953       59      407915.08    421961.54    829876.62
1953      1014     307102.77    316650.19    623752.96
1953      1519     278165.00    284018.44    562183.44
1953      2024     332437.97    337488.16    669926.13
1953      2529     363424.21    357519.92    720944.13
1953      3034     313682.98    299421.12    613104.10
1953      3539     269310.96    257255.16    526566.12
1953      4044     373099.02    360630.64    733729.66
1953      4549     351266.54    336849.99    688116.53
1953      5054     325559.05    296952.61    622511.66
1953      5559     272948.26    222333.30    495281.56
1953      6064     216499.93    168641.46    385141.39
1953      6569     177289.26    133580.62    310869.88
1953      7074     131032.13     95890.60    226922.73
1953      7579      81851.57     58665.90    140517.47
1953      8084      39703.15     27970.95     67674.10
1953      8589      13375.83      8242.63     21618.46
1953      9094       2728.72      1449.90      4178.62
1953      9599        283.05       119.20       402.25
1953     100104        18.25         3.66        21.91
1953     105109         0.60         0.07         0.67
1953     110            0.01         0.01         0.02
1954       0         81677.84     86406.49    168084.33
1954       14      337842.42    355069.24    692911.66
1954       59      418930.46    433974.47    852904.93
1954      1014     328747.59    339832.00    668579.59
1954      1519     273747.49    278701.91    552449.40
1954      2024     323734.19    329713.25    653447.44
1954      2529     353739.39    349767.21    703506.60
1954      3034     355386.03    338994.04    694380.07
1954      3539     229450.50    218326.71    447777.21
1954      4044     371711.29    357794.16    729505.45
1954      4549     355275.62    340674.11    695949.73
1954      5054     331222.02    306554.12    637776.14
1954      5559     281639.75    230750.06    512389.81
1954      6064     221413.16    171705.15    393118.31
1954      6569     181168.59    134657.57    315826.16
1954      7074     133071.11     96494.51    229565.62
1954      7579      83908.45     58941.31    142849.76
1954      8084      41024.29     28264.99     69289.28
1954      8589      13702.26      8467.19     22169.45
1954      9094       2770.17      1415.67      4185.84
1954      9599        277.68       121.36       399.04
1954     100104        17.98         3.33        21.31
1954     105109         0.61         0.15         0.76
1954     110            0.02         0.02         0.04
1955       0         80163.76     84311.44    164475.20
1955       14      334795.32    352481.39    687276.71
1955       59      426649.22    443212.17    869861.39
1955      1014     347345.16    359439.13    706784.29
1955      1519     275167.87    280307.96    555475.83
1955      2024     313889.97    319710.02    633599.99
1955      2529     346020.51    345216.31    691236.82
1955      3034     371916.59    353401.56    725318.15
1955      3539     214884.02    204329.79    419213.81
1955      4044     366168.81    350286.80    716455.61
1955      4549     360290.53    345598.97    705889.50
1955      5054     335542.43    312514.53    648056.96
1955      5559     289963.96    240931.26    530895.22
1955      6064     228539.23    176131.59    404670.82
1955      6569     183568.94    134919.05    318487.99
1955      7074     135880.00     96821.49    232701.49
1955      7579      85863.85     59504.24    145368.09
1955      8084      42210.11     28684.78     70894.89
1955      8589      13849.89      8621.30     22471.19
1955      9094       2795.17      1454.18      4249.35
1955      9599        289.80       135.66       425.46
1955     100104        18.37         2.90        21.27
1955     105109         0.61         0.09         0.70
1955     110            0.02         0.02         0.04
1956       0         78827.70     83358.19    162185.89
1956       14      329809.56    346949.93    676759.49
1956       59      435685.86    454337.89    890023.75
1956      1014     360699.30    372571.49    733270.79
1956      1519     283405.56    290257.11    573662.67
1956      2024     300694.60    305736.01    606430.61
1956      2529     341628.53    342522.32    684150.85
1956      3034     374675.35    356246.89    730922.24
1956      3539     231910.38    220405.24    452315.62
1956      4044     341211.33    324732.11    665943.44
1956      4549     366514.80    351236.57    717751.37
1956      5054     336166.32    314530.27    650696.59
1956      5559     297850.96    251601.23    549452.19
1956      6064     238017.78    182401.83    420419.61
1956      6569     186537.54    135861.39    322398.93
1956      7074     139675.33     98322.87    237998.20
1956      7579      87993.58     60218.18    148211.76
1956      8084      43803.64     29128.42     72932.06
1956      8589      14485.90      9081.35     23567.25
1956      9094       2919.98      1595.23      4515.21
1956      9599        325.73       144.27       470.00
1956     100104        18.96         5.80        24.76
1956     105109         0.71         0.18         0.89
1956     110            0.02         0.02         0.04
1957       0         77689.75     81423.10    159112.85
1957       14      322877.08    339876.08    662753.16
1957       59      432261.26    452077.77    884339.03
1957      1014     384964.68    397346.86    782311.54
1957      1519     295046.59    303146.18    598192.77
1957      2024     289169.88    294077.91    583247.79
1957      2529     336504.51    336839.89    673344.40
1957      3034     368451.74    352710.68    721162.42
1957      3539     268660.38    254779.40    523439.78
1957      4044     305243.10    289066.53    594309.63
1957      4549     366762.13    351402.11    718164.24
1957      5054     340120.64    318615.75    658736.39
1957      5559     305293.54    263588.52    568882.06
1957      6064     247229.15    187822.75    435051.90
1957      6569     190979.90    138454.32    329434.22
1957      7074     143454.73     99416.86    242871.59
1957      7579      90710.57     60667.29    151377.86
1957      8084      45100.57     29518.70     74619.27
1957      8589      15003.64      9398.28     24401.92
1957      9094       3055.48      1630.39      4685.87
1957      9599        355.38       159.48       514.86
1957     100104        13.44         4.85        18.29
1957     105109         0.65         0.12         0.77
1957     110            0.02         0.02         0.04
1958       0         74120.34     78423.31    152543.65
1958       14      316667.60    333006.78    649674.38
1958       59      424029.15    444071.22    868100.37
1958      1014     408975.64    422543.92    831519.56
1958      1519     309548.32    318758.33    628306.65
1958      2024     280411.25    285542.15    565953.40
1958      2529     331167.02    331988.60    663155.62
1958      3034     359993.37    346251.04    706244.41
1958      3539     310067.90    292737.10    602805.00
1958      4044     265620.44    251131.37    516751.81
1958      4549     366726.07    349813.90    716539.97
1958      5054     342277.24    321230.67    663507.91
1958      5559     312938.10    274100.06    587038.16
1958      6064     256644.58    196011.70    452656.28
1958      6569     194438.10    139540.36    333978.46
1958      7074     145973.16     99642.24    245615.40
1958      7579      93684.47     61590.66    155275.13
1958      8084      45965.55     29413.55     75379.10
1958      8589      15492.15      9522.95     25015.10
1958      9094       3087.83      1668.63      4756.46
1958      9599        351.72       160.90       512.62
1958     100104        13.39         5.69        19.08
1958     105109         0.51         0.24         0.75
1958     110            0.01         0.01         0.02
1959       0         67806.42     71112.26    138918.68
1959       14      309733.43    325684.75    635418.18
1959       59      418627.00    438855.82    857482.82
1959      1014     419637.44    434270.26    853907.70
1959      1519     330869.22    341581.06    672450.28
1959      2024     276402.11    280711.16    557113.27
1959      2529     323134.74    325795.71    648930.45
1959      3034     350736.63    338339.23    689075.86
1959      3539     351372.08    331630.29    683002.37
1959      4044     226329.91    213049.68    439379.59
1959      4549     365494.30    347277.74    712772.04
1959      5054     346432.36    325409.20    671841.56
1959      5559     318965.46    283480.77    602446.23
1959      6064     265047.09    203792.28    468839.37
1959      6569     199659.37    142108.76    341768.13
1959      7074     149828.49    100808.76    250637.25
1959      7579      95862.31     62135.82    157998.13
1959      8084      47962.78     29832.88     77795.66
1959      8589      16337.29      9797.99     26135.28
1959      9094       3291.26      1738.19      5029.45
1959      9599        378.17       174.67       552.84
1959     100104        11.82         5.59        17.41
1959     105109         0.44         0.24         0.68
1959     110            0.01         0.01         0.02
1960       0         61961.60     65474.29    127435.89
1960       14      297524.42    312451.73    609976.15
1960       59      414882.37    435017.07    849899.44
1960      1014     427092.18    443167.59    870259.77
1960      1519     349106.00    360698.37    709804.37
1960      2024     278000.67    282498.25    560498.92
1960      2529     314061.01    317194.45    631255.46
1960      3034     343373.39    333752.02    677125.41
1960      3539     367666.55    345981.88    713648.43
1960      4044     212066.49    199303.92    411370.41
1960      4549     360152.94    339970.77    700123.71
1960      5054     351700.99    330471.91    682172.90
1960      5559     323067.50    289358.78    612426.28
1960      6064     273343.79    212965.03    486308.82
1960      6569     206627.23    145688.64    352315.87
1960      7074     152316.53    101164.59    253481.12
1960      7579      98681.19     62687.62    161368.81
1960      8084      49455.57     29994.45     79450.02
1960      8589      17177.11     10105.78     27282.89
1960      9094       3355.89      1732.30      5088.19
1960      9599        381.17       172.18       553.35
1960     100104        20.06         6.40        26.46
1960     105109         0.70         0.24         0.94
1960     110            0.02         0.02         0.04
1961       0         62028.02     65293.42    127321.44
1961       14      281566.95    295263.20    576830.15
1961       59      408931.09    428874.85    837805.94
1961      1014     436248.33    454284.91    890533.24
1961      1519     362095.64    373310.12    735405.76
1961      2024     286059.52    292161.79    578221.31
1961      2529     301792.33    304783.25    606575.58
1961      3034     339484.05    331604.16    671088.21
1961      3539     370447.30    348571.89    719019.19
1961      4044     228947.29    214890.77    443838.06
1961      4549     335634.20    315014.60    650648.80
1961      5054     357857.69    336227.52    694085.21
1961      5559     324098.80    291884.52    615983.32
1961      6064     280929.45    222420.19    503349.64
1961      6569     215693.65    151176.28    366869.93
1961      7074     155670.66    102002.20    257672.86
1961      7579     102085.67     63874.94    165960.61
1961      8084      50859.55     30312.97     81172.52
1961      8589      17979.64     10313.42     28293.06
1961      9094       3710.90      1864.35      5575.25
1961      9599        407.98       156.23       564.21
1961     100104        22.47         5.01        27.48
1961     105109         0.92         0.24         1.16
1961     110            0.04         0.04         0.08
1962       0         62587.86     65764.75    128352.61
1962       14      266251.77    279275.27    545527.04
1962       59      400213.24    419857.34    820070.58
1962      1014     432209.32    451309.22    883518.54
1962      1519     385293.20    397102.45    782395.65
1962      2024     296796.27    303742.62    600538.89
1962      2529     290132.82    293430.49    583563.31
1962      3034     334507.84    329384.74    663892.58
1962      3539     364448.33    343284.06    707732.39
1962      4044     265265.62    248525.70    513791.32
1962      4549     300048.16    280472.19    580520.35
1962      5054     358162.45    336661.75    694824.20
1962      5559     327984.62    296567.99    624552.61
1962      6064     288246.40    233434.22    521680.62
1962      6569     224400.24    155843.96    380244.20
1962      7074     160001.78    104281.91    264283.69
1962      7579     104927.34     64623.37    169550.71
1962      8084      52522.35     30593.25     83115.60
1962      8589      18678.57     10624.70     29303.27
1962      9094       3906.64      1960.28      5866.92
1962      9599        456.48       153.39       609.87
1962     100104        27.14         7.23        34.37
1962     105109         1.29         0.21         1.50
1962     110            0.05         0.05         0.10
1963       0         64045.98     67199.55    131245.53
1963       14      253784.65    266395.91    520180.56
1963       59      390779.78    410172.28    800952.06
1963      1014     423522.71    442902.73    866425.44
1963      1519     408331.87    421526.98    829858.85
1963      2024     310042.47    317842.82    627885.29
1963      2529     280787.55    284423.17    565210.72
1963      3034     329053.29    326441.26    655494.55
1963      3539     355986.05    336529.29    692515.34
1963      4044     306188.90    285732.29    591921.19
1963      4549     261048.64    243723.37    504772.01
1963      5054     358100.09    335460.42    693560.51
1963      5559     330138.46    299389.89    629528.35
1963      6064     295273.96    243135.26    538409.22
1963      6569     233261.83    162523.31    395785.14
1963      7074     163158.41    104752.80    267911.21
1963      7579     107074.86     64491.02    171565.88
1963      8084      54209.20     31147.62     85356.82
1963      8589      19018.55     10351.55     29370.10
1963      9094       3833.15      1922.95      5756.10
1963      9599        429.83       147.63       577.46
1963     100104        32.15         5.66        37.81
1963     105109         1.42         0.16         1.58
1963     110            0.06         0.06         0.12
1964       0         71332.55     74917.22    146249.77
1964       14      250010.60    262730.46    512741.06
1964       59      376648.43    395123.65    771772.08
1964      1014     417697.40    437209.28    854906.68
1964      1519     418355.17    432917.07    851272.24
1964      2024     329768.91    339030.18    668799.09
1964      2529     276304.34    279003.40    555307.74
1964      3034     320591.94    320447.37    641039.31
1964      3539     346935.82    329543.34    676479.16
1964      4044     346835.85    323925.03    670760.88
1964      4549     222364.41    206670.73    429035.14
1964      5054     356792.58    333064.07    689856.65
1964      5559     334285.71    303621.95    637907.66
1964      6064     300928.23    251687.69    552615.92
1964      6569     240823.44    168842.42    409665.86
1964      7074     168315.52    106623.61    274939.13
1964      7579     110208.46     65327.54    175536.00
1964      8084      55786.41     31514.91     87301.32
1964      8589      19948.78     10541.88     30490.66
1964      9094       4167.29      2061.99      6229.28
1964      9599        435.26       179.19       614.45
1964     100104        28.09         8.32        36.41
1964     105109         1.29         0.20         1.49
1964     110            0.06         0.06         0.12
1965       0         73726.12     78092.91    151819.03
1965       14      258588.09    271678.97    530267.06
1965       59      358514.09    376467.58    734981.67
1965      1014     413697.93    433422.52    847120.45
1965      1519     424723.87    440678.76    865402.63
1965      2024     347474.38    357686.11    705160.49
1965      2529     276557.69    279507.90    556065.59
1965      3034     311200.78    311642.47    622843.25
1965      3539     339450.39    325900.60    665350.99
1965      4044     363611.33    339056.22    702667.55
1965      4549     208058.12    192966.76    401024.88
1965      5054     351129.58    326044.45    677174.03
1965      5559     339189.99    308860.50    648050.49
1965      6064     304927.23    257443.51    562370.74
1965      6569     248299.38    176317.84    424617.22
1965      7074     174787.87    109334.29    284122.16
1965      7579     112544.82     65704.83    178249.65
1965      8084      57989.27     32018.96     90008.23
1965      8589      20866.57     10770.45     31637.02
1965      9094       4508.11      2224.78      6732.89
1965      9599        491.89       199.30       691.19
1965     100104        32.22        10.45        42.67
1965     105109         1.66         0.38         2.04
1965     110            0.09         0.09         0.18
1966       0         70199.15     74095.69    144294.84
1966       14      270255.90    284356.28    554612.18
1966       59      341300.76    358475.76    699776.52
1966      1014     407114.15    427016.97    834131.12
1966      1519     433438.49    451562.15    885000.64
1966      2024     358656.69    368617.61    727274.30
1966      2529     283798.35    288267.92    572066.27
1966      3034     298815.57    299312.62    598128.19
1966      3539     335333.21    324652.99    659986.20
1966      4044     365339.99    340857.85    706197.84
1966      4549     224706.67    208234.50    432941.17
1966      5054     327703.42    302679.25    630382.67
1966      5559     345146.26    314450.55    659596.81
1966      6064     305416.76    259359.97    564776.73
1966      6569     255327.06    184621.50    439948.56
1966      7074     182733.79    113258.99    295992.78
1966      7579     114935.72     66146.22    181081.94
1966      8084      60013.29     32398.79     92412.08
1966      8589      21637.55     11033.97     32671.52
1966      9094       4733.64      2249.42      6983.06
1966      9599        527.90       220.35       748.25
1966     100104        35.65        12.01        47.66
1966     105109         1.65         0.46         2.11
1966     110            0.09         0.09         0.18
1967       0         67398.87     70886.91    138285.78
1967       14      277695.77    292538.20    570233.97
1967       59      326344.94    343043.18    669388.12
1967      1014     398424.95    418242.11    816667.06
1967      1519     429506.71    448406.89    877913.60
1967      2024     381639.74    392296.04    773935.78
1967      2529     294283.05    299710.48    593993.53
1967      3034     287217.83    288076.98    575294.81
1967      3539     330321.85    322426.88    652748.73
1967      4044     359683.91    335838.27    695522.18
1967      4549     260393.70    241056.82    501450.52
1967      5054     292686.30    268810.92    561497.22
1967      5559     345518.52    314792.51    660311.03
1967      6064     309585.69    263988.77    573574.46
1967      6569     261746.84    193133.63    454880.47
1967      7074     189735.52    116352.97    306088.49
1967      7579     118530.74     67386.38    185917.12
1967      8084      62172.40     32865.35     95037.75
1967      8589      22401.35     11208.25     33609.60
1967      9094       5059.57      2296.70      7356.27
1967      9599        586.64       219.28       805.92
1967     100104        35.77         9.46        45.23
1967     105109         2.08         0.38         2.46
1967     110            0.12         0.12         0.24
1968       0         66038.24     69696.39    135734.63
1968       14      280517.16    295679.62    576196.78
1968       59      316599.11    332632.78    649231.89
1968      1014     388135.85    407862.86    795998.71
1968      1519     421531.98    440769.79    862301.77
1968      2024     404443.38    416606.07    821049.45
1968      2529     307435.38    313615.24    621050.62
1968      3034     277617.55    278997.30    556614.85
1968      3539     325060.44    319742.62    644803.06
1968      4044     350791.74    328455.31    679247.05
1968      4549     300970.96    277130.21    578101.17
1968      5054     254365.86    233179.58    487545.44
1968      5559     345706.65    314068.69    659775.34
1968      6064     311806.50    266590.17    578396.67
1968      6569     268355.50    201267.29    469622.79
1968      7074     197497.58    121120.02    318617.60
1968      7579     121581.23     67672.62    189253.85
1968      8084      63845.32     33063.75     96909.07
1968      8589      23484.20     11492.62     34976.82
1968      9094       5325.55      2312.55      7638.10
1968      9599        609.15       221.95       831.10
1968     100104        36.97         7.25        44.22
1968     105109         1.42         0.20         1.62
1968     110            0.08         0.08         0.16
1969       0         65897.16     69007.32    134904.48
1969       14      275324.22    290533.82    565858.04
1969       59      319156.21    335852.68    655008.89
1969      1014     374673.68    393459.93    768133.61
1969      1519     415475.73    434509.40    849985.13
1969      2024     415192.86    428824.92    844017.78
1969      2529     326247.33    333983.16    660230.49
1969      3034     273966.73    274545.44    548512.17
1969      3539     316264.93    313305.06    629569.99
1969      4044     342120.85    321506.65    663627.50
1969      4549     340665.81    313866.51    654532.32
1969      5054     216657.59    197433.58    414091.17
1969      5559     344205.18    311110.01    655315.19
1969      6064     315779.77    270399.29    586179.06
1969      6569     273354.14    207907.72    481261.86
1969      7074     203774.95    125319.65    329094.60
1969      7579     125034.49     68317.27    193351.76
1969      8084      65287.46     33046.26     98333.72
1969      8589      24034.41     11369.91     35404.32
1969      9094       5508.78      2393.88      7902.66
1969      9599        638.29       241.99       880.28
1969     100104        38.73        10.30        49.03
1969     105109         1.87         0.38         2.25
1969     110            0.13         0.13         0.26
1970       0         68116.31     72119.04    140235.35
1970       14      267762.14    281526.56    549288.70
1970       59      330188.76    348117.36    678306.12
1970      1014     356344.16    374593.99    730938.15
1970      1519     411572.78    430753.01    842325.79
1970      2024     421085.11    435621.74    856706.85
1970      2529     344738.56    353525.99    698264.55
1970      3034     273709.17    274801.82    548510.99
1970      3539     307084.86    304483.33    611568.19
1970      4044     334398.42    317545.38    651943.80
1970      4549     358161.35    329115.90    687277.25
1970      5054     202305.48    183548.65    385854.13
1970      5559     338011.93    303402.55    641414.48
1970      6064     320112.17    274764.09    594876.26
1970      6569     277026.96    211467.26    488494.22
1970      7074     209121.79    129517.21    338639.00
1970      7579     129671.59     69332.94    199004.53
1970      8084      66566.50     33074.13     99640.63
1970      8589      25015.27     11467.96     36483.23
1970      9094       5671.57      2404.45      8076.02
1970      9599        706.11       276.78       982.89
1970     100104        39.39         8.77        48.16
1970     105109         2.33         0.34         2.67
1970     110            0.15         0.15         0.30
1971       0         70347.39     73596.93    143944.32
1971       14      265653.97    279548.10    545202.07
1971       59      338511.06    356545.91    695056.97
1971      1014     339253.00    356942.90    696195.90
1971      1519     405071.49    424447.15    829518.64
1971      2024     430105.52    446744.41    876849.93
1971      2529     354954.32    363450.20    718404.52
1971      3034     281164.09    283857.32    565021.41
1971      3539     295282.96    292846.45    588129.41
1971      4044     330318.39    316094.36    646412.75
1971      4549     358578.71    329414.65    687993.36
1971      5054     218711.48    197977.53    416689.01
1971      5559     315914.04    281779.43    597693.47
1971      6064     325562.22    279019.26    604581.48
1971      6569     276381.50    211478.48    487859.98
1971      7074     215117.86    135339.63    350457.49
1971      7579     135158.30     71015.86    206174.16
1971      8084      67483.73     32689.46    100173.19
1971      8589      25518.29     11449.79     36968.08
1971      9094       5770.55      2483.97      8254.52
1971      9599        708.64       267.42       976.06
1971     100104        47.85         8.44        56.29
1971     105109         3.26         0.38         3.64
1971     110            0.22         0.22         0.44
1972       0         73986.50     77434.01    151420.51
1972       14      269421.23    282980.57    552401.80
1972       59      342568.00    360868.79    703436.79
1972      1014     324912.05    341827.15    666739.20
1972      1519     397106.92    416164.15    813271.07
1972      2024     426761.88    443598.73    870360.61
1972      2529     378095.99    387097.91    765193.90
1972      3034     291833.88    295423.39    587257.27
1972      3539     284053.44    282301.76    566355.20
1972      4044     325794.91    314097.13    639892.04
1972      4549     353337.63    324855.98    678193.61
1972      5054     253727.03    229465.07    483192.10
1972      5559     281916.50    249581.12    531497.62
1972      6064     325897.43    278679.12    604576.55
1972      6569     280080.77    215264.53    495345.30
1972      7074     220099.62    140376.22    360475.84
1972      7579     138694.59     71796.69    210491.28
1972      8084      69781.19     33234.26    103015.45
1972      8589      26427.40     11398.35     37825.75
1972      9094       5998.35      2461.25      8459.60
1972      9599        749.57       280.70      1030.27
1972     100104        45.42        13.51        58.93
1972     105109         3.00         0.58         3.58
1972     110            0.23         0.23         0.46
1973       0         78309.81     82453.09    160762.90
1973       14      277896.64    291257.26    569153.90
1973       59      343940.40    362414.03    706354.43
1973      1014     316193.87    332160.72    648354.59
1973      1519     386889.99    405525.47    792415.46
1973      2024     419893.90    436602.86    856496.76
1973      2529     400877.26    411182.42    812059.68
1973      3034     305058.07    309378.84    614436.91
1973      3539     274743.23    273643.42    548386.65
1973      4044     320904.73    312033.59    632938.32
1973      4549     344464.05    317673.49    662137.54
1973      5054     293727.45    264067.17    557794.62
1973      5559     244921.86    216197.61    461119.47
1973      6064     326031.20    278400.61    604431.81
1973      6569     282605.44    217901.07    500506.51
1973      7074     225776.47    146296.76    372073.23
1973      7579     144625.28     74514.33    219139.61
1973      8084      71535.45     33074.47    104609.92
1973      8589      27380.32     11535.75     38916.07
1973      9094       6292.20      2529.62      8821.82
1973      9599        800.55       285.55      1086.10
1973     100104        57.05        19.69        76.74
1973     105109         3.33         0.70         4.03
1973     110            0.25         0.25         0.50
1974       0         86580.02     91955.39    178535.41
1974       14      290235.14    304696.37    594931.51
1974       59      339790.70    357439.34    697230.04
1974      1014     318113.75    334744.12    652857.87
1974      1519     374294.10    391556.69    765850.79
1974      2024     414476.03    430478.76    844954.79
1974      2529     412414.10    424164.98    836579.08
1974      3034     323622.27    329374.01    652996.28
1974      3539     271693.04    270148.36    541841.40
1974      4044     312417.63    305973.72    618391.35
1974      4549     336491.93    311546.94    648038.87
1974      5054     332278.59    298786.21    631064.80
1974      5559     208928.81    183162.99    392091.80
1974      6064     324799.56    275907.64    600707.20
1974      6569     286335.36    221420.27    507755.63
1974      7074     229974.08    150662.99    380637.07
1974      7579     150465.63     77104.43    227570.06
1974      8084      73578.65     33223.23    106801.88
1974      8589      28085.46     11444.26     39529.72
1974      9094       6484.41      2463.91      8948.32
1974      9599        830.78       295.88      1126.66
1974     100104        64.35        25.62        89.97
1974     105109         4.33         1.02         5.35
1974     110            0.35         0.35         0.70
1975       0         92929.43     97823.87    190753.30
1975       14      308984.57    324762.53    633747.10
1975       59      334886.78    351918.21    686804.99
1975      1014     329174.18    346795.55    675969.73
1975      1519     356263.56    372945.90    729209.46
1975      2024     411619.38    427338.28    838957.66
1975      2529     418515.02    430947.29    849462.31
1975      3034     342325.98    349111.20    691437.18
1975      3539     271728.94    270778.81    542507.75
1975      4044     303496.53    297774.18    601270.71
1975      4549     329342.88    308344.69    637687.57
1975      5054     350297.68    314108.03    664405.71
1975      5559     195152.95    170406.74    365559.69
1975      6064     318957.09    269200.86    588157.95
1975      6569     290696.09    225593.50    516289.59
1975      7074     233241.97    153600.83    386842.80
1975      7579     154542.11     79646.51    234188.62
1975      8084      76254.86     33708.55    109963.41
1975      8589      28294.50     11253.13     39547.63
1975      9094       6779.27      2446.96      9226.23
1975      9599        818.57       296.45      1115.02
1975     100104        67.01        27.50        94.51
1975     105109         4.60         1.35         5.95
1975     110            0.40         0.40         0.80
1976       0         92267.91     96055.19    188323.10
1976       14      331257.51    348556.28    679813.79
1976       59      335973.26    352467.13    688440.39
1976      1014     337501.24    354834.69    692335.93
1976      1519     339387.75    355725.74    695113.49
1976      2024     405967.77    421547.80    827515.57
1976      2529     427659.99    441579.80    869239.79
1976      3034     352984.14    359561.43    712545.57
1976      3539     279484.89    279974.65    559459.54
1976      4044     292362.37    287218.93    579581.30
1976      4549     325737.86    307306.83    633044.69
1976      5054     350200.79    314176.43    664377.22
1976      5559     211814.83    184597.77    396412.60
1976      6064     298738.54    250615.44    549353.98
1976      6569     296148.70    229662.27    525810.97
1976      7074     233419.37    154503.40    387922.77
1976      7579     159763.15     83730.68    243493.83
1976      8084      80326.22     34550.07    114876.29
1976      8589      28776.73     11135.46     39912.19
1976      9094       6927.29      2390.79      9318.08
1976      9599        852.55       308.97      1161.52
1976     100104        78.83        33.47       112.30
1976     105109         5.68         1.71         7.39
1976     110            0.51         0.51         1.02
1977       0         90021.11     94198.40    184219.51
1977       14      349142.27    366796.45    715938.72
1977       59      343810.99    360226.74    704037.73
1977      1014     341712.09    359072.98    700785.07
1977      1519     324859.86    340718.51    665578.37
1977      2024     397889.67    413353.78    811243.45
1977      2529     425316.09    439282.28    864598.37
1977      3034     375556.99    382581.04    758138.03
1977      3539     290096.30    291519.07    581615.37
1977      4044     281047.62    276719.21    557766.83
1977      4549     321381.89    305525.68    626907.57
1977      5054     345643.75    310250.67    655894.42
1977      5559     245409.31    213593.65    459002.96
1977      6064     266743.40    222010.60    488754.00
1977      6569     296689.67    230253.06    526942.73
1977      7074     237573.48    157734.44    395307.92
1977      7579     163782.91     87018.25    250801.16
1977      8084      83668.40     34909.81    118578.21
1977      8589      29727.19     11293.26     41020.45
1977      9094       6993.40      2326.35      9319.75
1977      9599        903.35       302.25      1205.60
1977     100104        84.55        35.00       119.55
1977     105109         6.16         1.74         7.90
1977     110            0.56         0.56         1.12
1978       0         87384.52     91440.68    178825.20
1978       14      360713.02    378473.73    739186.75
1978       59      356575.13    373522.67    730097.80
1978      1014     343088.07    360582.91    703670.98
1978      1519     316142.79    331254.56    647397.35
1978      2024     387581.44    403013.70    790595.14
1978      2529     419346.45    432740.64    852087.09
1978      3034     397807.43    406243.04    804050.47
1978      3539     303099.12    305317.22    608416.34
1978      4044     272209.97    268562.49    540772.46
1978      4549     316364.16    302917.55    619281.71
1978      5054     337115.53    303339.55    640455.08
1978      5559     284229.33    245751.30    529980.63
1978      6064     231570.72    191948.47    423519.19
1978      6569     297265.97    230323.40    527589.37
1978      7074     240271.66    160203.01    400474.67
1978      7579     168363.49     90503.53    258867.02
1978      8084      87005.05     36125.93    123130.98
1978      8589      30586.45     11243.47     41829.92
1978      9094       7133.32      2344.75      9478.07
1978      9599        928.20       278.62      1206.82
1978     100104       102.76        33.08       135.84
1978     105109         7.80         1.81         9.61
1978     110            0.69         0.69         1.38
1979       0         85885.98     90083.13    175969.11
1979       14      361618.28    378156.17    739774.45
1979       59      377124.29    396295.36    773419.65
1979      1014     339366.54    356217.20    695583.74
1979      1519     317399.61    333366.46    650766.07
1979      2024     374797.70    389081.00    763878.70
1979      2529     414488.14    427060.10    841548.24
1979      3034     409867.76    419629.64    829497.40
1979      3539     321311.87    324779.55    646091.42
1979      4044     269094.18    265142.81    534236.99
1979      4549     308143.14    296965.13    605108.27
1979      5054     329309.96    297490.04    626800.00
1979      5559     320812.91    276811.68    597624.59
1979      6064     198031.62    162992.90    361024.52
1979      6569     296238.70    228790.81    525029.51
1979      7074     243505.10    163472.70    406977.80
1979      7579     172169.40     93288.89    265458.29
1979      8084      90041.67     37391.22    127432.89
1979      8589      31783.65     11365.23     43148.88
1979      9094       7429.46      2399.26      9828.72
1979      9599        923.41       280.91      1204.32
1979     100104       104.14        31.73       135.87
1979     105109         9.84         1.76        11.60
1979     110            0.87         0.87         1.74
1980       0         82460.95     86811.16    169272.11
1980       14      354644.46    370644.25    725288.71
1980       59      401983.00    421768.63    823751.63
1980      1014     334711.13    351054.09    685765.22
1980      1519     328239.92    345119.64    673359.56
1980      2024     356534.69    370633.69    727168.38
1980      2529     412227.01    424347.24    836574.25
1980      3034     416021.61    426431.93    842453.54
1980      3539     339597.96    343993.95    683591.91
1980      4044     269396.04    265811.11    535207.15
1980      4549     299044.46    288769.53    587813.99
1980      5054     322567.10    294710.91    617278.01
1980      5559     339059.76    291338.85    630398.61
1980      6064     184816.98    151557.10    336374.08
1980      6569     290835.46    223409.30    514244.76
1980      7074     247672.24    167202.71    414874.95
1980      7579     174978.86     95415.03    270393.89
1980      8084      93162.53     38601.69    131764.22
1980      8589      33078.86     11670.55     44749.41
1980      9094       7635.50      2379.13     10014.63
1980      9599        969.27       276.96      1246.23
1980     100104        78.75        26.96       105.71
1980     105109         6.27         1.35         7.62
1980     110            0.60         0.60         1.20
1981       0         74531.32     78989.76    153521.08
1981       14      344920.39    361211.54    706131.93
1981       59      422593.87    443030.83    865624.70
1981      1014     336340.97    352387.48    688728.45
1981      1519     336462.18    352926.26    689388.44
1981      2024     339382.00    353586.16    692968.16
1981      2529     406678.13    418729.66    825407.79
1981      3034     425085.10    436441.40    861526.50
1981      3539     350655.37    354887.72    705543.09
1981      4044     277120.04    274808.59    551928.63
1981      4549     288222.73    278710.36    566933.09
1981      5054     318921.15    293103.21    612024.36
1981      5559     338214.48    290438.65    628653.13
1981      6064     200916.75    164488.60    365405.35
1981      6569     272137.56    207641.94    479779.50
1981      7074     251487.98    169950.83    421438.81
1981      7579     174644.94     95807.70    270452.64
1981      8084      95438.70     39601.83    135040.53
1981      8589      34578.22     11874.07     46452.29
1981      9094       7643.73      2324.46      9968.19
1981      9599        937.29       272.79      1210.08
1981     100104        77.46        31.40       108.86
1981     105109         6.47         1.76         8.23
1981     110            0.65         0.65         1.30
1982       0         69586.88     72922.18    142509.06
1982       14      328895.46    345594.87    674490.33
1982       59      438225.99    459385.30    897611.29
1982      1014     344109.05    360244.18    704353.23
1982      1519     340941.26    357350.44    698291.70
1982      2024     324623.95    338722.40    663346.35
1982      2529     397889.61    410108.25    807997.86
1982      3034     423549.05    434723.87    858272.92
1982      3539     372833.77    377237.44    750071.21
1982      4044     287647.82    286135.85    573783.67
1982      4549     277095.42    268630.62    545726.04
1982      5054     314812.77    291439.81    606252.58
1982      5559     334030.06    287002.84    621032.90
1982      6064     232453.93    189630.31    422084.24
1982      6569     243082.06    183518.05    426600.11
1982      7074     251972.71    170856.12    422828.83
1982      7579     177032.19     97996.23    275028.42
1982      8084      97966.02     41275.71    139241.73
1982      8589      36048.40     11891.81     47940.21
1982      9094       7980.19      2446.26     10426.45
1982      9599       1010.40       256.35      1266.75
1982     100104        72.87        24.59        97.46
1982     105109         6.12         1.43         7.55
1982     110            0.62         0.62         1.24
1983       0         68407.72     71411.64    139819.36
1983       14      310741.54    326606.61    637348.15
1983       59      447147.67    468415.78    915563.45
1983      1014     356521.74    373361.68    729883.42
1983      1519     342557.25    359339.35    701896.60
1983      2024     315538.54    329209.08    644747.62
1983      2529     387345.29    399735.75    787081.04
1983      3034     417721.68    427955.36    845677.04
1983      3539     394984.67    400572.64    795557.31
1983      4044     300534.23    299732.01    600266.24
1983      4549     268810.23    261023.92    529834.15
1983      5054     309812.11    288910.47    598722.58
1983      5559     326134.14    280847.44    606981.58
1983      6064     269073.89    217954.84    487028.73
1983      6569     210601.22    158090.68    368691.90
1983      7074     252688.39    171294.07    423982.46
1983      7579     178947.54     99784.48    278732.02
1983      8084     101128.92     43151.31    144280.23
1983      8589      37611.05     12227.93     49838.98
1983      9094       8229.45      2387.47     10616.92
1983      9599       1035.32       265.75      1301.07
1983     100104        75.80        23.26        99.06
1983     105109         5.99         1.27         7.26
1983     110            0.61         0.61         1.22
1984       0         66048.53     69655.61    135704.14
1984       14      293463.72    308325.89    601789.61
1984       59      445871.48    465964.24    911835.72
1984      1014     376751.83    395795.89    772547.72
1984      1519     338813.32    355183.18    693996.50
1984      2024     317322.33    331908.04    649230.37
1984      2529     373872.41    385294.89    759167.30
1984      3034     412852.45    422373.67    835226.12
1984      3539     406617.24    413236.46    819853.70
1984      4044     319049.14    319095.14    638144.28
1984      4549     265494.76    257543.72    523038.48
1984      5054     302096.15    283457.24    585553.39
1984      5559     318595.33    275517.27    594112.60
1984      6064     303671.51    244735.92    548407.43
1984      6569     179674.06    133665.33    313339.39
1984      7074     252091.05    170353.20    422444.25
1984      7579     181231.78    101860.99    283092.77
1984      8084     102959.84     44521.59    147481.43
1984      8589      38560.67     12510.22     51070.89
1984      9094       8402.65      2389.23     10791.88
1984      9599       1060.46       258.26      1318.72
1984     100104        72.53        27.00        99.53
1984     105109         6.08         1.41         7.49
1984     110            0.65         0.65         1.30
1985       0         65957.24     69216.00    135173.24
1985       14      277318.39    291448.33    568766.72
1985       59      435348.97    455197.23    890546.20
1985      1014     401097.27    420965.94    822063.21
1985      1519     334055.30    350151.77    684207.07
1985      2024     328055.89    343390.24    671446.13
1985      2529     355560.96    367306.74    722867.70
1985      3034     410056.71    419087.11    829143.82
1985      3539     413237.70    420275.55    833513.25
1985      4044     336623.83    337338.74    673962.57
1985      4549     266253.60    258597.56    524851.16
1985      5054     293523.18    275699.43    569222.61
1985      5559     312224.41    272943.79    585168.20
1985      6064     319719.67    256326.89    576046.56
1985      6569     168469.68    125225.77    293695.45
1985      7074     248345.83    166643.09    414988.92
1985      7579     185018.56    104624.47    289643.03
1985      8084     104558.14     45913.71    150471.85
1985      8589      39749.53     12992.69     52742.22
1985      9094       8774.86      2377.55     11152.41
1985      9599       1112.50       269.13      1381.63
1985     100104        65.30        19.75        85.05
1985     105109         5.90         1.50         7.40
1985     110            0.66         0.66         1.32
1986       0         65525.86     68738.55    134264.41
1986       14      269141.35    282176.20    551317.55
1986       59      416828.60    437221.25    854049.85
1986      1014     422206.85    442416.86    864623.71
1986      1519     335471.61    351709.60    687181.21
1986      2024     336257.84    351360.45    687618.29
1986      2529     338533.08    350591.31    689124.39
1986      3034     404143.59    413163.18    817306.77
1986      3539     422518.58    430271.40    852789.98
1986      4044     347829.37    347995.44    695824.81
1986      4549     273788.41    267160.82    540949.23
1986      5054     282589.10    265839.05    548428.15
1986      5559     308974.11    272066.79    581040.90
1986      6064     320466.74    256165.11    576631.85
1986      6569     183573.43    136455.64    320029.07
1986      7074     231692.00    154313.71    386005.71
1986      7579     189469.09    107269.42    296738.51
1986      8084     105267.30     46464.54    151731.84
1986      8589      40930.70     13517.83     54448.53
1986      9094       9317.22      2548.07     11865.29
1986      9599       1146.73       248.46      1395.19
1986     100104        48.78        14.44        63.22
1986     105109         3.62         0.55         4.17
1986     110            0.41         0.41         0.82
1987       0         64181.85     67658.37    131840.22
1987       14      264809.98    277589.74    542399.72
1987       59      396753.88    416619.55    813373.43
1987      1014     437543.04    458096.01    895639.05
1987      1519     342638.04    358995.51    701633.55
1987      2024     340587.61    355857.57    696445.18
1987      2529     324354.92    336542.37    660897.29
1987      3034     395368.92    404772.13    800141.05
1987      3539     420740.46    428292.99    849033.45
1987      4044     369719.42    369943.44    739662.86
1987      4549     284171.80    278046.23    562218.03
1987      5054     271882.07    256249.16    528131.23
1987      5559     305027.04    270243.24    575270.28
1987      6064     316191.06    252889.24    569080.30
1987      6569     212797.58    157474.36    370271.94
1987      7074     206151.42    135917.19    342068.61
1987      7579     190185.62    108136.97    298322.59
1987      8084     107704.86     48050.54    155755.40
1987      8589      42090.02     13928.71     56018.73
1987      9094       9636.40      2547.81     12184.21
1987      9599       1140.19       264.26      1404.45
1987     100104        67.21        11.87        79.08
1987     105109         4.26         0.53         4.79
1987     110            0.49         0.49         0.98
1988       0         63030.57     66509.26    129539.83
1988       14      260670.28    273905.40    534575.68
1988       59      377489.19    396073.63    773562.82
1988      1014     445795.51    466577.64    912373.15
1988      1519     355362.91    372243.78    727606.69
1988      2024     342477.26    358395.93    700873.19
1988      2529     314492.66    326559.70    641052.36
1988      3034     385772.49    395304.98    781077.47
1988      3539     414392.76    421104.93    835497.69
1988      4044     392033.46    392664.13    784697.59
1988      4549     296840.81    291294.95    588135.76
1988      5054     263942.29    249114.43    513056.72
1988      5559     300270.85    268018.72    568289.57
1988      6064     309475.74    247907.70    557383.44
1988      6569     245809.89    180402.38    426212.27
1988      7074     178739.39    117161.20    295900.59
1988      7579     191481.98    108705.34    300187.32
1988      8084     109595.75     49452.19    159047.94
1988      8589      44109.92     14816.31     58926.23
1988      9094      10149.05      2719.93     12868.98
1988      9599       1185.45       282.47      1467.92
1988     100104        71.87        16.81        88.68
1988     105109         5.23         0.49         5.72
1988     110            0.62         0.62         1.24
1989       0         64066.50     66914.56    130981.06
1989       14      257296.15    270468.51    527764.66
1989       59      358197.96    376337.50    734535.46
1989      1014     444352.52    463959.26    908311.78
1989      1519     375741.84    394763.29    770505.13
1989      2024     338089.43    353565.71    691655.14
1989      2529     317712.21    330707.62    648419.83
1989      3034     372013.90    380835.15    752849.05
1989      3539     409861.42    416083.54    825944.96
1989      4044     402348.06    403869.13    806217.19
1989      4549     315753.10    310579.96    626333.06
1989      5054     260363.64    245480.88    505844.52
1989      5559     293249.50    263260.53    556510.03
1989      6064     302215.32    243738.51    545953.83
1989      6569     277972.76    202335.57    480308.33
1989      7074     152476.12     99177.89    251654.01
1989      7579     192557.47    109366.12    301923.59
1989      8084     112455.87     51516.08    163971.95
1989      8589      45742.84     15456.59     61199.43
1989      9094      10753.67      2850.22     13603.89
1989      9599       1270.65       303.23      1573.88
1989     100104        84.92        13.32        98.24
1989     105109         6.02         0.40         6.42
1989     110            0.73         0.73         1.46
1990       0         62143.08     64878.17    127021.25
1990       14      255202.11    267867.51    523069.62
1990       59      341532.48    358711.30    700243.78
1990      1014     434277.14    453765.51    888042.65
1990      1519     400003.51    419807.53    819811.04
1990      2024     333167.77    348400.92    681568.69
1990      2529     328101.35    341650.61    669751.96
1990      3034     354220.26    363636.27    717856.53
1990      3539     406871.30    412588.70    819460.00
1990      4044     409512.26    411592.26    821104.52
1990      4549     332098.77    327121.58    659220.35
1990      5054     261509.11    247159.31    508668.42
1990      5559     285133.10    256153.36    541286.46
1990      6064     296574.73    241793.66    538368.39
1990      6569     291278.64    210486.34    501764.98
1990      7074     144722.88     94370.64    239093.52
1990      7579     190757.65    108069.07    298826.72
1990      8084     115805.94     53390.99    169196.93
1990      8589      47009.14     16176.71     63185.85
1990      9094      11044.53      2922.69     13967.22
1990      9599       1373.86       293.55      1667.41
1990     100104        85.48        14.70       100.18
1990     105109         7.87         0.71         8.58
1990     110            0.99         0.99         1.98
1991       0         62642.93     65871.69    128514.62
1991       14      251581.42    263957.48    515538.90
1991       59      332990.54    348898.64    681889.18
1991      1014     414596.50    434743.19    849339.69
1991      1519     421792.87    441525.87    863318.74
1991      2024     334430.23    350127.71    684557.94
1991      2529     336072.50    349579.64    685652.14
1991      3034     337540.19    347324.43    684864.62
1991      3539     401080.03    406643.73    807723.76
1991      4044     418918.06    421520.40    840438.46
1991      4549     343300.37    337193.16    680493.53
1991      5054     268595.80    254927.03    523522.83
1991      5559     274122.46    246276.74    520399.20
1991      6064     293718.03    241104.38    534822.41
1991      6569     293714.02    211337.57    505051.59
1991      7074     158307.10    103239.68    261546.78
1991      7579     177254.44     99571.48    276825.92
1991      8084     119506.62     54927.31    174433.93
1991      8589      47770.30     16548.54     64318.84
1991      9094      11666.70      3100.83     14767.53
1991      9599       1433.22       292.07      1725.29
1991     100104       103.75        19.64       123.39
1991     105109         9.59         0.81        10.40
1991     110            1.21         1.21         2.42
1992       0         62189.87     65857.39    128047.26
1992       14      250232.38    262505.50    512737.88
1992       59      327467.19    343231.77    670698.96
1992      1014     395774.21    415514.75    811288.96
1992      1519     436845.15    456703.07    893548.22
1992      2024     341325.25    357260.83    698586.08
1992      2529     340421.43    354472.40    694893.83
1992      3034     324117.06    334553.67    658670.73
1992      3539     392790.02    399048.50    791838.52
1992      4044     417243.59    419913.68    837157.27
1992      4549     365207.67    358868.40    724076.07
1992      5054     278943.25    265459.91    544403.16
1992      5559     263903.20    237755.12    501658.32
1992      6064     290233.53    239861.97    530095.50
1992      6569     289897.53    208977.90    498875.43
1992      7074     184577.42    119773.92    304351.34
1992      7579     157594.73     87624.32    245219.05
1992      8084     121430.66     55803.22    177233.88
1992      8589      49830.86     17607.54     67438.40
1992      9094      12188.02      3179.71     15367.73
1992      9599       1531.40       292.81      1824.21
1992     100104       108.94        17.53       126.47
1992     105109        11.73         1.08        12.81
1992     110            1.54         1.54         3.08
1993       0         58604.65     62129.45    120734.10
1993       14      249608.77    261977.89    511586.66
1993       59      322750.56    339297.14    662047.70
1993      1014     377176.13    395364.31    772540.44
1993      1519     444830.03    465123.85    909953.88
1993      2024     354518.73    370892.80    725411.53
1993      2529     342609.64    357732.45    700342.09
1993      3034     314007.17    324772.61    638779.78
1993      3539     384347.62    391122.59    775470.21
1993      4044     411016.10    413105.79    824121.89
1993      4549     387726.78    381524.59    769251.37
1993      5054     291525.83    278338.29    569864.12
1993      5559     256431.21    231576.09    488007.30
1993      6064     285924.43    238219.75    524144.18
1993      6569     284580.42    205742.48    490322.90
1993      7074     213518.50    137154.30    350672.80
1993      7579     136740.04     75406.12    212146.16
1993      8084     123318.72     57111.83    180430.55
1993      8589      51937.75     18337.19     70274.94
1993      9094      13073.92      3449.31     16523.23
1993      9599       1640.05       322.93      1962.98
1993     100104       120.14        16.81       136.95
1993     105109        12.40         0.93        13.33
1993     110            1.62         1.62         3.24
1994       0         58497.02     61557.39    120054.41
1994       14      245077.77    258138.86    503216.63
1994       59      320104.15    335972.92    656077.07
1994      1014     358520.43    376243.14    734763.57
1994      1519     443611.98    462755.93    906367.91
1994      2024     375128.03    393537.49    768665.52
1994      2529     338106.41    353038.45    691144.86
1994      3034     318230.77    330098.31    648329.08
1994      3539     370827.51    377570.34    748397.85
1994      4044     407192.69    409454.17    816646.86
1994      4549     397859.58    392664.77    790524.35
1994      5054     310555.16    297454.42    608009.58
1994      5559     253030.84    228453.03    481483.87
1994      6064     279566.59    234700.19    514266.78
1994      6569     278423.76    203545.62    481969.38
1994      7074     241726.52    154060.47    395786.99
1994      7579     116883.76     64422.55    181306.31
1994      8084     124850.85     58028.05    182878.90
1994      8589      53853.87     19494.08     73347.95
1994      9094      13697.84      3581.59     17279.43
1994      9599       1758.67       359.22      2117.89
1994     100104       124.54        20.76       145.30
1994     105109        13.03         1.15        14.18
1994     110            1.80         1.80         3.60
1995       0         51598.45     54316.35    105914.80
1995       14      241549.79    254933.40    496483.19
1995       59      316991.70    332232.82    649224.52
1995      1014     342137.74    358969.10    701106.84
1995      1519     434190.00    453139.92    887329.92
1995      2024     399310.76    418464.16    817774.92
1995      2529     333488.47    348408.28    681896.75
1995      3034     328531.59    341159.10    669690.69
1995      3539     353749.96    361642.46    715392.42
1995      4044     404614.05    406777.43    811391.48
1995      4549     405745.54    401513.72    807259.26
1995      5054     326631.81    313446.07    640077.88
1995      5559     254664.03    230642.66    485306.69
1995      6064     272115.75    229114.88    501230.63
1995      6569     273827.77    203181.00    477008.77
1995      7074     253438.54    160575.34    414013.88
1995      7579     113636.67     63277.32    176913.99
1995      8084     123654.90     57806.72    181461.62
1995      8589      56337.94     20881.99     77219.93
1995      9094      14243.14      3842.71     18085.85
1995      9599       1851.53       386.69      2238.22
1995     100104       140.37        22.76       163.13
1995     105109        14.81         1.18        15.99
1995     110            2.06         2.06         4.12
1996       0         46460.23     49046.03     95506.26
1996       14      230296.78    243118.09    473414.87
1996       59      315021.33    330518.60    645539.93
1996      1014     334115.06    349772.60    683887.66
1996      1519     415352.07    434808.11    850160.18
1996      2024     420838.76    439875.91    860714.67
1996      2529     335074.14    350454.59    685528.73
1996      3034     336590.31    349613.37    686203.68
1996      3539     337581.84    346300.64    683882.48
1996      4044     399439.52    402197.96    801637.48
1996      4549     415574.61    412403.16    827977.77
1996      5054     338015.43    323926.60    661942.03
1996      5559     261777.92    238769.36    500547.28
1996      6064     261814.31    221351.44    483165.75
1996      6569     271722.98    203972.79    475695.77
1996      7074     256774.81    162426.87    419201.68
1996      7579     125780.00     70464.58    196244.58
1996      8084     114330.29     53302.68    167632.97
1996      8589      58628.62     21928.31     80556.93
1996      9094      14666.30      4056.54     18722.84
1996      9599       1916.70       409.83      2326.53
1996     100104       149.34        24.06       173.40
1996     105109        16.18         1.39        17.57
1996     110            2.30         2.30         4.60
1997       0         43788.52     46210.81     89999.33
1997       14      214988.93    226700.62    441689.55
1997       59      313046.22    328826.52    641872.74
1997      1014     328467.67    344151.52    672619.19
1997      1519     396728.81    415633.59    812362.40
1997      2024     436165.64    455422.73    891588.37
1997      2529     341837.75    357264.42    699102.17
1997      3034     340969.11    354752.10    695721.21
1997      3539     324332.38    333804.89    658137.27
1997      4044     391423.53    395034.78    786458.31
1997      4549     414111.61    411295.20    825406.81
1997      5054     359956.79    345496.33    705453.12
1997      5559     272145.46    249121.57    521267.03
1997      6064     252484.70    214459.46    466944.16
1997      6569     269120.97    203993.03    473114.00
1997      7074     254417.60    162107.00    416524.60
1997      7579     147928.55     82655.49    230584.04
1997      8084     100881.65     47229.94    148111.59
1997      8589      60920.66     22938.22     83858.88
1997      9094      15687.86      4461.54     20149.40
1997      9599       2097.02       449.71      2546.73
1997     100104       152.92        24.64       177.56
1997     105109        15.51         1.74        17.25
1997     110            2.21         2.21         4.42
1998       0         43833.15     46237.04     90070.19
1998       14      199985.07    210662.47    410647.54
1998       59      308928.49    324701.14    633629.63
1998      1014     323541.85    340011.93    663553.78
1998      1519     378458.36    395746.87    774205.23
1998      2024     444484.84    463825.99    908310.83
1998      2529     354623.68    370630.27    725253.95
1998      3034     343119.91    357972.55    701092.46
1998      3539     314402.13    324274.76    638676.89
1998      4044     383129.77    387504.79    770634.56
1998      4549     407882.53    404955.85    812838.38
1998      5054     382419.37    367807.82    750227.19
1998      5559     284572.02    261781.77    546353.79
1998      6064     245789.97    209474.46    455264.43
1998      6569     265668.57    203421.68    469090.25
1998      7074     250531.64    161323.96    411855.60
1998      7579     171587.05     94983.79    266570.84
1998      8084      87870.76     41046.72    128917.48
1998      8589      61573.78     23716.03     85289.81
1998      9094      16588.75      4817.19     21405.94
1998      9599       2282.92       481.31      2764.23
1998     100104       146.81        25.14       171.95
1998     105109        15.42         1.49        16.91
1998     110            2.04         2.04         4.08
1999       0         43744.46     46274.67     90019.13
1999       14      185623.69    195600.48    381224.17
1999       59      303656.06    319651.31    623307.37
1999      1014     321069.98    336914.04    657984.02
1999      1519     359755.42    376672.11    736427.53
1999      2024     443364.80    461423.02    904787.82
1999      2529     375079.32    392951.20    768030.52
1999      3034     338712.07    353443.29    692155.36
1999      3539     318661.69    329761.69    648423.38
1999      4044     369906.31    374398.79    744305.10
1999      4549     404113.25    401565.76    805679.01
1999      5054     392702.18    379072.93    771775.11
1999      5559     303239.25    280046.35    583285.60
1999      6064     242991.60    207543.19    450534.79
1999      6569     260398.45    201370.02    461768.47
1999      7074     246098.54    160709.96    406808.50
1999      7579     194757.31    107066.84    301824.15
1999      8084      76607.04     35703.67    112310.71
1999      8589      61809.25     24144.79     85954.04
1999      9094      17746.87      5278.08     23024.95
1999      9599       2405.84       544.59      2950.43
1999     100104       172.16        27.07       199.23
1999     105109        16.01         1.05        17.06
1999     110            1.84         1.84         3.68
2000       0         43384.90     45622.13     89007.03
2000       14      177447.85    187162.09    364609.94
2000       59      293226.48    309185.61    602412.09
2000      1014     318147.31    333303.65    651450.96
2000      1519     343293.75    359485.18    702778.93
2000      2024     434223.61    451848.50    886072.11
2000      2529     398991.33    417451.66    816442.99
2000      3034     334252.49    349080.21    683332.70
2000      3539     328826.41    340805.00    669631.41
2000      4044     353095.34    359035.29    712130.63
2000      4549     401671.35    399191.81    800863.16
2000      5054     400646.51    388055.57    788702.08
2000      5559     319077.93    295636.23    614714.16
2000      6064     244920.83    210060.58    454981.41
2000      6569     254166.76    197677.05    451843.81
2000      7074     242735.47    161632.76    404368.23
2000      7579     204942.03    112280.84    317222.87
2000      8084      77832.40     36715.26    114547.66
2000      8589      60405.63     23649.82     84055.45
2000      9094      18825.94      5867.99     24693.93
2000      9599       2534.14       586.71      3120.85
2000     100104       172.77        29.48       202.25
2000     105109        16.53         1.13        17.66
2000     110            1.47         1.47         2.94
2001       0         43035.04     46096.45     89131.49
2001       14      173755.70    183272.31    357028.01
2001       59      276646.43    291811.94    568458.37
2001      1014     316378.87    331784.55    648163.42
2001      1519     335279.11    350457.19    685736.30
2001      2024     416060.57    433979.99    850040.56
2001      2529     420000.24    438391.03    858391.27
2001      3034     335839.36    350925.39    686764.75
2001      3539     336898.93    349487.13    686386.06
2001      4044     337155.33    344053.86    681209.19
2001      4549     396642.32    395081.99    791724.31
2001      5054     410418.46    398916.35    809334.81
2001      5559     330464.47    306020.60    636485.07
2001      6064     252337.29    217996.53    470333.82
2001      6569     245091.94    191837.58    436929.52
2001      7074     242184.12    163492.57    405676.69
2001      7579     208658.20    114796.77    323454.97
2001      8084      88165.19     41878.52    130043.71
2001      8589      55387.99     21709.97     77097.96
2001      9094      20003.62      6313.31     26316.93
2001      9599       2668.30       625.54      3293.84
2001     100104       188.38        33.60       221.98
2001     105109        18.21         0.73        18.94
2001     110            0.90         0.90         1.80
2002       0         44083.00     46569.00     90652.00
2002       14      174147.00    184371.00    358518.00
2002       59      260495.00    275090.00    535585.00
2002      1014     315409.00    331607.00    647016.00
2002      1519     330959.00    346811.00    677770.00
2002      2024     400694.00    417989.00    818683.00
2002      2529     439295.00    458572.00    897867.00
2002      3034     344155.00    360022.00    704177.00
2002      3539     342423.00    356373.00    698796.00
2002      4044     324748.00    333011.00    657759.00
2002      4549     389775.00    389716.00    779491.00
2002      5054     409957.00    399787.00    809744.00
2002      5559     352921.00    328290.00    681211.00
2002      6064     263095.00    229052.00    492147.00
2002      6569     237645.00    187705.00    425350.00
2002      7074     241382.00    165500.00    406882.00
2002      7579     208604.00    116231.00    324835.00
2002      8084     105519.00     50150.00    155669.00
2002      8589      54603.00     21261.00     75864.00
2002      9094      21100.66      6645.22     27745.88
2002      9599       2969.86       716.54      3686.40
2002     100104       217.10        38.64       255.74
2002     105109        20.91         0.56        21.47
2002     110            0.55         0.55         1.10
