  2.7870000e-002  1.1690000e-003  4.9600000e-004  4.2500000e-004  7.0400000e-004  1.0310000e-003  1.1280000e-003  1.3920000e-003  1.9260000e-003  2.9010000e-003  4.8040000e-003  8.0930000e-003  1.2977000e-002  2.0460000e-002  3.2567000e-002  5.1837000e-002  8.5617000e-002  1.3338600e-001
  2.7430000e-002  1.1710000e-003  4.8800000e-004  4.0500000e-004  6.3800000e-004  9.2500000e-004  1.0830000e-003  1.3440000e-003  1.8580000e-003  2.8030000e-003  4.7200000e-003  7.9650000e-003  1.2655000e-002  2.0513000e-002  3.2627000e-002  5.1907000e-002  8.6041000e-002  1.3367200e-001
  2.5678000e-002  9.3800000e-004  4.0900000e-004  3.7500000e-004  6.3200000e-004  8.6900000e-004  9.9800000e-004  1.3100000e-003  1.8000000e-003  2.8200000e-003  4.6020000e-003  7.9220000e-003  1.2489000e-002  2.0162000e-002  3.2194000e-002  5.1418000e-002  8.3791000e-002  1.3166700e-001
  2.4918000e-002  1.0020000e-003  4.2800000e-004  3.8400000e-004  6.4100000e-004  8.5900000e-004  9.7000000e-004  1.2060000e-003  1.6960000e-003  2.7110000e-003  4.5720000e-003  7.8470000e-003  1.2541000e-002  2.0231000e-002  3.2539000e-002  5.2509000e-002  8.6337000e-002  1.3667300e-001
  2.4368000e-002  9.0600000e-004  4.0100000e-004  3.3800000e-004  5.7000000e-004  8.0000000e-004  9.0200000e-004  1.1680000e-003  1.6900000e-003  2.6760000e-003  4.5070000e-003  7.5010000e-003  1.2627000e-002  2.0187000e-002  3.2179000e-002  5.2196000e-002  8.5673000e-002  1.3454000e-001
  2.3848000e-002  9.6900000e-004  4.0900000e-004  3.8000000e-004  6.8100000e-004  8.3800000e-004  9.0800000e-004  1.1410000e-003  1.7210000e-003  2.7030000e-003  4.4780000e-003  7.6170000e-003  1.2803000e-002  2.0348000e-002  3.2050000e-002  5.1084000e-002  8.0468000e-002  1.2585700e-001
  2.3105000e-002  8.8000000e-004  4.0200000e-004  3.1900000e-004  5.9300000e-004  8.0100000e-004  8.5900000e-004  1.1010000e-003  1.6310000e-003  2.6440000e-003  4.4080000e-003  7.4960000e-003  1.2629000e-002  1.9828000e-002  3.1795000e-002  5.1299000e-002  8.2465000e-002  1.3057500e-001
  2.2529000e-002  9.0300000e-004  4.1100000e-004  3.3700000e-004  6.5500000e-004  8.2900000e-004  8.3700000e-004  1.0770000e-003  1.6660000e-003  2.5920000e-003  4.2540000e-003  7.3470000e-003  1.2568000e-002  1.9842000e-002  3.1291000e-002  5.0818000e-002  8.1644000e-002  1.2705100e-001
  2.2593000e-002  8.7100000e-004  4.3800000e-004  3.1900000e-004  6.3500000e-004  8.1000000e-004  8.1400000e-004  1.0340000e-003  1.6270000e-003  2.5560000e-003  4.3040000e-003  7.2280000e-003  1.2190000e-002  1.9689000e-002  3.0813000e-002  4.9065000e-002  8.0649000e-002  1.2434000e-001
  2.2110000e-002  9.2600000e-004  4.0400000e-004  3.2200000e-004  6.5800000e-004  8.1100000e-004  8.1500000e-004  1.0650000e-003  1.6110000e-003  2.5770000e-003  4.3730000e-003  7.3410000e-003  1.2317000e-002  2.0370000e-002  3.1975000e-002  5.1404000e-002  8.3095000e-002  1.2864300e-001
  2.2343000e-002  8.5800000e-004  3.8200000e-004  3.3600000e-004  6.4900000e-004  7.9600000e-004  7.9000000e-004  1.0460000e-003  1.6230000e-003  2.5450000e-003  4.3940000e-003  7.2650000e-003  1.2369000e-002  2.0435000e-002  3.1901000e-002  5.1027000e-002  8.1633000e-002  1.2808000e-001
  2.1669000e-002  9.0500000e-004  4.0300000e-004  3.1500000e-004  6.3400000e-004  7.7600000e-004  8.0500000e-004  1.0590000e-003  1.6020000e-003  2.6270000e-003  4.5190000e-003  7.3190000e-003  1.2440000e-002  2.0582000e-002  3.2282000e-002  5.1701000e-002  8.2302000e-002  1.3140600e-001
  2.0666000e-002  8.0700000e-004  3.8800000e-004  3.2700000e-004  7.0100000e-004  7.8500000e-004  8.1000000e-004  1.0250000e-003  1.5630000e-003  2.6730000e-003  4.3250000e-003  7.1550000e-003  1.1818000e-002  1.9508000e-002  3.0072000e-002  4.7508000e-002  7.3198000e-002  1.1709900e-001
  1.9362000e-002  8.2100000e-004  3.9300000e-004  3.5200000e-004  7.0900000e-004  7.5700000e-004  8.0000000e-004  9.9400000e-004  1.5900000e-003  2.6650000e-003  4.3070000e-003  7.2590000e-003  1.1783000e-002  1.9650000e-002  3.0703000e-002  4.8157000e-002  7.4403000e-002  1.1794200e-001
  1.9231000e-002  8.4200000e-004  3.6700000e-004  3.3500000e-004  7.4800000e-004  7.4700000e-004  7.7700000e-004  1.0040000e-003  1.5370000e-003  2.5890000e-003  4.3130000e-003  7.3360000e-003  1.1870000e-002  1.9530000e-002  3.1123000e-002  4.8640000e-002  7.6511000e-002  1.2044600e-001
  1.8475000e-002  7.7200000e-004  3.6900000e-004  3.4500000e-004  6.9400000e-004  7.0600000e-004  7.3800000e-004  9.2500000e-004  1.4750000e-003  2.5040000e-003  4.1920000e-003  7.0110000e-003  1.1501000e-002  1.8768000e-002  2.9885000e-002  4.6404000e-002  7.1980000e-002  1.1275600e-001
  1.8439000e-002  8.0600000e-004  3.7300000e-004  3.2800000e-004  6.3200000e-004  6.7300000e-004  7.1100000e-004  9.1300000e-004  1.4390000e-003  2.5570000e-003  4.2580000e-003  7.2500000e-003  1.1757000e-002  1.9253000e-002  3.0887000e-002  4.8694000e-002  7.7230000e-002  1.2058200e-001
  1.8061000e-002  7.7600000e-004  3.3700000e-004  2.9400000e-004  6.5500000e-004  6.8200000e-004  7.2900000e-004  9.3200000e-004  1.4350000e-003  2.6330000e-003  4.6040000e-003  7.3070000e-003  1.1970000e-002  1.9749000e-002  3.2034000e-002  4.9288000e-002  7.5533000e-002  1.1551300e-001
  1.8240000e-002  7.1800000e-004  3.3600000e-004  2.9700000e-004  6.3400000e-004  7.1500000e-004  7.0800000e-004  9.1500000e-004  1.3870000e-003  2.5340000e-003  4.4150000e-003  7.1570000e-003  1.1790000e-002  1.8987000e-002  3.0821000e-002  4.7865000e-002  7.4128000e-002  1.1429500e-001
  1.7837000e-002  6.9400000e-004  3.6500000e-004  3.0400000e-004  6.4700000e-004  6.8700000e-004  6.7300000e-004  9.1700000e-004  1.3960000e-003  2.4860000e-003  4.3860000e-003  7.0400000e-003  1.1405000e-002  1.8440000e-002  2.9320000e-002  4.6011000e-002  7.1829000e-002  1.1218000e-001
  1.6940000e-002  7.4100000e-004  3.5000000e-004  2.8300000e-004  6.3300000e-004  7.0400000e-004  6.8600000e-004  8.6000000e-004  1.4020000e-003  2.4400000e-003  4.4250000e-003  7.2440000e-003  1.1807000e-002  1.8807000e-002  3.0331000e-002  4.8174000e-002  7.4776000e-002  1.1569800e-001
  1.6532000e-002  6.9100000e-004  3.2600000e-004  2.7800000e-004  6.4000000e-004  7.3700000e-004  7.1700000e-004  8.7700000e-004  1.3440000e-003  2.4460000e-003  4.4050000e-003  7.0790000e-003  1.1681000e-002  1.8224000e-002  2.9620000e-002  4.6954000e-002  7.3311000e-002  1.1506600e-001
  1.6184000e-002  6.5500000e-004  3.0500000e-004  2.7600000e-004  6.3400000e-004  6.8600000e-004  6.5300000e-004  8.5900000e-004  1.3240000e-003  2.3820000e-003  4.3060000e-003  7.3330000e-003  1.1337000e-002  1.8069000e-002  2.9189000e-002  4.6831000e-002  7.1445000e-002  1.1273200e-001
  1.5458000e-002  6.0700000e-004  2.8800000e-004  2.6000000e-004  6.1900000e-004  7.0800000e-004  6.7200000e-004  8.4700000e-004  1.2980000e-003  2.2930000e-003  4.1580000e-003  7.0920000e-003  1.1021000e-002  1.7967000e-002  2.8666000e-002  4.5627000e-002  7.1095000e-002  1.1214300e-001
  1.4195000e-002  5.5500000e-004  2.9000000e-004  2.6000000e-004  6.2000000e-004  6.8600000e-004  6.7200000e-004  8.2700000e-004  1.2980000e-003  2.2630000e-003  4.0570000e-003  7.0980000e-003  1.1104000e-002  1.8281000e-002  2.8852000e-002  4.6130000e-002  7.2593000e-002  1.1490800e-001
  1.3770000e-002  5.5300000e-004  2.6500000e-004  2.4300000e-004  5.9100000e-004  6.7000000e-004  6.6000000e-004  8.0200000e-004  1.2690000e-003  2.1480000e-003  3.9740000e-003  6.8250000e-003  1.0775000e-002  1.7687000e-002  2.7900000e-002  4.4172000e-002  6.9047000e-002  1.0802000e-001
  1.3589000e-002  5.6400000e-004  2.8400000e-004  2.5600000e-004  6.3500000e-004  7.1000000e-004  6.8900000e-004  8.2400000e-004  1.3160000e-003  2.1580000e-003  3.9100000e-003  6.9600000e-003  1.0994000e-002  1.7792000e-002  2.8062000e-002  4.4211000e-002  6.9575000e-002  1.0782200e-001
  1.3354000e-002  5.0200000e-004  2.7400000e-004  2.4700000e-004  5.8900000e-004  6.4400000e-004  6.8700000e-004  8.2000000e-004  1.2370000e-003  2.1260000e-003  3.8400000e-003  6.8480000e-003  1.1317000e-002  1.7587000e-002  2.7643000e-002  4.4075000e-002  6.9954000e-002  1.0836300e-001
  1.2453000e-002  5.0900000e-004  2.5600000e-004  2.3300000e-004  5.9200000e-004  6.3500000e-004  6.4600000e-004  7.7600000e-004  1.2040000e-003  2.0410000e-003  3.6490000e-003  6.5000000e-003  1.0915000e-002  1.7161000e-002  2.6963000e-002  4.2675000e-002  6.7481000e-002  1.0426200e-001
  1.1082000e-002  4.9700000e-004  2.3400000e-004  2.4300000e-004  5.7800000e-004  5.9400000e-004  6.3500000e-004  7.8000000e-004  1.1160000e-003  2.0150000e-003  3.5700000e-003  6.2890000e-003  1.0650000e-002  1.6525000e-002  2.6362000e-002  4.2085000e-002  6.5796000e-002  1.0393500e-001
  1.0822000e-002  4.6600000e-004  2.1100000e-004  2.3700000e-004  5.4500000e-004  6.1000000e-004  6.2300000e-004  7.8900000e-004  1.1200000e-003  1.9160000e-003  3.4040000e-003  6.0600000e-003  1.0464000e-002  1.6446000e-002  2.6570000e-002  4.1953000e-002  6.5644000e-002  1.0326900e-001
  1.0228000e-002  4.4000000e-004  2.2400000e-004  2.3100000e-004  5.3600000e-004  5.6600000e-004  6.2100000e-004  7.5900000e-004  1.1090000e-003  1.8600000e-003  3.3870000e-003  5.8630000e-003  1.0213000e-002  1.6555000e-002  2.6400000e-002  4.1208000e-002  6.4249000e-002  1.0146100e-001
  9.5690000e-003  4.2500000e-004  2.0700000e-004  2.2700000e-004  5.0700000e-004  5.7800000e-004  6.2300000e-004  7.5000000e-004  1.0730000e-003  1.7870000e-003  3.2700000e-003  5.6700000e-003  9.9010000e-003  1.6550000e-002  2.5265000e-002  3.9858000e-002  6.1945000e-002  9.6811000e-002
  9.5140000e-003  4.5200000e-004  1.9800000e-004  2.4000000e-004  4.8200000e-004  5.7000000e-004  5.6800000e-004  7.4200000e-004  1.0980000e-003  1.8200000e-003  3.1940000e-003  5.6080000e-003  9.7880000e-003  1.6597000e-002  2.5453000e-002  4.0894000e-002  6.4055000e-002  1.0065400e-001
  9.6040000e-003  4.2100000e-004  1.8900000e-004  2.0200000e-004  5.0900000e-004  5.7500000e-004  5.8700000e-004  7.6100000e-004  1.0910000e-003  1.7570000e-003  3.1570000e-003  5.3850000e-003  9.4380000e-003  1.6091000e-002  2.4828000e-002  4.0022000e-002  6.2618000e-002  9.6478000e-002
  9.3770000e-003  4.1600000e-004  1.7600000e-004  2.1100000e-004  5.0100000e-004  5.8200000e-004  5.7600000e-004  7.9600000e-004  1.0760000e-003  1.7400000e-003  3.0460000e-003  5.2320000e-003  9.2400000e-003  1.5616000e-002  2.4159000e-002  3.8998000e-002  6.0088000e-002  9.1896000e-002
  9.2140000e-003  4.1600000e-004  1.9200000e-004  2.0800000e-004  4.9100000e-004  5.8700000e-004  5.8000000e-004  7.8900000e-004  1.0850000e-003  1.7320000e-003  3.0140000e-003  5.0550000e-003  8.8350000e-003  1.5453000e-002  2.4240000e-002  3.8764000e-002  5.9466000e-002  9.1092000e-002
  8.4870000e-003  4.0600000e-004  1.9300000e-004  1.9000000e-004  5.1900000e-004  5.9100000e-004  5.9200000e-004  7.4500000e-004  1.1180000e-003  1.6780000e-003  2.9110000e-003  4.9070000e-003  8.5590000e-003  1.4902000e-002  2.4503000e-002  3.7541000e-002  5.9618000e-002  9.2075000e-002
  8.0650000e-003  3.8100000e-004  1.7300000e-004  1.8900000e-004  5.1600000e-004  6.2000000e-004  6.4500000e-004  7.4600000e-004  1.1140000e-003  1.6860000e-003  2.8440000e-003  4.8130000e-003  8.3610000e-003  1.4487000e-002  2.3768000e-002  3.6386000e-002  5.7879000e-002  8.8780000e-002
  7.3960000e-003  3.6400000e-004  1.8300000e-004  1.8800000e-004  5.1100000e-004  6.0700000e-004  6.0600000e-004  7.5800000e-004  1.1120000e-003  1.6770000e-003  2.7620000e-003  4.7630000e-003  7.9800000e-003  1.3938000e-002  2.3379000e-002  3.6151000e-002  5.7893000e-002  8.9721000e-002
  6.5660000e-003  3.1700000e-004  1.5800000e-004  1.6700000e-004  4.4900000e-004  5.7700000e-004  5.9900000e-004  7.5500000e-004  1.1160000e-003  1.6570000e-003  2.6570000e-003  4.5780000e-003  7.7460000e-003  1.3525000e-002  2.2672000e-002  3.5291000e-002  5.6537000e-002  8.7411000e-002
  6.2650000e-003  3.2000000e-004  1.4200000e-004  1.8500000e-004  4.3200000e-004  5.7700000e-004  6.1200000e-004  7.5800000e-004  1.0680000e-003  1.6600000e-003  2.6090000e-003  4.6080000e-003  7.6970000e-003  1.3439000e-002  2.2767000e-002  3.6162000e-002  5.7805000e-002  9.0794000e-002
  6.1850000e-003  2.8900000e-004  1.3800000e-004  1.6700000e-004  4.0000000e-004  5.7500000e-004  6.1900000e-004  7.9100000e-004  1.0610000e-003  1.6760000e-003  2.5420000e-003  4.3440000e-003  7.2360000e-003  1.2603000e-002  2.1547000e-002  3.5296000e-002  5.3736000e-002  8.6634000e-002
  6.1040000e-003  2.6500000e-004  1.3700000e-004  1.7100000e-004  4.2600000e-004  5.8400000e-004  6.3400000e-004  7.8200000e-004  1.0630000e-003  1.6770000e-003  2.6150000e-003  4.3680000e-003  7.2870000e-003  1.2414000e-002  2.1385000e-002  3.5166000e-002  5.4819000e-002  8.8827000e-002
  6.1450000e-003  2.8300000e-004  1.1900000e-004  1.5000000e-004  4.3900000e-004  5.7500000e-004  6.4300000e-004  7.7400000e-004  1.0490000e-003  1.6400000e-003  2.5750000e-003  4.1960000e-003  7.1520000e-003  1.1978000e-002  2.0429000e-002  3.4115000e-002  5.2777000e-002  8.7045000e-002
