  6.6200000e+005  2.8711245e+006  3.4570965e+006  2.8153720e+006  2.7079590e+006  2.8616505e+006  3.1666750e+006  3.2229575e+006  3.1851270e+006  3.3509685e+006  3.2309060e+006  2.8759895e+006  2.4597360e+006  2.1666685e+006  1.8417630e+006  1.4430915e+006  9.5231800e+005  4.7927437e+005
  6.6425000e+005  2.7363225e+006  3.6105015e+006  2.8667170e+006  2.7231210e+006  2.8285400e+006  3.0953330e+006  3.3484680e+006  3.0321160e+006  3.3377590e+006  3.2585610e+006  2.9424685e+006  2.4935940e+006  2.1819455e+006  1.8513935e+006  1.4544080e+006  9.7281650e+005  4.9674864e+005
  6.6475000e+005  2.6650035e+006  3.6716780e+006  2.9517850e+006  2.7467735e+006  2.7938790e+006  3.0376450e+006  3.4126225e+006  2.9252280e+006  3.3268855e+006  3.2779690e+006  3.0026425e+006  2.5389840e+006  2.2000595e+006  1.8599440e+006  1.4656800e+006  9.9049350e+005  5.1608395e+005
  6.6325000e+005  2.6324990e+006  3.6864545e+006  3.0610305e+006  2.7619945e+006  2.7678590e+006  2.9922805e+006  3.3472410e+006  2.9601655e+006  3.3040965e+006  3.2883100e+006  3.0525230e+006  2.5975955e+006  2.2203025e+006  1.8690180e+006  1.4764375e+006  1.0042950e+006  5.3487370e+005
  6.7575000e+005  2.6224980e+006  3.6303555e+006  3.2267165e+006  2.7654680e+006  2.7568020e+006  2.9598690e+006  3.2326585e+006  3.0722355e+006  3.2471985e+006  3.2919365e+006  3.0926950e+006  2.6636835e+006  2.2441310e+006  1.8834610e+006  1.4873490e+006  1.0189180e+006  5.5200775e+005
  6.9750000e+005  2.6349985e+006  3.4881245e+006  3.4380960e+006  2.7866205e+006  2.7604605e+006  2.9306505e+006  3.1426745e+006  3.1897070e+006  3.1453785e+006  3.2889675e+006  3.1274060e+006  2.7304895e+006  2.2737360e+006  1.9014180e+006  1.4987645e+006  1.0348405e+006  5.7019511e+005
  7.1850000e+005  2.6679990e+006  3.3568215e+006  3.5910020e+006  2.8484675e+006  2.7868715e+006  2.8962900e+006  3.0748340e+006  3.3174685e+006  3.0003670e+006  3.2837590e+006  3.1578115e+006  2.7959680e+006  2.3080945e+006  1.9189450e+006  1.5078940e+006  1.0464080e+006  5.8558439e+005
  7.3450000e+005  2.7239990e+006  3.2897540e+006  3.6556795e+006  2.9507870e+006  2.8287735e+006  2.8653785e+006  3.0248955e+006  3.3863730e+006  2.9027285e+006  3.2786365e+006  3.1794710e+006  2.8568925e+006  2.3509855e+006  1.9375600e+006  1.5184445e+006  1.0551820e+006  5.9780635e+005
  7.5387500e+005  2.7908745e+006  3.2523760e+006  3.7239060e+006  3.0665075e+006  2.8569845e+006  2.8459100e+006  2.9882900e+006  3.3197780e+006  2.9533385e+006  3.2650250e+006  3.1928945e+006  2.9101495e+006  2.4024520e+006  1.9588965e+006  1.5310440e+006  1.0613855e+006  6.1128535e+005
  7.8280000e+005  2.8733000e+006  3.2645000e+006  3.6858000e+006  3.2500000e+006  2.8805000e+006  2.8506000e+006  2.9746000e+006  3.2151000e+006  3.0777000e+006  3.2137000e+006  3.1999000e+006  2.9527000e+006  2.4620000e+006  1.9811000e+006  1.5442000e+006  1.0709000e+006  6.2307093e+005
  8.0997500e+005  2.9735500e+006  3.3236000e+006  3.5223500e+006  3.4767000e+006  2.9201250e+006  2.8742500e+006  2.9686750e+006  3.1458250e+006  3.1957250e+006  3.1127750e+006  3.2013000e+006  2.9887000e+006  2.5301500e+006  2.0029500e+006  1.5589000e+006  1.0871000e+006  6.3105916e+005
  8.2865000e+005  3.0703500e+006  3.3897000e+006  3.4018500e+006  3.6208500e+006  2.9756500e+006  2.9007000e+006  2.9408750e+006  3.0871250e+006  3.3118250e+006  2.9768500e+006  3.2004250e+006  3.0231000e+006  2.6023750e+006  2.0286000e+006  1.5741250e+006  1.1065500e+006  6.3697051e+005
  8.4022500e+005  3.1627750e+006  3.4640500e+006  3.3334500e+006  3.6818250e+006  3.0504250e+006  2.9307750e+006  2.9001750e+006  3.0426500e+006  3.3611750e+006  2.8866250e+006  3.1961000e+006  3.0515500e+006  2.6683000e+006  2.0677000e+006  1.5911750e+006  1.1292000e+006  6.4601870e+005
  8.4310000e+005  3.2463750e+006  3.5507750e+006  3.2986250e+006  3.6998500e+006  3.1471000e+006  2.9516250e+006  2.8721750e+006  3.0092750e+006  3.2981500e+006  2.9208250e+006  3.1747500e+006  3.0684500e+006  2.7135500e+006  2.1199750e+006  1.6095250e+006  1.1403000e+006  6.5758791e+005
  8.3602500e+005  3.3056500e+006  3.6495500e+006  3.2917750e+006  3.6581750e+006  3.3018500e+006  2.9581250e+006  2.8646750e+006  2.9796750e+006  3.1967750e+006  3.0248000e+006  3.1187750e+006  3.0722250e+006  2.7421750e+006  2.1752750e+006  1.6283750e+006  1.1398500e+006  6.6589631e+005
  8.2287500e+005  3.3338750e+006  3.7558750e+006  3.3204500e+006  3.5419000e+006  3.5003500e+006  2.9700000e+006  2.8677250e+006  2.9470000e+006  3.1160750e+006  3.1370250e+006  3.0180000e+006  3.0674250e+006  2.7712000e+006  2.2337500e+006  1.6486250e+006  1.1481500e+006  6.7518988e+005
  8.0915000e+005  3.3325000e+006  3.8643000e+006  3.3767250e+006  3.4298250e+006  3.6478500e+006  3.0066500e+006  2.8808500e+006  2.9070250e+006  3.0527750e+006  3.2504000e+006  2.8778500e+006  3.0595250e+006  2.8027750e+006  2.2961250e+006  1.6706250e+006  1.1616750e+006  6.8515520e+005
  7.9357500e+005  3.2982750e+006  3.9642250e+006  3.4484000e+006  3.3697250e+006  3.7192500e+006  3.0660750e+006  2.8998250e+006  2.8628250e+006  3.0033000e+006  3.2985500e+006  2.7855500e+006  3.0490250e+006  2.8284500e+006  2.3512250e+006  1.7005750e+006  1.1725000e+006  6.9524636e+005
  7.7897500e+005  3.2393500e+006  4.0318500e+006  3.5397000e+006  3.3447250e+006  3.7544250e+006  3.1507000e+006  2.9066750e+006  2.8269250e+006  2.9644250e+006  3.2323250e+006  2.8202500e+006  3.0254500e+006  2.8441750e+006  2.3925250e+006  1.7448000e+006  1.1872000e+006  7.0485000e+005
  7.6605000e+005  3.1753750e+006  4.0623250e+006  3.6462500e+006  3.3503500e+006  3.7230500e+006  3.3016750e+006  2.9010250e+006  2.8091000e+006  2.9320750e+006  3.1303750e+006  2.9246000e+006  2.9735000e+006  2.8495750e+006  2.4263750e+006  1.7968500e+006  1.2061500e+006  7.1533819e+005
  7.3500000e+005  3.1148750e+006  4.0769250e+006  3.7516000e+006  3.3809000e+006  3.6062000e+006  3.5040500e+006  2.9110000e+006  2.8128750e+006  2.9006000e+006  3.0531750e+006  3.0388000e+006  2.8790000e+006  2.8468500e+006  2.4576000e+006  1.8474500e+006  1.2233500e+006  7.2672422e+005
  6.8745000e+005  3.0397500e+006  4.0678000e+006  3.8532750e+006  3.4252000e+006  3.4936500e+006  3.6523500e+006  2.9560750e+006  2.8354000e+006  2.8637000e+006  2.9938750e+006  3.1567000e+006  2.7450250e+006  2.8413750e+006  2.4862750e+006  1.8974750e+006  1.2390750e+006  7.3665279e+005
  6.4387500e+005  2.9344000e+006  4.0191250e+006  3.9505500e+006  3.4879250e+006  3.4316500e+006  3.7169750e+006  3.0234500e+006  2.8609500e+006  2.8222750e+006  2.9475250e+006  3.2077000e+006  2.6584750e+006  2.8342500e+006  2.5099250e+006  1.9443750e+006  1.2617750e+006  7.4537588e+005
  6.1160000e+005  2.8001500e+006  3.9519500e+006  4.0259750e+006  3.5770750e+006  3.4003750e+006  3.7450500e+006  3.1087000e+006  2.8665000e+006  2.7874250e+006  2.9110000e+006  3.1422250e+006  2.6948750e+006  2.8149500e+006  2.5240750e+006  1.9812000e+006  1.2951750e+006  7.5615344e+005
  5.8512500e+005  2.6464000e+006  3.8834250e+006  4.0679500e+006  3.6799250e+006  3.4029250e+006  3.7096500e+006  3.2557750e+006  2.8536000e+006  2.7682750e+006  2.8792750e+006  3.0395250e+006  2.7956500e+006  2.7681750e+006  2.5293000e+006  2.0112750e+006  1.3339500e+006  7.6744073e+005
  5.6755000e+005  2.4992500e+006  3.7969500e+006  4.0808250e+006  3.7820750e+006  3.4345750e+006  3.5916500e+006  3.4545250e+006  2.8587500e+006  2.7706250e+006  2.8477000e+006  2.9618000e+006  2.9043500e+006  2.6791750e+006  2.5307500e+006  2.0411500e+006  1.3747750e+006  7.7885429e+005
  5.7797500e+005  2.3858750e+006  3.6796000e+006  4.0637000e+006  3.8852250e+006  3.4807500e+006  3.4806500e+006  3.6039500e+006  2.9058250e+006  2.7939500e+006  2.8133250e+006  2.9047000e+006  3.0159000e+006  2.5531250e+006  2.5320000e+006  2.0706750e+006  1.4177750e+006  7.9274930e+005
  6.1035000e+005  2.3264250e+006  3.5372750e+006  4.0142500e+006  3.9892750e+006  3.5454250e+006  3.4208250e+006  3.6755000e+006  2.9825000e+006  2.8227750e+006  2.7775500e+006  2.8639500e+006  3.0640500e+006  2.4752250e+006  2.5321500e+006  2.0965750e+006  1.4590250e+006  8.1039921e+005
  6.3229900e+005  2.3283845e+006  3.3762230e+006  3.9483195e+006  4.0745110e+006  3.6368020e+006  3.3869075e+006  3.7070595e+006  3.0754580e+006  2.8314235e+006  2.7471400e+006  2.8344070e+006  3.0027835e+006  2.5132930e+006  2.5206560e+006  2.1161245e+006  1.4941655e+006  8.3625210e+005
  6.3179800e+005  2.3756545e+006  3.2028540e+006  3.8773350e+006  4.1259475e+006  3.7370005e+006  3.3753545e+006  3.6648920e+006  3.2199970e+006  2.8196185e+006  2.7279440e+006  2.8085030e+006  2.9066975e+006  2.6086390e+006  2.4807120e+006  2.1278190e+006  1.5239960e+006  8.6622445e+005
  6.2434900e+005  2.4385010e+006  3.0463910e+006  3.7873090e+006  4.1450440e+006  3.8330530e+006  3.3877240e+006  3.5371150e+006  3.4130500e+006  2.8249870e+006  2.7280355e+006  2.7801040e+006  2.8356360e+006  2.7113280e+006  2.4001015e+006  2.1339290e+006  1.5532080e+006  8.9768397e+005
  6.2224300e+005  2.4864680e+006  2.9496895e+006  3.6686665e+006  4.1227165e+006  3.9416750e+006  3.4295845e+006  3.4221290e+006  3.5629705e+006  2.8706385e+006  2.7492645e+006  2.7467335e+006  2.7857440e+006  2.8177905e+006  2.2881335e+006  2.1385610e+006  1.5840785e+006  9.3206325e+005
  6.2935800e+005  2.5044720e+006  2.9303010e+006  3.5299240e+006  4.0585730e+006  4.0611840e+006  3.5077625e+006  3.3663090e+006  3.6414485e+006  2.9452090e+006  2.7762810e+006  2.7120360e+006  2.7515275e+006  2.8651540e+006  2.2228555e+006  2.1420160e+006  1.6126800e+006  9.6889575e+005
  6.4386950e+005  2.5101590e+006  2.9664095e+006  3.3802045e+006  3.9823385e+006  4.1573595e+006  3.6160815e+006  3.3449845e+006  3.6837455e+006  3.0403400e+006  2.7848980e+006  2.6840080e+006  2.7269105e+006  2.8123485e+006  2.2637765e+006  2.1358475e+006  1.6337355e+006  1.0012737e+006
  6.5573800e+005  2.5296850e+006  3.0277250e+006  3.2223600e+006  3.9091445e+006  4.2074880e+006  3.7393165e+006  3.3565735e+006  3.6566765e+006  3.1927920e+006  2.7760605e+006  2.6677775e+006  2.7044525e+006  2.7279610e+006  2.3564310e+006  2.1058275e+006  1.6474370e+006  1.0311169e+006
  6.6726150e+005  2.5630895e+006  3.0968350e+006  3.0778535e+006  3.8223295e+006  4.2117515e+006  3.8624380e+006  3.3972570e+006  3.5441715e+006  3.3956740e+006  2.7850910e+006  2.6698480e+006  2.6788990e+006  2.6646785e+006  2.4542375e+006  2.0406370e+006  1.6575875e+006  1.0641561e+006
  6.7889450e+005  2.6072755e+006  3.1509230e+006  2.9870425e+006  3.7083315e+006  4.1771720e+006  3.9809745e+006  3.4559870e+006  3.4362645e+006  3.5517125e+006  2.8332190e+006  2.6920755e+006  2.6491495e+006  2.6200780e+006  2.5532380e+006  1.9487105e+006  1.6672650e+006  1.0956198e+006
  6.8288850e+005  2.6563295e+006  3.1780770e+006  2.9687595e+006  3.5732275e+006  4.1141235e+006  4.0947425e+006  3.5346440e+006  3.3799765e+006  3.6311390e+006  2.9091140e+006  2.7193595e+006  2.6182480e+006  2.5905745e+006  2.5974820e+006  1.8990205e+006  1.6763420e+006  1.1192677e+006
  6.8845650e+005  2.6953220e+006  3.1970745e+006  3.0028885e+006  3.4277115e+006  4.0383565e+006  4.1866260e+006  3.6390480e+006  3.3566780e+006  3.6737925e+006  3.0047230e+006  2.7280930e+006  2.5924580e+006  2.5703030e+006  2.5515350e+006  1.9433075e+006  1.6776950e+006  1.1359581e+006
  6.9613650e+005  2.7276920e+006  3.2245615e+006  3.0603555e+006  3.2710080e+006  3.9610625e+006  4.2370540e+006  3.7597745e+006  3.3675950e+006  3.6483990e+006  3.1583010e+006  2.7210820e+006  2.5783350e+006  2.5525880e+006  2.4791545e+006  2.0304335e+006  1.6607515e+006  1.1470172e+006
  6.9017350e+005  2.7531510e+006  3.2640790e+006  3.1248865e+006  3.1206170e+006  3.8735195e+006  4.2443440e+006  3.8810040e+006  3.4103975e+006  3.5375410e+006  3.3639705e+006  2.7337515e+006  2.5836255e+006  2.5318275e+006  2.4268680e+006  2.1175230e+006  1.6155185e+006  1.1537776e+006
  6.7613200e+005  2.7600350e+006  3.3150165e+006  3.1752750e+006  3.0224390e+006  3.7611865e+006  4.2159465e+006  4.0013020e+006  3.4730405e+006  3.4327975e+006  3.5234835e+006  2.7853755e+006  2.6088665e+006  2.5064275e+006  2.3899840e+006  2.2034145e+006  1.5463215e+006  1.1597377e+006
  6.6514250e+005  2.7516520e+006  3.3639175e+006  3.1992955e+006  2.9996860e+006  3.6287550e+006  4.1625195e+006  4.1212160e+006  3.5545200e+006  3.3802855e+006  3.6061715e+006  2.8643365e+006  2.6388525e+006  2.4803570e+006  2.3665835e+006  2.2430755e+006  1.5110865e+006  1.1681370e+006
  6.5146900e+005  2.7293315e+006  3.4046155e+006  3.2148310e+006  3.0305350e+006  3.4856825e+006  4.1004510e+006  4.2228450e+006  3.6600395e+006  3.3589590e+006  3.6513355e+006  2.9626100e+006  2.6510320e+006  2.4602180e+006  2.3529760e+006  2.2077300e+006  1.5536565e+006  1.1732740e+006
  6.4333350e+005  2.6866590e+006  3.4423530e+006  3.2402985e+006  3.0865325e+006  3.3321780e+006  4.0392495e+006  4.2864160e+006  3.7827055e+006  3.3721800e+006  3.6278345e+006  3.1166360e+006  2.6480895e+006  2.4518330e+006  2.3425155e+006  2.1509095e+006  1.6298340e+006  1.1639730e+006
