  7.1956000e-002  2.6100000e-003  7.8500000e-004  7.3900000e-004  1.4290000e-003  2.1500000e-003  2.2360000e-003  2.5020000e-003  3.0130000e-003  3.9080000e-003  6.2070000e-003  9.6960000e-003  1.4154000e-002  2.2933000e-002  3.6266000e-002  5.9263000e-002  9.9779000e-002  1.6439800e-001
  7.7348000e-002  3.0510000e-003  8.1900000e-004  7.1800000e-004  1.1870000e-003  1.6610000e-003  1.7730000e-003  2.0920000e-003  2.6930000e-003  3.6680000e-003  5.7050000e-003  9.2010000e-003  1.3890000e-002  2.2791000e-002  3.6981000e-002  6.1910000e-002  1.0811100e-001  1.8183200e-001
  6.5512000e-002  2.3590000e-003  6.3600000e-004  5.8800000e-004  1.0230000e-003  1.4700000e-003  1.6530000e-003  1.9100000e-003  2.3940000e-003  3.5680000e-003  5.4430000e-003  8.4620000e-003  1.3570000e-002  2.1345000e-002  3.6083000e-002  6.0127000e-002  1.0399700e-001  1.7129200e-001
  6.0493000e-002  2.1730000e-003  6.6300000e-004  5.6800000e-004  9.6200000e-004  1.3110000e-003  1.5900000e-003  1.7270000e-003  2.2190000e-003  3.1630000e-003  4.9190000e-003  7.7430000e-003  1.2401000e-002  2.0040000e-002  3.2196000e-002  5.2781000e-002  8.8957000e-002  1.4717400e-001
  5.8462000e-002  2.2220000e-003  6.1500000e-004  6.5300000e-004  1.5790000e-003  2.1000000e-003  1.9720000e-003  2.0400000e-003  2.5050000e-003  3.6130000e-003  5.2090000e-003  8.2210000e-003  1.2902000e-002  2.0523000e-002  3.3496000e-002  5.5583000e-002  9.4059000e-002  1.5288800e-001
  6.0612000e-002  2.1040000e-003  5.8400000e-004  5.5700000e-004  1.0500000e-003  1.4520000e-003  1.5760000e-003  1.8750000e-003  2.3750000e-003  3.4280000e-003  5.0050000e-003  7.9260000e-003  1.2801000e-002  2.0882000e-002  3.4142000e-002  5.6872000e-002  9.2721000e-002  1.5017400e-001
  5.8346000e-002  1.8440000e-003  5.3700000e-004  5.2000000e-004  8.2800000e-004  1.2180000e-003  1.4130000e-003  1.6910000e-003  2.1320000e-003  3.2280000e-003  4.6340000e-003  7.5570000e-003  1.1911000e-002  1.9118000e-002  3.1542000e-002  5.3333000e-002  8.7557000e-002  1.4513200e-001
  5.2659000e-002  1.6690000e-003  5.2700000e-004  5.0100000e-004  9.2400000e-004  1.2310000e-003  1.3190000e-003  1.6630000e-003  2.1980000e-003  3.1370000e-003  4.7720000e-003  7.6470000e-003  1.3108000e-002  2.0702000e-002  3.3947000e-002  5.5762000e-002  9.3769000e-002  1.5435200e-001
  4.8260000e-002  1.5900000e-003  4.7200000e-004  4.4200000e-004  8.9400000e-004  1.1320000e-003  1.2870000e-003  1.5970000e-003  2.1550000e-003  2.8200000e-003  4.6360000e-003  7.2630000e-003  1.2154000e-002  1.9458000e-002  3.2012000e-002  5.4745000e-002  9.3236000e-002  1.5107700e-001
  4.4383000e-002  1.3850000e-003  4.8200000e-004  4.8700000e-004  8.6500000e-004  1.1420000e-003  1.1940000e-003  1.5660000e-003  2.0950000e-003  2.7510000e-003  4.3910000e-003  6.9890000e-003  1.1348000e-002  1.8510000e-002  2.9654000e-002  5.0586000e-002  8.4951000e-002  1.4057500e-001
  4.7448000e-002  1.7040000e-003  4.6100000e-004  4.6600000e-004  8.5800000e-004  1.1000000e-003  1.2300000e-003  1.5530000e-003  2.1760000e-003  2.9260000e-003  4.6130000e-003  7.2990000e-003  1.2163000e-002  2.0005000e-002  3.2460000e-002  5.5891000e-002  9.6901000e-002  1.6192700e-001
  4.4519000e-002  1.4360000e-003  4.0300000e-004  4.4500000e-004  8.9500000e-004  1.1190000e-003  1.2090000e-003  1.5440000e-003  2.0940000e-003  2.9060000e-003  4.6660000e-003  6.8920000e-003  1.1342000e-002  1.8882000e-002  3.0315000e-002  5.0356000e-002  8.4981000e-002  1.3586500e-001
  4.1031000e-002  1.2450000e-003  4.1100000e-004  3.3000000e-004  7.5200000e-004  1.1020000e-003  1.1800000e-003  1.4370000e-003  2.0200000e-003  2.7460000e-003  4.3590000e-003  6.7090000e-003  1.1100000e-002  1.8661000e-002  3.0568000e-002  5.0629000e-002  8.2919000e-002  1.3761700e-001
  3.9950000e-002  1.3350000e-003  4.2400000e-004  3.6700000e-004  7.0500000e-004  9.6800000e-004  1.0910000e-003  1.4760000e-003  2.0540000e-003  2.9090000e-003  4.2410000e-003  6.8330000e-003  1.1464000e-002  1.8984000e-002  3.1407000e-002  5.3478000e-002  9.0833000e-002  1.5181300e-001
  4.0105000e-002  1.1230000e-003  3.6000000e-004  3.4800000e-004  7.1200000e-004  9.6900000e-004  1.0710000e-003  1.3530000e-003  2.0110000e-003  2.8340000e-003  4.0330000e-003  6.8420000e-003  1.0785000e-002  1.8004000e-002  2.9862000e-002  4.8715000e-002  8.0978000e-002  1.3375200e-001
  3.9269000e-002  1.1640000e-003  3.9900000e-004  3.6800000e-004  7.3200000e-004  1.0470000e-003  1.1070000e-003  1.4710000e-003  1.9040000e-003  2.9580000e-003  4.4390000e-003  6.8580000e-003  1.1053000e-002  1.8811000e-002  3.1203000e-002  5.2063000e-002  8.5916000e-002  1.4423200e-001
  3.7262000e-002  1.0660000e-003  4.0100000e-004  4.2200000e-004  7.7100000e-004  1.0330000e-003  1.1590000e-003  1.4880000e-003  2.1450000e-003  3.1390000e-003  4.3930000e-003  7.1660000e-003  1.1392000e-002  1.9150000e-002  3.2347000e-002  5.3268000e-002  8.9030000e-002  1.4975300e-001
  3.6460000e-002  9.5200000e-004  3.7800000e-004  3.8900000e-004  7.1800000e-004  9.8000000e-004  1.1620000e-003  1.5130000e-003  2.0020000e-003  3.1990000e-003  4.7250000e-003  7.3860000e-003  1.1545000e-002  1.9113000e-002  3.2992000e-002  5.4043000e-002  8.7726000e-002  1.4221100e-001
  3.6332000e-002  1.0500000e-003  4.0100000e-004  3.6700000e-004  7.8400000e-004  1.0040000e-003  1.2130000e-003  1.4290000e-003  2.1690000e-003  3.2560000e-003  4.8660000e-003  7.2350000e-003  1.1615000e-002  1.9616000e-002  3.3089000e-002  5.3610000e-002  8.8230000e-002  1.4502400e-001
  3.5822000e-002  8.8400000e-004  4.4000000e-004  3.6800000e-004  8.0100000e-004  1.1280000e-003  1.1860000e-003  1.5280000e-003  2.1720000e-003  3.4860000e-003  5.1710000e-003  7.4660000e-003  1.2174000e-002  1.9742000e-002  3.3072000e-002  5.5263000e-002  8.9245000e-002  1.4162300e-001
  3.4262000e-002  7.8700000e-004  3.8300000e-004  3.4300000e-004  7.1800000e-004  1.0310000e-003  1.1420000e-003  1.4930000e-003  2.2470000e-003  3.3700000e-003  5.0610000e-003  7.4350000e-003  1.1919000e-002  1.8775000e-002  3.0984000e-002  5.1153000e-002  8.3610000e-002  1.3542000e-001
  3.4911000e-002  8.4500000e-004  3.2600000e-004  3.5800000e-004  7.1800000e-004  9.5200000e-004  1.1370000e-003  1.4830000e-003  2.1100000e-003  3.3390000e-003  5.1660000e-003  7.4850000e-003  1.2367000e-002  1.8744000e-002  3.1906000e-002  5.2218000e-002  8.5932000e-002  1.3885000e-001
  3.8112000e-002  8.1000000e-004  3.8400000e-004  3.7500000e-004  7.5400000e-004  9.9500000e-004  1.0790000e-003  1.5900000e-003  2.1860000e-003  3.5480000e-003  5.3100000e-003  7.9640000e-003  1.1999000e-002  1.9092000e-002  3.1059000e-002  5.2014000e-002  8.3682000e-002  1.3391500e-001
  3.4285000e-002  7.4200000e-004  3.4500000e-004  3.5200000e-004  7.5600000e-004  1.0060000e-003  1.0680000e-003  1.5860000e-003  2.1460000e-003  3.5670000e-003  5.6570000e-003  8.2870000e-003  1.1747000e-002  1.9740000e-002  3.1665000e-002  5.3169000e-002  8.7713000e-002  1.3952800e-001
  2.9740000e-002  7.2800000e-004  3.0500000e-004  3.1200000e-004  7.3800000e-004  9.0900000e-004  1.0950000e-003  1.5320000e-003  2.3370000e-003  3.5130000e-003  5.6920000e-003  8.4170000e-003  1.2175000e-002  2.0085000e-002  3.1892000e-002  5.3803000e-002  8.6651000e-002  1.3809400e-001
  2.6163000e-002  6.3800000e-004  3.5100000e-004  3.3800000e-004  7.4400000e-004  9.4400000e-004  1.0720000e-003  1.5520000e-003  2.3160000e-003  3.6000000e-003  5.7860000e-003  8.6070000e-003  1.2305000e-002  1.9934000e-002  3.2136000e-002  5.2948000e-002  8.6812000e-002  1.3435900e-001
  2.4101000e-002  6.4000000e-004  3.3500000e-004  3.5800000e-004  7.7700000e-004  9.2500000e-004  1.1140000e-003  1.6670000e-003  2.5980000e-003  3.8840000e-003  6.2300000e-003  9.2310000e-003  1.3275000e-002  2.1580000e-002  3.3153000e-002  5.4919000e-002  9.1374000e-002  1.4370200e-001
  2.3542000e-002  5.9100000e-004  3.2400000e-004  3.2900000e-004  7.6600000e-004  9.2800000e-004  1.1790000e-003  1.6580000e-003  2.5600000e-003  4.0450000e-003  6.1350000e-003  9.5460000e-003  1.4048000e-002  2.0579000e-002  3.2319000e-002  5.2722000e-002  8.5853000e-002  1.3515100e-001
  2.2400000e-002  6.0500000e-004  3.2700000e-004  3.4600000e-004  7.3000000e-004  1.0680000e-003  1.2460000e-003  1.6460000e-003  2.8070000e-003  4.4070000e-003  6.7040000e-003  1.0126000e-002  1.4879000e-002  2.1868000e-002  3.3776000e-002  5.4655000e-002  8.9541000e-002  1.4245300e-001
  2.0680000e-002  5.3500000e-004  2.9400000e-004  3.2600000e-004  7.4000000e-004  1.0730000e-003  1.2740000e-003  1.9100000e-003  2.8590000e-003  4.5360000e-003  6.8830000e-003  1.0836000e-002  1.4974000e-002  2.1003000e-002  3.4748000e-002  5.4067000e-002  8.8231000e-002  1.3813100e-001
  1.9623000e-002  5.7200000e-004  3.0300000e-004  3.0900000e-004  7.3500000e-004  9.5000000e-004  1.1610000e-003  1.7890000e-003  2.8510000e-003  4.4560000e-003  6.8390000e-003  1.0413000e-002  1.5138000e-002  2.1649000e-002  3.4390000e-002  5.3669000e-002  8.5586000e-002  1.4014400e-001
  1.8833000e-002  5.7400000e-004  3.0300000e-004  3.2500000e-004  7.0400000e-004  1.0460000e-003  1.2930000e-003  1.9680000e-003  3.1460000e-003  4.8430000e-003  7.5320000e-003  1.0787000e-002  1.5952000e-002  2.2517000e-002  3.4995000e-002  5.3993000e-002  8.6706000e-002  1.4118300e-001
  2.0505000e-002  5.1300000e-004  2.4000000e-004  2.7800000e-004  6.9500000e-004  1.0260000e-003  1.3200000e-003  1.9910000e-003  3.0840000e-003  4.8550000e-003  7.3290000e-003  1.0888000e-002  1.6141000e-002  2.3254000e-002  3.3026000e-002  5.2531000e-002  8.4546000e-002  1.3692900e-001
  2.1019000e-002  5.4400000e-004  2.6700000e-004  2.4500000e-004  6.9400000e-004  1.0050000e-003  1.3420000e-003  2.0310000e-003  3.1270000e-003  4.8890000e-003  7.4910000e-003  1.0868000e-002  1.6036000e-002  2.2548000e-002  3.2049000e-002  5.2743000e-002  8.3626000e-002  1.3785300e-001
  1.9144000e-002  5.2600000e-004  2.7700000e-004  2.5700000e-004  6.8400000e-004  8.7500000e-004  1.3440000e-003  2.0420000e-003  3.0670000e-003  4.8100000e-003  7.3590000e-003  1.0743000e-002  1.6065000e-002  2.2963000e-002  3.2625000e-002  5.3060000e-002  8.2185000e-002  1.3629600e-001
  1.7353000e-002  5.8500000e-004  2.4500000e-004  2.5800000e-004  6.9900000e-004  8.9900000e-004  1.2760000e-003  1.9800000e-003  2.9790000e-003  4.5710000e-003  7.1020000e-003  1.0711000e-002  1.5526000e-002  2.2598000e-002  3.1528000e-002  5.1904000e-002  7.8677000e-002  1.3021800e-001
  1.5898000e-002  4.9800000e-004  2.3100000e-004  2.6800000e-004  6.4200000e-004  8.8100000e-004  1.2060000e-003  1.9480000e-003  2.9430000e-003  4.5430000e-003  6.9200000e-003  1.0542000e-002  1.5095000e-002  2.2587000e-002  3.1710000e-002  4.9436000e-002  7.6947000e-002  1.2686500e-001
  1.5853000e-002  5.4900000e-004  2.8500000e-004  2.7400000e-004  6.7000000e-004  9.7700000e-004  1.3280000e-003  2.1860000e-003  3.2830000e-003  4.9040000e-003  7.6860000e-003  1.1266000e-002  1.6167000e-002  2.3241000e-002  3.3233000e-002  4.8959000e-002  7.7024000e-002  1.2763100e-001
  1.5126000e-002  4.9900000e-004  2.9400000e-004  2.7000000e-004  7.3500000e-004  1.0700000e-003  1.3520000e-003  2.2500000e-003  3.4190000e-003  5.0530000e-003  7.8910000e-003  1.1265000e-002  1.6499000e-002  2.3285000e-002  3.2867000e-002  4.7612000e-002  7.9131000e-002  1.2699800e-001
  1.5882000e-002  5.0600000e-004  2.8400000e-004  2.3500000e-004  6.2200000e-004  9.8200000e-004  1.3810000e-003  2.1470000e-003  3.4870000e-003  5.3060000e-003  8.0510000e-003  1.1581000e-002  1.6224000e-002  2.3273000e-002  3.2898000e-002  4.6590000e-002  7.7668000e-002  1.2350600e-001
  1.3913000e-002  4.6300000e-004  2.3300000e-004  2.4600000e-004  6.5300000e-004  9.9200000e-004  1.2760000e-003  2.3480000e-003  3.8060000e-003  5.9450000e-003  8.5720000e-003  1.2416000e-002  1.7136000e-002  2.3516000e-002  3.4378000e-002  4.7806000e-002  7.8777000e-002  1.2425900e-001
  1.2321000e-002  5.1400000e-004  2.1900000e-004  2.5000000e-004  5.2900000e-004  8.5400000e-004  1.2310000e-003  2.2360000e-003  4.1760000e-003  6.2470000e-003  8.8110000e-003  1.2819000e-002  1.7114000e-002  2.4513000e-002  3.4238000e-002  4.8540000e-002  7.9266000e-002  1.2284000e-001
  1.1566000e-002  4.6400000e-004  1.8700000e-004  2.2500000e-004  5.5500000e-004  8.5200000e-004  1.0550000e-003  2.1030000e-003  4.0120000e-003  6.1400000e-003  8.7950000e-003  1.2472000e-002  1.7019000e-002  2.3614000e-002  3.3084000e-002  4.9593000e-002  7.3381000e-002  1.1940300e-001
  1.0581000e-002  4.3000000e-004  2.2300000e-004  2.6000000e-004  5.2800000e-004  7.1600000e-004  1.0470000e-003  2.0420000e-003  3.6950000e-003  5.8510000e-003  8.6740000e-003  1.2104000e-002  1.6884000e-002  2.3180000e-002  3.2772000e-002  4.7853000e-002  6.9905000e-002  1.2163900e-001
  1.0639000e-002  4.0400000e-004  2.1500000e-004  2.3300000e-004  4.7300000e-004  6.5000000e-004  9.7000000e-004  1.6170000e-003  3.2750000e-003  5.2750000e-003  8.0730000e-003  1.1138000e-002  1.5968000e-002  2.2133000e-002  3.2023000e-002  4.8350000e-002  7.0307000e-002  1.2364400e-001
