  1.7810400e+005  6.9523050e+005  7.6640550e+005  7.4355500e+005  7.3719150e+005  7.7395900e+005  7.8307700e+005  6.4064600e+005  5.9376850e+005  7.2763600e+005  6.4221550e+005  5.9521350e+005  4.8569300e+005  3.7621500e+005  3.2160650e+005  2.2289400e+005  1.3366550e+005  6.2387790e+004
  1.8670600e+005  7.0033900e+005  7.8065850e+005  7.5175150e+005  7.2980000e+005  7.7012700e+005  7.7674950e+005  7.2313700e+005  5.1704950e+005  7.3588400e+005  6.5146750e+005  6.0571800e+005  5.0228700e+005  3.8320700e+005  3.2511550e+005  2.3112400e+005  1.3673750e+005  6.2325190e+004
  2.0446800e+005  7.0989650e+005  7.9529200e+005  7.6408850e+005  7.2624350e+005  7.6196050e+005  7.7731400e+005  7.7068200e+005  4.7299000e+005  7.3827500e+005  6.6662100e+005  6.1238000e+005  5.1838050e+005  3.9287050e+005  3.2792450e+005  2.3860250e+005  1.4010950e+005  6.2233085e+004
  2.0624750e+005  7.3420250e+005  8.1667850e+005  7.7063500e+005  7.2839300e+005  7.4966550e+005  7.7801700e+005  7.8102400e+005  4.9069900e+005  7.1570850e+005  6.8613850e+005  6.1320500e+005  5.3655750e+005  4.0925100e+005  3.2707350e+005  2.4551050e+005  1.4436750e+005  6.4587780e+004
  1.9197950e+005  7.5688650e+005  8.4447850e+005  7.5895150e+005  7.1890000e+005  7.2331250e+005  7.6252350e+005  7.7638650e+005  5.5058300e+005  6.5494600e+005  6.9934200e+005  6.1383450e+005  5.5190150e+005  4.2854750e+005  3.2628500e+005  2.5194600e+005  1.4855200e+005  6.8044450e+004
  1.7194500e+005  7.6865200e+005  8.5709550e+005  7.5444300e+005  7.1259450e+005  6.9485950e+005  7.4489650e+005  7.6128950e+005  6.2426150e+005  5.7772600e+005  7.0675250e+005  6.1822200e+005  5.6285950e+005  4.4496350e+005  3.2893300e+005  2.5628600e+005  1.5337600e+005  7.1103335e+004
  1.5610150e+005  7.5578800e+005  8.6931250e+005  7.6807250e+005  7.2483300e+005  6.8243650e+005  7.3685900e+005  7.5281800e+005  7.0279250e+005  5.0166150e+005  7.1304600e+005  6.2627200e+005  5.7256650e+005  4.5986800e+005  3.3548750e+005  2.5955000e+005  1.5998550e+005  7.4214640e+004
  1.4891800e+005  7.1071150e+005  8.9734650e+005  7.8245500e+005  7.4192150e+005  6.7947550e+005  7.2731550e+005  7.5242050e+005  7.4806700e+005  4.5862450e+005  7.1466250e+005  6.4089150e+005  5.7861500e+005  4.7476400e+005  3.4431900e+005  2.6267200e+005  1.6610100e+005  7.7244905e+004
  1.4314100e+005  6.5669300e+005  9.2378900e+005  8.0374150e+005  7.4991950e+005  6.8407800e+005  7.1401250e+005  7.5145100e+005  7.5696350e+005  4.7567050e+005  6.9207950e+005  6.5919150e+005  5.7877600e+005  4.9174150e+005  3.5781950e+005  2.6264300e+005  1.7043900e+005  7.9958305e+004
  1.3797850e+005  6.1043950e+005  9.3621550e+005  8.3544450e+005  7.4602050e+005  6.9386350e+005  7.0006300e+005  7.4419650e+005  7.5902100e+005  5.3770250e+005  6.3643050e+005  6.7369800e+005  5.8087850e+005  5.0707050e+005  3.7509350e+005  2.6269250e+005  1.7516250e+005  8.2748260e+004
  1.3002050e+005  5.7808950e+005  9.3311550e+005  8.5345000e+005  7.5080100e+005  7.0777700e+005  6.8818750e+005  7.3803300e+005  7.5295050e+005  6.1544650e+005  5.6562400e+005  6.8476650e+005  5.8785650e+005  5.1913800e+005  3.9114850e+005  2.6594700e+005  1.7878400e+005  8.5442630e+004
  1.2620500e+005  5.5300050e+005  9.0633400e+005  8.6726500e+005  7.6581450e+005  7.2200550e+005  6.7919150e+005  7.3213100e+005  7.4622700e+005  6.9419950e+005  4.9227250e+005  6.9268050e+005  5.9722750e+005  5.2926200e+005  4.0575600e+005  2.7220600e+005  1.8200950e+005  8.9225145e+004
  1.2756450e+005  5.3109100e+005  8.5486350e+005  8.9538350e+005  7.7995800e+005  7.3829400e+005  6.7583500e+005  7.2250450e+005  7.4566400e+005  7.3885950e+005  4.5036200e+005  6.9477350e+005  6.1203000e+005  5.3587250e+005  4.1976400e+005  2.8068850e+005  1.8607600e+005  9.3860760e+004
  1.2805600e+005  5.1615800e+005  7.9568400e+005  9.2193800e+005  8.0137250e+005  7.4610650e+005  6.8019350e+005  7.0928300e+005  7.4468950e+005  7.4769700e+005  4.6742400e+005  6.7312800e+005  6.3013900e+005  5.3688250e+005  4.3514350e+005  2.9228900e+005  1.8683500e+005  9.6632160e+004
  1.3111750e+005  5.0690050e+005  7.4456500e+005  9.3444300e+005  8.3309350e+005  7.4235850e+005  6.9001900e+005  6.9556050e+005  7.3757950e+005  7.4976250e+005  5.2854100e+005  6.1888800e+005  6.4434450e+005  5.3924350e+005  4.4874800e+005  3.0661150e+005  1.8716100e+005  9.9152910e+004
  1.3884600e+005  5.0856950e+005  7.0455500e+005  9.3144150e+005  8.5113050e+005  7.4722850e+005  7.0394900e+005  6.8379550e+005  7.3164350e+005  7.4376900e+005  6.0496800e+005  5.4992550e+005  6.5538350e+005  5.4629200e+005  4.5971000e+005  3.2014000e+005  1.9053550e+005  1.0195210e+005
  1.4670250e+005  5.2155000e+005  6.7605950e+005  9.0470650e+005  8.6499400e+005  7.6226300e+005  7.1815150e+005  6.7486350e+005  7.2593400e+005  7.3703800e+005  6.8221050e+005  4.7858450e+005  6.6314950e+005  5.5524850e+005  4.6862000e+005  3.3184400e+005  1.9497950e+005  1.0328172e+005
  1.4979750e+005  5.4150200e+005  6.5677900e+005  8.5430500e+005  8.9624950e+005  7.7570950e+005  7.3199300e+005  6.7206050e+005  7.1681100e+005  7.3602600e+005  7.2579950e+005  4.3752450e+005  6.6500900e+005  5.6818750e+005  4.7366150e+005  3.4335350e+005  2.0115600e+005  1.0450360e+005
  1.4850400e+005  5.6372950e+005  6.4325650e+005  7.9599100e+005  9.2660750e+005  7.9672300e+005  7.3767000e+005  6.7620900e+005  7.0398200e+005  7.3477900e+005  7.3413150e+005  4.5379750e+005  6.4393700e+005  5.8422900e+005  4.7362150e+005  3.5582950e+005  2.1010900e+005  1.0537480e+005
  1.4633100e+005  5.8134950e+005  6.3649000e+005  7.4470600e+005  9.3949400e+005  8.2910300e+005  7.3456700e+005  6.8441050e+005  6.9026050e+005  7.2802850e+005  7.3534300e+005  5.1326200e+005  5.9088800e+005  5.9730700e+005  4.7456350e+005  3.6567100e+005  2.1913500e+005  1.0623166e+005
  1.4716200e+005  5.8922500e+005  6.4549150e+005  7.0479350e+005  9.3555050e+005  8.4851200e+005  7.3984700e+005  6.9642900e+005  6.7925800e+005  7.2233000e+005  7.2855550e+005  5.8733800e+005  5.2384100e+005  6.0774500e+005  4.8012200e+005  3.7373550e+005  2.2786500e+005  1.0865362e+005
  1.4992300e+005  5.8926350e+005  6.6658500e+005  6.7649850e+005  9.0758950e+005  8.6414150e+005  7.5530100e+005  7.0934250e+005  6.7083300e+005  7.1686850e+005  7.2146750e+005  6.6193700e+005  4.5501300e+005  6.1555750e+005  4.8811250e+005  3.8094700e+005  2.3645250e+005  1.1264519e+005
  1.6580200e+005  5.8904800e+005  6.8937400e+005  6.5649250e+005  8.5439300e+005  8.9408700e+005  7.7031100e+005  7.2499100e+005  6.6692100e+005  7.0750900e+005  7.2042450e+005  7.0380600e+005  4.1623250e+005  6.1732050e+005  5.0070050e+005  3.8495600e+005  2.4447300e+005  1.1753817e+005
  1.8432950e+005  6.0640050e+005  7.0981300e+005  6.4213300e+005  7.9394200e+005  9.2234350e+005  7.9249200e+005  7.3276500e+005  6.7013250e+005  6.9429300e+005  7.1915300e+005  7.1117850e+005  4.3285100e+005  5.9690200e+005  5.1615800e+005  3.8492300e+005  2.5320150e+005  1.2282974e+005
  1.8434600e+005  6.4434650e+005  7.2542300e+005  6.3542950e+005  7.4277600e+005  9.3525400e+005  8.2481600e+005  7.2971250e+005  6.7824750e+005  6.8065650e+005  7.1225200e+005  7.1168000e+005  4.8955600e+005  5.4671850e+005  5.2802250e+005  3.8582800e+005  2.6036050e+005  1.2800036e+005
  1.7680550e+005  6.8152200e+005  7.3417950e+005  6.4447500e+005  7.0295050e+005  9.3139600e+005  8.4421400e+005  7.3500650e+005  6.9007400e+005  6.6973450e+005  7.0640400e+005  7.0446250e+005  5.5963150e+005  4.8395100e+005  5.3704600e+005  3.9034550e+005  2.6596750e+005  1.3320985e+005
  1.6886400e+005  7.0841800e+005  7.3698650e+005  6.6555400e+005  6.7470050e+005  9.0354600e+005  8.5977700e+005  7.5038800e+005  7.0264950e+005  6.6125750e+005  7.0060600e+005  6.9674900e+005  6.2951200e+005  4.1971500e+005  5.4315650e+005  3.9647900e+005  2.7000150e+005  1.3788045e+005
  1.6224950e+005  7.1251650e+005  7.5511100e+005  6.8988850e+005  6.5673050e+005  8.4847200e+005  8.8119000e+005  7.5828650e+005  7.1386650e+005  6.5517150e+005  6.9072750e+005  6.9427800e+005  6.6889450e+005  3.8470300e+005  5.4570150e+005  4.0833450e+005  2.7278600e+005  1.4199133e+005
  1.5280700e+005  6.9151900e+005  7.9284100e+005  7.1157100e+005  6.4571050e+005  7.8666800e+005  9.0143200e+005  7.7334600e+005  7.1630100e+005  6.5589850e+005  6.7671000e+005  6.9160700e+005  6.7522650e+005  4.0086450e+005  5.2840750e+005  4.2221450e+005  2.7357150e+005  1.4612771e+005
  1.4288350e+005  6.5997500e+005  8.2998950e+005  7.2668150e+005  6.4088050e+005  7.3661650e+005  9.1549300e+005  8.0534700e+005  7.1130300e+005  6.6316400e+005  6.6188150e+005  6.8400500e+005  6.7321750e+005  4.5281050e+005  4.8195800e+005  4.3101150e+005  2.7402400e+005  1.4913547e+005
  1.3569550e+005  6.2599700e+005  8.5906400e+005  7.3549300e+005  6.5047600e+005  6.9779400e+005  9.1407450e+005  8.2387300e+005  7.1540750e+005  6.7324200e+005  6.5009200e+005  6.7744800e+005  6.6371600e+005  5.1671950e+005  4.2441400e+005  4.3796750e+005  2.7755000e+005  1.5169855e+005
  1.2811900e+005  5.9223850e+005  8.7733750e+005  7.3965250e+005  6.7057350e+005  6.7134000e+005  8.8964850e+005  8.3816700e+005  7.2945300e+005  6.8386900e+005  6.4072100e+005  6.7130700e+005  6.5401150e+005  5.7920850e+005  3.6684350e+005  4.4273850e+005  2.8270000e+005  1.5364564e+005
  1.2404950e+005  5.5758150e+005  8.7366100e+005  7.5644800e+005  6.9106100e+005  6.5419200e+005  8.4003650e+005  8.6668350e+005  7.4294800e+005  6.9747200e+005  6.3516200e+005  6.6149200e+005  6.5048650e+005  6.1192300e+005  3.3578550e+005  4.4291500e+005  2.9066350e+005  1.5430094e+005
  1.2541650e+005  5.2893850e+005  8.4247850e+005  7.9172600e+005  7.0988100e+005  6.4274450e+005  7.8215400e+005  8.9453300e+005  7.6418800e+005  7.0283950e+005  6.3693250e+005  6.4763200e+005  6.4781000e+005  6.1505900e+005  3.5055700e+005  4.2692100e+005  3.0010350e+005  1.5408732e+005
  1.2690050e+005  5.1158150e+005  8.0110200e+005  8.2888250e+005  7.2499650e+005  6.3802100e+005  7.3238800e+005  9.0837750e+005  7.9553500e+005  6.9770050e+005  6.4371700e+005  6.3306650e+005  6.4044700e+005  6.1249200e+005  3.9643550e+005  3.8888250e+005  3.0721200e+005  1.5504948e+005
  1.2493900e+005  5.0286550e+005  7.6002150e+005  8.5797400e+005  7.3382350e+005  6.4767600e+005  6.9380300e+005  9.0677200e+005  8.1372450e+005  7.0163450e+005  6.5340400e+005  6.2149200e+005  6.3428850e+005  6.0307250e+005  4.5197550e+005  3.4223750e+005  3.1379950e+005  1.5803532e+005
  1.2319950e+005  4.9974400e+005  7.1881350e+005  8.7626900e+005  7.3802650e+005  6.6775800e+005  6.6756650e+005  8.8239400e+005  8.2784650e+005  7.1556450e+005  6.6388400e+005  6.1248500e+005  6.2883550e+005  5.9398400e+005  5.0612200e+005  2.9647750e+005  3.1974200e+005  1.6269065e+005
  1.2193450e+005  4.9752900e+005  6.7738950e+005  8.6981850e+005  7.5329400e+005  6.7842400e+005  6.3876850e+005  8.1906900e+005  8.4275550e+005  7.2071600e+005  6.7137950e+005  6.0339400e+005  6.1616900e+005  5.8845150e+005  5.3097850e+005  2.7132100e+005  3.1906950e+005  1.6884318e+005
  1.2269300e+005  4.9314000e+005  6.4725250e+005  8.3403300e+005  7.8968200e+005  6.8877750e+005  6.1464050e+005  7.4951050e+005  8.5533200e+005  7.3229800e+005  6.7064950e+005  6.0063150e+005  5.9949150e+005  5.8340100e+005  5.3029750e+005  2.8374550e+005  3.0547600e+005  1.7532948e+005
  1.2473450e+005  4.8997600e+005  6.3134650e+005  7.9067650e+005  8.3035150e+005  7.0584900e+005  6.0908350e+005  7.0325650e+005  8.6645100e+005  7.6082900e+005  6.6502800e+005  6.0599050e+005  5.8568800e+005  5.7636700e+005  5.2829400e+005  3.2252200e+005  2.7839100e+005  1.8082905e+005
  1.2281500e+005  4.9052850e+005  6.2109950e+005  7.4944900e+005  8.6011250e+005  7.1668850e+005  6.1907800e+005  6.6645000e+005  8.6365650e+005  7.7626550e+005  6.6713450e+005  6.1404450e+005  5.7415800e+005  5.7011200e+005  5.1996350e+005  3.6756850e+005  2.4524950e+005  1.8626021e+005
  1.1798350e+005  4.9055300e+005  6.1705150e+005  7.0883400e+005  8.7735350e+005  7.2364750e+005  6.4074350e+005  6.4009850e+005  8.3955150e+005  7.8732050e+005  6.7826450e+005  6.2232350e+005  5.6481650e+005  5.6377700e+005  5.1147750e+005  4.1001400e+005  2.1263300e+005  1.9089219e+005
  1.1509750e+005  4.8684100e+005  6.1615550e+005  6.7228900e+005  8.6909100e+005  7.4521950e+005  6.6381150e+005  6.2210250e+005  7.9200150e+005  8.1165500e+005  6.8905250e+005  6.3312850e+005  5.5891600e+005  5.5445650e+005  5.0862000e+005  4.3135400e+005  1.9772600e+005  1.9365084e+005
  1.1270700e+005  4.7934850e+005  6.1466600e+005  6.4648050e+005  8.3244400e+005  7.8663400e+005  6.8529050e+005  6.0948100e+005  7.3815500e+005  8.3518800e+005  7.0680750e+005  6.3699550e+005  5.5906400e+005  5.4250150e+005  5.0672100e+005  4.3283000e+005  2.1128600e+005  1.8793400e+005
  1.0764450e+005  4.6741500e+005  6.1357650e+005  6.3062350e+005  7.8922550e+005  8.2744150e+005  7.0246900e+005  6.0428050e+005  6.9294500e+005  8.4597150e+005  7.3384000e+005  6.3166400e+005  5.6382900e+005  5.3011750e+005  5.0130050e+005  4.3115400e+005  2.4128050e+005  1.7065350e+005
