  2.9647000e-002  1.6900000e-003  6.2600000e-004  5.1800000e-004  8.7400000e-004  1.2770000e-003  1.3550000e-003  1.5890000e-003  2.0610000e-003  2.9500000e-003  4.7490000e-003  7.6270000e-003  1.2167000e-002  1.8693000e-002  3.0670000e-002  5.1481000e-002  8.3263000e-002  1.3906500e-001
  2.9758000e-002  1.5210000e-003  6.9100000e-004  5.1800000e-004  8.3600000e-004  1.1470000e-003  1.2940000e-003  1.6160000e-003  1.9860000e-003  3.1020000e-003  4.7090000e-003  7.8210000e-003  1.1828000e-002  1.8910000e-002  3.1368000e-002  5.1359000e-002  8.7445000e-002  1.4438900e-001
  2.7268000e-002  1.5480000e-003  5.9200000e-004  4.6400000e-004  8.5900000e-004  1.2020000e-003  1.2280000e-003  1.4580000e-003  1.9960000e-003  2.9140000e-003  4.5620000e-003  7.5600000e-003  1.2030000e-002  1.8416000e-002  3.1007000e-002  4.9521000e-002  8.4336000e-002  1.3551800e-001
  2.6539000e-002  1.5790000e-003  5.8500000e-004  4.3900000e-004  8.2600000e-004  1.1990000e-003  1.2040000e-003  1.5250000e-003  1.8530000e-003  2.8450000e-003  4.7200000e-003  7.5090000e-003  1.1551000e-002  1.8561000e-002  3.0550000e-002  4.9506000e-002  8.6724000e-002  1.3825100e-001
  2.5973000e-002  1.3800000e-003  6.0200000e-004  4.5100000e-004  7.6900000e-004  1.1030000e-003  1.2170000e-003  1.4170000e-003  1.8240000e-003  2.8450000e-003  4.6830000e-003  7.2030000e-003  1.1455000e-002  1.8464000e-002  3.0150000e-002  5.0781000e-002  8.8151000e-002  1.4381600e-001
  2.3060000e-002  1.5470000e-003  5.7900000e-004  4.8500000e-004  8.7000000e-004  1.1830000e-003  1.2260000e-003  1.3350000e-003  1.7560000e-003  2.7720000e-003  4.3650000e-003  7.0940000e-003  1.1541000e-002  1.8664000e-002  3.0299000e-002  4.9764000e-002  8.3632000e-002  1.3025100e-001
  2.2163000e-002  1.2310000e-003  5.6400000e-004  4.2700000e-004  7.8500000e-004  1.2040000e-003  1.1220000e-003  1.3700000e-003  1.7440000e-003  2.7010000e-003  4.2300000e-003  6.8550000e-003  1.0912000e-002  1.7228000e-002  2.8161000e-002  4.6021000e-002  7.7844000e-002  1.2731800e-001
  2.2359000e-002  1.2840000e-003  4.8200000e-004  4.1500000e-004  7.8900000e-004  1.0920000e-003  1.1440000e-003  1.2080000e-003  1.8420000e-003  2.4560000e-003  4.1230000e-003  6.7890000e-003  1.0818000e-002  1.7285000e-002  2.7128000e-002  4.5374000e-002  7.6386000e-002  1.2929900e-001
  2.1459000e-002  1.3000000e-003  4.7000000e-004  3.8300000e-004  7.0200000e-004  1.1700000e-003  1.0560000e-003  1.2550000e-003  1.6180000e-003  2.6090000e-003  4.0660000e-003  6.5760000e-003  1.0570000e-002  1.7755000e-002  2.8120000e-002  4.6085000e-002  8.0012000e-002  1.3296000e-001
  2.1810000e-002  1.1200000e-003  5.0700000e-004  3.8800000e-004  8.2700000e-004  1.1740000e-003  1.0170000e-003  1.2420000e-003  1.6560000e-003  2.5820000e-003  4.0200000e-003  6.7480000e-003  1.0772000e-002  1.7199000e-002  2.6804000e-002  4.4868000e-002  7.4230000e-002  1.2012400e-001
  2.2074000e-002  1.1960000e-003  5.4500000e-004  3.8600000e-004  8.3100000e-004  1.0570000e-003  1.0410000e-003  1.2850000e-003  1.6990000e-003  2.6300000e-003  4.1940000e-003  6.5760000e-003  1.1099000e-002  1.7469000e-002  2.8342000e-002  4.6576000e-002  7.8967000e-002  1.3293700e-001
  2.1329000e-002  1.1850000e-003  5.3400000e-004  3.5700000e-004  7.3400000e-004  9.9200000e-004  1.0250000e-003  1.2570000e-003  1.6810000e-003  2.6430000e-003  4.2670000e-003  6.6320000e-003  1.1104000e-002  1.7530000e-002  2.8498000e-002  4.7108000e-002  8.2562000e-002  1.3544400e-001
  1.9670000e-002  1.0460000e-003  4.8100000e-004  3.3400000e-004  6.9700000e-004  1.0110000e-003  1.0480000e-003  1.1710000e-003  1.5980000e-003  2.5720000e-003  3.9230000e-003  6.3050000e-003  1.0450000e-002  1.6804000e-002  2.7206000e-002  4.3920000e-002  7.2512000e-002  1.2153700e-001
  1.8053000e-002  9.7500000e-004  4.5300000e-004  3.5300000e-004  6.3900000e-004  8.6300000e-004  9.7900000e-004  1.1100000e-003  1.4760000e-003  2.4630000e-003  3.8610000e-003  6.0330000e-003  1.0193000e-002  1.7011000e-002  2.7749000e-002  4.4696000e-002  7.7020000e-002  1.2519900e-001
  1.7185000e-002  1.0640000e-003  4.9400000e-004  3.3000000e-004  7.6800000e-004  9.1300000e-004  9.9100000e-004  1.0890000e-003  1.4270000e-003  2.3350000e-003  3.7440000e-003  6.5830000e-003  1.0063000e-002  1.6127000e-002  2.7144000e-002  4.4077000e-002  7.4635000e-002  1.2418600e-001
  1.7682000e-002  8.7600000e-004  5.4600000e-004  3.7200000e-004  7.5700000e-004  1.0050000e-003  9.3000000e-004  1.0810000e-003  1.4910000e-003  2.2670000e-003  3.5690000e-003  6.0590000e-003  9.7520000e-003  1.6180000e-002  2.6452000e-002  4.2949000e-002  7.0222000e-002  1.2073800e-001
  1.6367000e-002  9.4900000e-004  5.0100000e-004  4.0000000e-004  6.7300000e-004  9.4100000e-004  9.1300000e-004  9.4500000e-004  1.5010000e-003  2.1720000e-003  3.7900000e-003  6.3380000e-003  1.0297000e-002  1.5811000e-002  2.5952000e-002  4.3245000e-002  7.3508000e-002  1.2506000e-001
  1.5811000e-002  9.0900000e-004  4.9100000e-004  3.9500000e-004  7.0900000e-004  1.0610000e-003  9.5300000e-004  1.0760000e-003  1.6060000e-003  2.1560000e-003  3.8670000e-003  6.2700000e-003  9.8940000e-003  1.6124000e-002  2.7018000e-002  4.3763000e-002  7.2428000e-002  1.1863200e-001
  1.5456000e-002  7.8500000e-004  5.2400000e-004  3.4900000e-004  8.3200000e-004  1.0610000e-003  8.7400000e-004  1.0880000e-003  1.4170000e-003  2.2850000e-003  3.7630000e-003  6.0970000e-003  9.6140000e-003  1.5208000e-002  2.5168000e-002  4.1945000e-002  6.8995000e-002  1.1782900e-001
  1.4442000e-002  8.9800000e-004  4.9400000e-004  4.1100000e-004  8.7800000e-004  1.0910000e-003  8.9300000e-004  9.3500000e-004  1.5190000e-003  2.3140000e-003  3.8290000e-003  5.8310000e-003  9.3700000e-003  1.5301000e-002  2.4843000e-002  4.0783000e-002  6.8623000e-002  1.1630500e-001
  1.3159000e-002  8.4400000e-004  4.7400000e-004  3.5900000e-004  8.5000000e-004  1.0860000e-003  9.1500000e-004  1.0460000e-003  1.3460000e-003  2.2720000e-003  3.5230000e-003  5.7760000e-003  9.0660000e-003  1.4634000e-002  2.3848000e-002  3.9296000e-002  6.5895000e-002  1.0976500e-001
  1.3195000e-002  7.1500000e-004  4.1300000e-004  3.4400000e-004  7.7000000e-004  1.0550000e-003  8.3600000e-004  8.6800000e-004  1.2420000e-003  2.0450000e-003  3.4180000e-003  5.5400000e-003  8.9030000e-003  1.4738000e-002  2.3316000e-002  3.8753000e-002  6.6065000e-002  1.0863900e-001
  1.2640000e-002  7.5900000e-004  3.8900000e-004  3.0800000e-004  8.4600000e-004  1.1050000e-003  8.0100000e-004  9.4400000e-004  1.2340000e-003  1.9750000e-003  3.1680000e-003  5.4650000e-003  8.5970000e-003  1.3929000e-002  2.2904000e-002  3.7598000e-002  6.1990000e-002  1.0648300e-001
  1.0783000e-002  6.6000000e-004  3.6100000e-004  3.0900000e-004  8.1300000e-004  1.0750000e-003  8.5500000e-004  9.1500000e-004  1.2720000e-003  2.0820000e-003  3.3630000e-003  5.3400000e-003  8.7090000e-003  1.3187000e-002  2.2723000e-002  3.5737000e-002  6.0813000e-002  1.0184600e-001
  1.0817000e-002  5.8700000e-004  3.5500000e-004  2.4900000e-004  7.4600000e-004  1.0070000e-003  8.6000000e-004  9.1600000e-004  1.2160000e-003  1.8720000e-003  3.3410000e-003  5.3870000e-003  8.2440000e-003  1.3676000e-002  2.2124000e-002  3.5807000e-002  6.0095000e-002  1.0238600e-001
  9.8610000e-003  5.2700000e-004  3.5800000e-004  2.7700000e-004  7.4900000e-004  1.0640000e-003  9.0200000e-004  9.6900000e-004  1.1860000e-003  1.9420000e-003  3.1510000e-003  5.3130000e-003  8.2120000e-003  1.2887000e-002  2.1562000e-002  3.4220000e-002  5.7485000e-002  9.6028000e-002
  8.6240000e-003  6.2500000e-004  3.8000000e-004  3.2500000e-004  6.7600000e-004  1.0250000e-003  8.9700000e-004  9.2500000e-004  1.3360000e-003  1.9490000e-003  3.2110000e-003  5.3750000e-003  8.3030000e-003  1.3159000e-002  2.1342000e-002  3.4809000e-002  5.6966000e-002  9.9429000e-002
  8.6280000e-003  5.0700000e-004  2.8800000e-004  3.2100000e-004  6.8600000e-004  1.1490000e-003  9.5800000e-004  1.0220000e-003  1.2230000e-003  1.8450000e-003  3.0720000e-003  5.2550000e-003  8.2910000e-003  1.2906000e-002  2.0561000e-002  3.3467000e-002  5.6138000e-002  9.3630000e-002
  9.2410000e-003  4.5400000e-004  3.0000000e-004  2.6400000e-004  7.2700000e-004  1.1700000e-003  8.9500000e-004  9.2000000e-004  1.2630000e-003  1.9230000e-003  3.0230000e-003  4.8950000e-003  8.1960000e-003  1.3005000e-002  2.0589000e-002  3.3922000e-002  5.5755000e-002  9.4965000e-002
  7.5750000e-003  5.5400000e-004  2.7000000e-004  2.8200000e-004  7.3200000e-004  1.2080000e-003  9.2700000e-004  9.4200000e-004  1.1740000e-003  1.7610000e-003  3.0550000e-003  4.7940000e-003  7.9790000e-003  1.3069000e-002  2.0001000e-002  3.2790000e-002  5.6062000e-002  9.5943000e-002
  7.7340000e-003  4.7300000e-004  2.4500000e-004  2.1400000e-004  7.4100000e-004  1.1170000e-003  1.0070000e-003  8.8000000e-004  1.1510000e-003  1.8960000e-003  3.0510000e-003  4.9240000e-003  7.9570000e-003  1.1869000e-002  1.9309000e-002  3.1903000e-002  5.3176000e-002  9.2846000e-002
  7.5350000e-003  5.0900000e-004  2.9700000e-004  2.5600000e-004  7.0900000e-004  1.2050000e-003  9.6200000e-004  8.2800000e-004  1.2310000e-003  1.7310000e-003  2.9020000e-003  4.7180000e-003  7.6130000e-003  1.2309000e-002  1.9436000e-002  3.2085000e-002  5.3039000e-002  9.3489000e-002
  7.2050000e-003  5.2100000e-004  2.2500000e-004  2.0900000e-004  6.5400000e-004  1.0090000e-003  9.5500000e-004  9.1200000e-004  1.2240000e-003  1.7110000e-003  2.8300000e-003  4.5100000e-003  7.5000000e-003  1.2076000e-002  1.8629000e-002  2.9754000e-002  4.9974000e-002  8.6579000e-002
  6.9480000e-003  4.6600000e-004  2.2900000e-004  2.7300000e-004  6.8200000e-004  9.2900000e-004  9.1200000e-004  8.8000000e-004  1.1970000e-003  1.6910000e-003  2.7210000e-003  4.4220000e-003  7.4180000e-003  1.1502000e-002  1.9188000e-002  2.9414000e-002  4.9878000e-002  8.5884000e-002
  6.9590000e-003  4.8200000e-004  1.7300000e-004  2.7300000e-004  6.9400000e-004  1.0020000e-003  9.4200000e-004  8.9100000e-004  1.1390000e-003  1.7710000e-003  2.5870000e-003  4.2720000e-003  7.1150000e-003  1.1264000e-002  1.8519000e-002  2.9235000e-002  4.8482000e-002  8.5128000e-002
  6.9030000e-003  3.9600000e-004  2.0400000e-004  1.5100000e-004  6.6900000e-004  1.0520000e-003  9.0900000e-004  9.7000000e-004  1.1810000e-003  1.7530000e-003  2.5200000e-003  4.3590000e-003  6.8970000e-003  1.0810000e-002  1.8073000e-002  2.8688000e-002  4.7359000e-002  8.0833000e-002
  7.0530000e-003  4.1600000e-004  2.0700000e-004  2.4400000e-004  6.2900000e-004  1.0500000e-003  1.0540000e-003  1.0120000e-003  1.1750000e-003  1.6690000e-003  2.6270000e-003  4.1020000e-003  6.7870000e-003  1.0928000e-002  1.7666000e-002  2.7980000e-002  4.6771000e-002  8.1396000e-002
  7.4240000e-003  3.6500000e-004  1.5900000e-004  2.0100000e-004  6.5900000e-004  1.0730000e-003  1.1130000e-003  1.1180000e-003  1.1860000e-003  1.6410000e-003  2.5540000e-003  4.0030000e-003  6.7760000e-003  1.0266000e-002  1.7033000e-002  2.7137000e-002  4.5129000e-002  8.0319000e-002
  6.9860000e-003  3.9900000e-004  1.7900000e-004  1.8200000e-004  6.9100000e-004  9.9500000e-004  1.0880000e-003  1.1150000e-003  1.2400000e-003  1.7060000e-003  2.6130000e-003  4.0620000e-003  6.4150000e-003  1.0743000e-002  1.7084000e-002  2.7863000e-002  4.7158000e-002  8.1182000e-002
  6.3560000e-003  3.9300000e-004  2.2300000e-004  2.0400000e-004  6.3500000e-004  1.1190000e-003  1.0920000e-003  1.2330000e-003  1.1380000e-003  1.9170000e-003  2.6400000e-003  4.0320000e-003  6.5050000e-003  1.0126000e-002  1.6715000e-002  2.6795000e-002  4.4698000e-002  7.8953000e-002
  6.5030000e-003  3.2200000e-004  1.7100000e-004  1.9700000e-004  5.4800000e-004  1.0580000e-003  1.0540000e-003  1.1850000e-003  1.3010000e-003  1.7180000e-003  2.5620000e-003  3.9760000e-003  6.3330000e-003  9.9900000e-003  1.6261000e-002  2.6404000e-002  4.3388000e-002  7.7283000e-002
  5.5080000e-003  3.5900000e-004  2.2500000e-004  1.6000000e-004  5.1300000e-004  9.7100000e-004  1.0350000e-003  1.2170000e-003  1.2380000e-003  1.6480000e-003  2.5620000e-003  3.8340000e-003  5.9150000e-003  9.7160000e-003  1.6098000e-002  2.5785000e-002  4.3412000e-002  7.3992000e-002
  5.1360000e-003  3.5700000e-004  1.6400000e-004  2.1500000e-004  4.7400000e-004  1.0070000e-003  1.0770000e-003  1.1450000e-003  1.2500000e-003  1.7700000e-003  2.5320000e-003  3.8100000e-003  5.8440000e-003  9.2040000e-003  1.5640000e-002  2.4721000e-002  4.1574000e-002  7.3155000e-002
  5.0690000e-003  2.7800000e-004  1.5200000e-004  1.6800000e-004  5.8100000e-004  8.8300000e-004  8.7200000e-004  1.1410000e-003  1.2590000e-003  1.7090000e-003  2.5010000e-003  3.8600000e-003  5.9940000e-003  9.4310000e-003  1.5257000e-002  2.4930000e-002  4.1546000e-002  7.3125000e-002
  4.7500000e-003  2.9300000e-004  1.5400000e-004  1.4500000e-004  4.7100000e-004  7.7700000e-004  8.0000000e-004  1.0160000e-003  1.1670000e-003  1.5860000e-003  2.2880000e-003  3.6710000e-003  5.5930000e-003  8.8210000e-003  1.4397000e-002  2.4383000e-002  4.0049000e-002  7.2495000e-002
