  8.1500000e+004  3.3310000e+005  4.1370000e+005  3.2220000e+005  3.2710000e+005  3.5800000e+005  3.6005000e+005  3.3725000e+005  3.3525000e+005  3.5760000e+005  3.4010000e+005  3.0840000e+005  2.5980000e+005  2.1440000e+005  1.7860000e+005  1.3785000e+005  8.8900000e+004  4.0449000e+004
  8.2500000e+004  3.3070000e+005  4.2105000e+005  3.3990000e+005  3.2545000e+005  3.6450000e+005  3.6255000e+005  3.4850000e+005  3.2775000e+005  3.5595000e+005  3.4445000e+005  3.1480000e+005  2.6635000e+005  2.1890000e+005  1.8040000e+005  1.3960000e+005  9.1950000e+004  4.2458000e+004
  8.3050000e+004  3.3000000e+005  4.2420000e+005  3.6020000e+005  3.2460000e+005  3.7035000e+005  3.6560000e+005  3.5865000e+005  3.2210000e+005  3.5275000e+005  3.4920000e+005  3.1975000e+005  2.7340000e+005  2.2370000e+005  1.8240000e+005  1.4160000e+005  9.4400000e+004  4.4586500e+004
  8.4650000e+004  3.3000000e+005  4.2370000e+005  3.8285000e+005  3.2435000e+005  3.7515000e+005  3.6970000e+005  3.6395000e+005  3.2435000e+005  3.4660000e+005  3.5235000e+005  3.2470000e+005  2.8085000e+005  2.2950000e+005  1.8410000e+005  1.4345000e+005  9.6100000e+004  4.6988000e+004
  8.6900000e+004  3.3185000e+005  4.2020000e+005  4.0335000e+005  3.2900000e+005  3.7885000e+005  3.7385000e+005  3.6475000e+005  3.3450000e+005  3.3815000e+005  3.5340000e+005  3.2905000e+005  2.8800000e+005  2.3590000e+005  1.8665000e+005  1.4520000e+005  9.7300000e+004  4.9301500e+004
  8.9650000e+004  3.3550000e+005  4.1620000e+005  4.1660000e+005  3.4240000e+005  3.8115000e+005  3.7840000e+005  3.6565000e+005  3.4455000e+005  3.2930000e+005  3.5370000e+005  3.3210000e+005  2.9515000e+005  2.4195000e+005  1.9045000e+005  1.4675000e+005  9.8850000e+004  5.1566500e+004
  9.1200000e+004  3.4050000e+005  4.1305000e+005  4.2375000e+005  3.6200000e+005  3.8285000e+005  3.8325000e+005  3.6715000e+005  3.5385000e+005  3.2025000e+005  3.5295000e+005  3.3685000e+005  3.0125000e+005  2.4795000e+005  1.9465000e+005  1.4860000e+005  1.0095000e+005  5.3886000e+004
  9.1650000e+004  3.4645000e+005  4.1100000e+005  4.2665000e+005  3.8425000e+005  3.8540000e+005  3.8735000e+005  3.6920000e+005  3.6205000e+005  3.1305000e+005  3.5070000e+005  3.4205000e+005  3.0595000e+005  2.5455000e+005  1.9930000e+005  1.5105000e+005  1.0340000e+005  5.5874000e+004
  9.2363000e+004  3.5143900e+005  4.1073000e+005  4.2592000e+005  4.0882300e+005  3.8874850e+005  3.9030050e+005  3.7223750e+005  3.6529600e+005  3.1385300e+005  3.4555500e+005  3.4547800e+005  3.1081450e+005  2.6142900e+005  2.0474100e+005  1.5325050e+005  1.0531950e+005  5.7260000e+004
  9.5116500e+004  3.5878300e+005  4.1778150e+005  4.3259400e+005  4.3750300e+005  3.9960400e+005  3.9636400e+005  3.7768050e+005  3.6650050e+005  3.2535400e+005  3.3777300e+005  3.4678200e+005  3.1535700e+005  2.6835950e+005  2.1080700e+005  1.5600500e+005  1.0721550e+005  5.8699500e+004
  9.9584000e+004  3.6865600e+005  4.2960050e+005  4.4555300e+005  4.6547850e+005  4.2092550e+005  4.0448800e+005  3.8585650e+005  3.7027900e+005  3.3994350e+005  3.2877000e+005  3.4750100e+005  3.1851000e+005  2.7569600e+005  2.1666350e+005  1.5956900e+005  1.0899500e+005  6.0196500e+004
  1.0414650e+005  3.7892650e+005  4.3859400e+005  4.5099550e+005  4.8521050e+005  4.4553050e+005  4.1158850e+005  3.9380100e+005  3.7423400e+005  3.5446050e+005  3.1915800e+005  3.4729900e+005  3.2306650e+005  2.8184050e+005  2.2210100e+005  1.6320300e+005  1.1027900e+005  6.1324000e+004
  1.0833800e+005  3.9095850e+005  4.4690050e+005  4.4849300e+005  4.9209350e+005  4.6591000e+005  4.1872550e+005  4.0049100e+005  3.7784550e+005  3.6738800e+005  3.1178750e+005  3.4547000e+005  3.2829850e+005  2.8658650e+005  2.2820750e+005  1.6729850e+005  1.1216900e+005  6.2795500e+004
  1.1004200e+005  4.0529650e+005  4.5490500e+005  4.4237500e+005  4.8640950e+005  4.7880300e+005  4.2386150e+005  4.0552150e+005  3.8214100e+005  3.7313100e+005  3.1412950e+005  3.4046000e+005  3.3202550e+005  2.9142200e+005  2.3490200e+005  1.7211050e+005  1.1395200e+005  6.4217500e+004
  1.0868150e+005  4.1820750e+005  4.6325800e+005  4.3911050e+005  4.7685100e+005  4.8953750e+005  4.3073450e+005  4.1059000e+005  3.8676250e+005  3.7348550e+005  3.2640600e+005  3.3252200e+005  3.3372500e+005  2.9579200e+005  2.4156050e+005  1.7730900e+005  1.1602100e+005  6.5464000e+004
  1.0572050e+005  4.2447050e+005  4.7247950e+005  4.4082400e+005  4.7051750e+005  5.0058250e+005  4.4532650e+005  4.1628800e+005  3.9247300e+005  3.7494750e+005  3.4010150e+005  3.2349350e+005  3.3478900e+005  2.9904000e+005  2.4858400e+005  1.8253200e+005  1.1932400e+005  6.6822000e+004
  1.0282900e+005  4.2261600e+005  4.8327750e+005  4.4552950e+005  4.6533200e+005  5.0898900e+005  4.6541900e+005  4.2238550e+005  3.9898000e+005  3.7751250e+005  3.5410050e+005  3.1397700e+005  3.3488800e+005  3.0377300e+005  2.5463700e+005  1.8758700e+005  1.2288950e+005  6.8078500e+004
  9.9153500e+004  4.1456100e+005  4.9495150e+005  4.5293050e+005  4.5835450e+005  5.1246150e+005  4.8695650e+005  4.3028850e+005  4.0539250e+005  3.8076500e+005  3.6694600e+005  3.0684350e+005  3.3350850e+005  3.0888650e+005  2.5925400e+005  1.9296900e+005  1.2652100e+005  6.9516500e+004
  9.6360000e+004  4.0514350e+005  5.0584250e+005  4.6169950e+005  4.5067750e+005  5.0153550e+005  4.9895400e+005  4.3650900e+005  4.1150200e+005  3.8606700e+005  3.7334450e+005  3.0963200e+005  3.2933250e+005  3.1254650e+005  2.6395000e+005  1.9875550e+005  1.3058500e+005  7.1014500e+004
  9.5424500e+004  3.9641250e+005  5.1374900e+005  4.6906800e+005  4.4769150e+005  4.8581550e+005  5.0512650e+005  4.4190400e+005  4.1610250e+005  3.9064300e+005  3.7371100e+005  3.2191100e+005  3.2198650e+005  3.1433500e+005  2.6810600e+005  2.0484450e+005  1.3497300e+005  7.2852500e+004
  9.2116000e+004  3.8761400e+005  5.1642050e+005  4.7572000e+005  4.5266000e+005  4.8079950e+005  5.1468850e+005  4.5238450e+005  4.1895500e+005  3.9389900e+005  3.7415200e+005  3.3500200e+005  3.1318400e+005  3.1536750e+005  2.7129700e+005  2.1148350e+005  1.3947050e+005  7.5430800e+004
  8.7158000e+004  3.7638950e+005  5.1368650e+005  4.8514450e+005  4.5961550e+005  4.7784650e+005  5.2125750e+005  4.6661100e+005  4.2109150e+005  3.9804150e+005  3.7529550e+005  3.4781500e+005  3.0395900e+005  3.1563050e+005  2.7600700e+005  2.1737200e+005  1.4389800e+005  7.8385135e+004
  8.3052000e+004  3.6227650e+005  5.0636550e+005  4.9637600e+005  4.6437250e+005  4.7149550e+005  5.2295400e+005  4.8191000e+005  4.2445400e+005  4.0247150e+005  3.7719850e+005  3.5915550e+005  2.9699900e+005  3.1451100e+005  2.8100800e+005  2.2221800e+005  1.4899050e+005  8.1486410e+004
  7.7963500e+004  3.4555600e+005  4.9332850e+005  5.0505700e+005  4.6622150e+005  4.6235300e+005  5.1588650e+005  4.9314350e+005  4.2544800e+005  4.0442950e+005  3.7945050e+005  3.6382300e+005  2.9876450e+005  3.1014200e+005  2.8422000e+005  2.2715700e+005  1.5464200e+005  8.4867470e+004
  7.3480500e+004  3.2532800e+005  4.7562300e+005  5.0903700e+005  4.6785300e+005  4.5475550e+005  5.0026650e+005  4.9879350e+005  4.2506300e+005  4.0392050e+005  3.8014850e+005  3.6235400e+005  3.0919550e+005  3.0232300e+005  2.8571050e+005  2.3141150e+005  1.6037450e+005  8.8586645e+004
  7.2025500e+004  3.0739750e+005  4.5751000e+005  5.0884850e+005  4.7247200e+005  4.5303600e+005  4.8548050e+005  5.0250800e+005  4.3101350e+005  4.0327700e+005  3.8113150e+005  3.6111750e+005  3.2055300e+005  2.9348600e+005  2.8667050e+005  2.3477650e+005  1.6655750e+005  9.2555345e+004
  7.1148500e+004  2.9585550e+005  4.3990950e+005  5.0456350e+005  4.8093050e+005  4.5450200e+005  4.7473300e+005  5.0459600e+005  4.4322000e+005  4.0321800e+005  3.8370600e+005  3.6106750e+005  3.3165300e+005  2.8461350e+005  2.8666400e+005  2.3924050e+005  1.7206050e+005  9.6405020e+004
  7.0543500e+004  2.8813850e+005  4.2318650e+005  4.9571750e+005  4.9257600e+005  4.5849350e+005  4.6656600e+005  5.0466300e+005  4.5791100e+005  4.0490650e+005  3.8674350e+005  3.6228250e+005  3.4156600e+005  2.7777000e+005  2.8562800e+005  2.4377300e+005  1.7661350e+005  1.0065093e+005
  7.2003000e+004  2.8411800e+005  4.0714300e+005  4.8426550e+005  5.0461750e+005  4.6487050e+005  4.6273900e+005  5.0333000e+005  4.7334500e+005  4.0768450e+005  3.8969850e+005  3.6503650e+005  3.4623050e+005  2.7941550e+005  2.8196050e+005  2.4698550e+005  1.8109600e+005  1.0527567e+005
  7.3402000e+004  2.8496650e+005  3.9203100e+005  4.7179950e+005  5.1333050e+005  4.7360600e+005  4.6489200e+005  4.9919300e+005  4.8827350e+005  4.1349450e+005  3.9284550e+005  3.6795700e+005  3.4628700e+005  2.8988050e+005  2.7543000e+005  2.4913800e+005  1.8498900e+005  1.0983417e+005
  7.4068000e+004  2.8757550e+005  3.7984300e+005  4.5777600e+005  5.1570400e+005  4.8422150e+005  4.7165250e+005  4.9329300e+005  4.9958650e+005  4.2510350e+005  3.9553100e+005  3.7107750e+005  3.4636800e+005  3.0142650e+005  2.6809550e+005  2.5089600e+005  1.8837200e+005  1.1454282e+005
  7.4180000e+004  2.9062550e+005  3.7071650e+005  4.4185050e+005  5.1074750e+005  4.9476900e+005  4.7819150e+005  4.8786200e+005  5.0594800e+005  4.4019450e+005  3.9732800e+005  3.7452650e+005  3.4680900e+005  3.1203600e+005  2.6048200e+005  2.5149700e+005  1.9284900e+005  1.1861150e+005
  7.3858500e+004  2.9339700e+005  3.6435100e+005  4.2582800e+005  5.0118100e+005  5.0561950e+005  4.8481400e+005  4.8345850e+005  5.0818050e+005  4.5595000e+005  3.9958500e+005  3.7763750e+005  3.4800350e+005  3.2092200e+005  2.5444900e+005  2.5127200e+005  1.9744350e+005  1.2243629e+005
  7.4006500e+004  2.9428700e+005  3.6255150e+005  4.1037900e+005  4.8995450e+005  5.1569300e+005  4.9238650e+005  4.8283800e+005  5.0789750e+005  4.7186500e+005  4.0242350e+005  3.8036650e+005  3.5036550e+005  3.2497200e+005  2.5606450e+005  2.4877500e+005  2.0086250e+005  1.2674779e+005
  7.4753500e+004  2.9459100e+005  3.6466750e+005  3.9546100e+005  4.7830750e+005  5.2301750e+005  5.0103150e+005  4.8695450e+005  5.0478100e+005  4.8661350e+005  4.0813150e+005  3.8319050e+005  3.5261650e+005  3.2456950e+005  2.6550050e+005  2.4335050e+005  2.0339250e+005  1.3069392e+005
  7.5786000e+004  2.9551650e+005  3.6829800e+005  3.8394750e+005  4.6621500e+005  5.2647800e+005  5.1139400e+005  4.9473350e+005  5.0052450e+005  4.9792600e+005  4.1950300e+005  3.8559200e+005  3.5518600e+005  3.2409950e+005  2.7547850e+005  2.3698400e+005  2.0563850e+005  1.3416892e+005
  7.7858000e+004  2.9777350e+005  3.7270750e+005  3.7678850e+005  4.5310000e+005  5.2477450e+005  5.2386150e+005  5.0406450e+005  4.9785950e+005  5.0575050e+005  4.3504200e+005  3.8763050e+005  3.5846300e+005  3.2438750e+005  2.8481200e+005  2.3056950e+005  2.0691200e+005  1.3855804e+005
  8.0145500e+004  3.0166050e+005  3.7728150e+005  3.7329550e+005  4.3987950e+005  5.1808350e+005  5.3831000e+005  5.1517300e+005  4.9730550e+005  5.1010300e+005  4.5191600e+005  3.9046850e+005  3.6155050e+005  3.2558000e+005  2.9320550e+005  2.2562700e+005  2.0757550e+005  1.4281012e+005
  8.2040000e+004  3.0797500e+005  3.8078100e+005  3.7304600e+005  4.2560300e+005  5.1074900e+005  5.5896950e+005  5.3263500e+005  5.0098450e+005  5.1174700e+005  4.6839600e+005  3.9286400e+005  3.6383350e+005  3.2722300e+005  2.9723700e+005  2.2761050e+005  2.0596900e+005  1.4599321e+005
  8.4369000e+004  3.1788050e+005  3.8570150e+005  3.7748400e+005  4.1288100e+005  5.0322450e+005  5.7757450e+005  5.5214450e+005  5.1039100e+005  5.1065050e+005  4.8376800e+005  3.9805050e+005  3.6615750e+005  3.2882150e+005  2.9706000e+005  2.3677250e+005  2.0184450e+005  1.4847745e+005
  8.5530000e+004  3.2893950e+005  3.9224450e+005  3.8538250e+005  4.0474700e+005  4.9231750e+005  5.8368000e+005  5.6723650e+005  5.2208350e+005  5.0809100e+005  4.9526800e+005  4.0917900e+005  3.6745000e+005  3.3109100e+005  2.9687650e+005  2.4590900e+005  1.9731100e+005  1.5080362e+005
  8.4317500e+004  3.3743800e+005  3.9972900e+005  3.9290400e+005  3.9938150e+005  4.7888250e+005  5.8157500e+005  5.8271500e+005  5.3333400e+005  5.0621400e+005  5.0227850e+005  4.2410400e+005  3.6836750e+005  3.3383400e+005  2.9724250e+005  2.5448550e+005  1.9261750e+005  1.5279732e+005
  8.2453000e+004  3.4170200e+005  4.0763350e+005  3.9908550e+005  3.9663450e+005  4.6468350e+005  5.7274450e+005  5.9834300e+005  5.4546650e+005  5.0576500e+005  5.0596100e+005  4.4042000e+005  3.7080650e+005  3.3678650e+005  2.9805300e+005  2.6270850e+005  1.8926300e+005  1.5432127e+005
  8.1777500e+004  3.4168150e+005  4.1523550e+005  4.0356600e+005  3.9790550e+005  4.5071750e+005  5.5934400e+005  6.0979500e+005  5.5765050e+005  5.0794050e+005  5.0742900e+005  4.5647650e+005  3.7386900e+005  3.3933600e+005  2.9996800e+005  2.6686950e+005  1.9179250e+005  1.5399738e+005
  8.1809000e+004  3.3761350e+005  4.2237850e+005  4.0670100e+005  4.0116950e+005  4.3625400e+005  5.4275700e+005  6.1544200e+005  5.6875300e+005  5.1383200e+005  5.0516800e+005  4.7092750e+005  3.7921250e+005  3.4151150e+005  3.0198600e+005  2.6686300e+005  2.0036000e+005  1.5151383e+005
