  2.2836000e-002  1.4400000e-003  7.0300000e-004  5.5100000e-004  1.1240000e-003  1.7440000e-003  2.5030000e-003  3.1360000e-003  4.1810000e-003  5.2440000e-003  6.4300000e-003  9.1630000e-003  1.2645000e-002  1.9107000e-002  2.8961000e-002  4.8008000e-002  7.5191000e-002  1.1612800e-001
  2.0708000e-002  1.3480000e-003  6.6700000e-004  5.5800000e-004  1.1190000e-003  1.7950000e-003  2.4020000e-003  3.2040000e-003  4.1690000e-003  5.3860000e-003  6.4290000e-003  9.1350000e-003  1.2737000e-002  1.9142000e-002  2.8327000e-002  4.7630000e-002  7.3558000e-002  1.1479600e-001
  2.1031000e-002  1.4090000e-003  6.8200000e-004  5.3700000e-004  1.1150000e-003  1.8200000e-003  2.2860000e-003  3.1790000e-003  4.0420000e-003  5.4440000e-003  6.5400000e-003  9.1470000e-003  1.2824000e-002  1.8871000e-002  2.8989000e-002  4.7264000e-002  7.4870000e-002  1.1938000e-001
  2.1187000e-002  1.4150000e-003  6.4600000e-004  5.1000000e-004  1.0620000e-003  1.8340000e-003  2.1730000e-003  3.1810000e-003  3.8640000e-003  5.4030000e-003  6.8630000e-003  9.0610000e-003  1.2990000e-002  1.8855000e-002  2.9217000e-002  4.6663000e-002  7.6950000e-002  1.1915900e-001
  2.2159000e-002  1.4050000e-003  6.6700000e-004  5.3200000e-004  1.1170000e-003  1.8830000e-003  2.2510000e-003  3.2740000e-003  4.0410000e-003  5.6310000e-003  7.0930000e-003  9.0870000e-003  1.2991000e-002  1.8837000e-002  2.8536000e-002  4.5336000e-002  7.3522000e-002  1.1322700e-001
  2.3027000e-002  1.4680000e-003  6.5200000e-004  5.3200000e-004  1.1460000e-003  1.9770000e-003  2.3810000e-003  3.3690000e-003  4.2270000e-003  5.7950000e-003  7.5420000e-003  9.5120000e-003  1.3657000e-002  1.9759000e-002  2.9602000e-002  4.6428000e-002  7.8045000e-002  1.2060800e-001
  2.4476000e-002  1.4410000e-003  6.6500000e-004  5.1900000e-004  1.1600000e-003  2.0030000e-003  2.4630000e-003  3.3560000e-003  4.2990000e-003  5.9010000e-003  7.9390000e-003  9.9290000e-003  1.3868000e-002  2.0103000e-002  2.9746000e-002  4.5887000e-002  7.7315000e-002  1.2231500e-001
  2.3936000e-002  1.4490000e-003  7.0100000e-004  5.5900000e-004  1.1970000e-003  2.0380000e-003  2.6040000e-003  3.3100000e-003  4.6710000e-003  5.9480000e-003  8.3170000e-003  1.0306000e-002  1.3953000e-002  2.0526000e-002  2.9470000e-002  4.6487000e-002  7.4303000e-002  1.2095800e-001
  2.3640000e-002  1.4590000e-003  6.1500000e-004  5.3800000e-004  1.1850000e-003  2.0170000e-003  2.6470000e-003  3.2160000e-003  4.7330000e-003  5.8760000e-003  8.4510000e-003  1.0846000e-002  1.4181000e-002  2.0888000e-002  2.9611000e-002  4.6492000e-002  7.2254000e-002  1.2089800e-001
  2.2745000e-002  1.4250000e-003  6.6100000e-004  5.4800000e-004  1.2100000e-003  2.0420000e-003  2.6800000e-003  3.3370000e-003  4.8740000e-003  6.1740000e-003  8.7500000e-003  1.1402000e-002  1.4389000e-002  2.1231000e-002  3.0533000e-002  4.7573000e-002  7.4721000e-002  1.2473000e-001
  2.2273000e-002  1.5130000e-003  6.3800000e-004  5.2700000e-004  1.2230000e-003  2.0230000e-003  2.6900000e-003  3.4230000e-003  4.9960000e-003  6.2320000e-003  8.8560000e-003  1.1693000e-002  1.4815000e-002  2.1357000e-002  3.0745000e-002  4.7763000e-002  7.3764000e-002  1.2580600e-001
  2.1714000e-002  1.5220000e-003  7.0300000e-004  5.5800000e-004  1.2090000e-003  2.0500000e-003  2.6670000e-003  3.4600000e-003  4.6470000e-003  6.2080000e-003  8.5240000e-003  1.1700000e-002  1.4646000e-002  2.1003000e-002  3.0606000e-002  4.6899000e-002  7.1856000e-002  1.2241400e-001
  2.0676000e-002  1.3430000e-003  6.0300000e-004  4.8900000e-004  1.1440000e-003  1.9250000e-003  2.5430000e-003  3.2270000e-003  4.2260000e-003  6.1010000e-003  8.0570000e-003  1.1666000e-002  1.4708000e-002  2.0802000e-002  3.0339000e-002  4.5465000e-002  7.0690000e-002  1.1674100e-001
  2.0522000e-002  1.3620000e-003  5.9700000e-004  4.7400000e-004  1.1160000e-003  1.8470000e-003  2.4530000e-003  3.2800000e-003  4.0630000e-003  6.1830000e-003  8.0640000e-003  1.1968000e-002  1.5569000e-002  2.1006000e-002  3.1339000e-002  4.6636000e-002  7.2871000e-002  1.1837700e-001
  2.0831000e-002  1.4350000e-003  6.0900000e-004  4.8300000e-004  1.1160000e-003  1.8910000e-003  2.4960000e-003  3.2990000e-003  4.3090000e-003  6.5070000e-003  8.4600000e-003  1.2351000e-002  1.6207000e-002  2.1587000e-002  3.2060000e-002  4.8471000e-002  7.5656000e-002  1.2567800e-001
  2.0709000e-002  1.3530000e-003  5.7800000e-004  4.5800000e-004  1.0290000e-003  1.6870000e-003  2.1680000e-003  2.8490000e-003  3.7780000e-003  5.7180000e-003  7.6690000e-003  1.1489000e-002  1.5864000e-002  2.1086000e-002  3.1319000e-002  4.8706000e-002  7.6406000e-002  1.2459200e-001
  1.9668000e-002  1.2150000e-003  5.6100000e-004  4.4100000e-004  9.1400000e-004  1.4260000e-003  1.7000000e-003  2.1800000e-003  2.9560000e-003  4.4060000e-003  6.4860000e-003  9.5360000e-003  1.4239000e-002  1.9462000e-002  2.9218000e-002  4.6037000e-002  7.2476000e-002  1.1519900e-001
  1.9678000e-002  1.1140000e-003  5.3600000e-004  4.4400000e-004  8.8700000e-004  1.3570000e-003  1.6870000e-003  2.1160000e-003  2.8690000e-003  4.1870000e-003  6.4620000e-003  9.4380000e-003  1.4403000e-002  1.9869000e-002  2.9726000e-002  4.6913000e-002  7.2314000e-002  1.1741700e-001
  1.8708000e-002  1.1690000e-003  5.5400000e-004  4.6700000e-004  1.0030000e-003  1.5230000e-003  1.8180000e-003  2.2880000e-003  3.0290000e-003  4.1990000e-003  6.7040000e-003  9.2920000e-003  1.4397000e-002  2.0477000e-002  2.9434000e-002  4.6403000e-002  7.2549000e-002  1.1679900e-001
  1.7495000e-002  1.0510000e-003  5.4700000e-004  4.6700000e-004  1.1030000e-003  1.6730000e-003  2.0580000e-003  2.5400000e-003  3.3700000e-003  4.6480000e-003  7.0920000e-003  9.8830000e-003  1.4752000e-002  2.0790000e-002  2.8804000e-002  4.5395000e-002  7.0203000e-002  1.0949300e-001
  1.7135000e-002  9.8600000e-004  5.3400000e-004  4.4300000e-004  1.1330000e-003  1.6830000e-003  2.0600000e-003  2.6850000e-003  3.5530000e-003  4.9740000e-003  7.5580000e-003  1.0360000e-002  1.5227000e-002  2.1927000e-002  2.9552000e-002  4.5653000e-002  7.1521000e-002  1.1169300e-001
  1.7338000e-002  1.0080000e-003  5.9000000e-004  5.1300000e-004  1.1720000e-003  1.7650000e-003  2.2290000e-003  2.8330000e-003  3.7590000e-003  5.2320000e-003  7.5510000e-003  1.0605000e-002  1.5208000e-002  2.2332000e-002  2.9971000e-002  4.5216000e-002  7.1506000e-002  1.1068600e-001
  1.7381000e-002  9.9700000e-004  5.6600000e-004  5.0000000e-004  1.2740000e-003  2.0540000e-003  2.6160000e-003  3.4010000e-003  4.4720000e-003  6.2930000e-003  8.7100000e-003  1.2296000e-002  1.6412000e-002  2.3770000e-002  3.1425000e-002  4.6625000e-002  7.2367000e-002  1.1036700e-001
  1.8922000e-002  1.0900000e-003  5.7300000e-004  5.2900000e-004  1.4600000e-003  2.4160000e-003  3.1670000e-003  4.3000000e-003  5.8620000e-003  8.4430000e-003  1.1401000e-002  1.5910000e-002  2.0114000e-002  2.8368000e-002  3.7127000e-002  5.1588000e-002  7.9875000e-002  1.2156100e-001
  1.8621000e-002  1.0570000e-003  5.3400000e-004  5.0000000e-004  1.4870000e-003  2.5790000e-003  3.4160000e-003  4.7570000e-003  6.6490000e-003  9.6020000e-003  1.3279000e-002  1.8280000e-002  2.3027000e-002  3.1590000e-002  4.0174000e-002  5.3255000e-002  8.2841000e-002  1.2679600e-001
  1.7790000e-002  1.0920000e-003  5.6300000e-004  5.2400000e-004  1.6460000e-003  2.7280000e-003  3.4250000e-003  4.6010000e-003  6.2840000e-003  8.9090000e-003  1.2363000e-002  1.7206000e-002  2.1509000e-002  2.9370000e-002  3.8811000e-002  5.0888000e-002  7.7548000e-002  1.2234900e-001
  1.7170000e-002  9.8400000e-004  4.9700000e-004  4.6000000e-004  1.4960000e-003  2.6070000e-003  3.1740000e-003  4.1260000e-003  5.4370000e-003  7.6850000e-003  1.0883000e-002  1.5046000e-002  1.9678000e-002  2.7170000e-002  3.7363000e-002  4.9693000e-002  7.4734000e-002  1.2037500e-001
