  1.8967515e+006  7.4820860e+006  1.1609814e+007  1.3102572e+007  1.2377648e+007  1.0373934e+007  6.6719275e+006  1.1818662e+007  9.1661250e+006  1.1063057e+007  7.1527460e+006  5.1972895e+006  6.7795895e+006  5.5783020e+006  4.1895630e+006  2.6861570e+006  1.6565085e+006  9.5781560e+005
  1.9966445e+006  7.4458915e+006  1.0905456e+007  1.2984195e+007  1.2474208e+007  1.1218680e+007  6.0880005e+006  1.1793335e+007  9.0837065e+006  1.1062571e+007  8.0819790e+006  5.1942275e+006  6.4595600e+006  5.7576710e+006  4.3468195e+006  2.7891500e+006  1.7225875e+006  9.6183527e+005
  2.0565410e+006  7.4908535e+006  1.0304061e+007  1.2844603e+007  1.2561414e+007  1.1592112e+007  6.4498675e+006  1.1013281e+007  9.4966355e+006  1.0748587e+007  8.9580960e+006  5.4724725e+006  5.9332740e+006  5.9654590e+006  4.5063625e+006  2.9370300e+006  1.7911375e+006  9.6361538e+005
  2.0837200e+006  7.6467810e+006  9.7868665e+006  1.2530137e+007  1.2721044e+007  1.1875058e+007  7.4947365e+006  9.4720285e+006  1.0235527e+007  1.0152945e+007  9.7420985e+006  5.8217390e+006  5.5522485e+006  6.1325670e+006  4.6480475e+006  3.1150400e+006  1.8231360e+006  9.6721734e+005
  2.1084745e+006  7.8283380e+006  9.4383615e+006  1.2048592e+007  1.2822641e+007  1.2055322e+007  8.8579240e+006  7.8339995e+006  1.1093009e+007  9.3976330e+006  1.0335709e+007  6.2709375e+006  5.2560130e+006  6.2626820e+006  4.7908400e+006  3.3142560e+006  1.8656895e+006  9.8590280e+005
  2.1533130e+006  7.9966245e+006  9.2922340e+006  1.1433513e+007  1.2857738e+007  1.2219104e+007  1.0182630e+007  6.5609580e+006  1.1591459e+007  8.8984575e+006  1.0702213e+007  6.9524115e+006  4.9497510e+006  6.2483700e+006  4.9550655e+006  3.4796120e+006  1.9423345e+006  1.0171727e+006
  2.1686840e+006  8.1486985e+006  9.2969150e+006  1.0795330e+007  1.2905626e+007  1.2404495e+007  1.0997089e+007  6.0064470e+006  1.1583126e+007  8.8692430e+006  1.0710638e+007  7.7585700e+006  4.9247315e+006  5.9560020e+006  5.1229000e+006  3.6190570e+006  2.0459280e+006  1.0503774e+006
  2.1713085e+006  8.2640545e+006  9.4187620e+006  1.0210086e+007  1.2843458e+007  1.2578846e+007  1.1398147e+007  6.3731090e+006  1.0810067e+007  9.2782405e+006  1.0397682e+007  8.5952315e+006  5.1844700e+006  5.4644120e+006  5.3046765e+006  3.7591080e+006  2.1754290e+006  1.0826029e+006
  2.1597865e+006  8.3626585e+006  9.6095690e+006  9.7162195e+006  1.2571109e+007  1.2837577e+007  1.1730772e+007  7.4062300e+006  9.2887870e+006  9.9979885e+006  9.8117555e+006  9.3379125e+006  5.5023980e+006  5.1098825e+006  5.4534040e+006  3.8919105e+006  2.3378405e+006  1.1100498e+006
  2.1519195e+006  8.4437930e+006  9.8357000e+006  9.3852435e+006  1.2108149e+007  1.2986678e+007  1.1982869e+007  8.7398880e+006  7.6829580e+006  1.0825840e+007  9.0718990e+006  9.8948870e+006  5.9102400e+006  4.8413580e+006  5.5602610e+006  4.0070525e+006  2.4951955e+006  1.1421841e+006
  2.1689195e+006  8.4938570e+006  1.0065261e+007  9.2516380e+006  1.1495704e+007  1.3005606e+007  1.2191686e+007  1.0031702e+007  6.4386295e+006  1.1298934e+007  8.5854590e+006  1.0223211e+007  6.5397780e+006  4.5518960e+006  5.5276950e+006  4.1209930e+006  2.6036340e+006  1.1925864e+006
  2.2012435e+006  8.5409925e+006  1.0245696e+007  9.2752135e+006  1.0833770e+007  1.3031223e+007  1.2377962e+007  1.0832208e+007  5.8930505e+006  1.1279445e+007  8.5445485e+006  1.0211366e+007  7.2858160e+006  4.5165915e+006  5.2528530e+006  4.2373515e+006  2.6912130e+006  1.2506697e+006
  2.2642835e+006  8.6140135e+006  1.0379987e+007  9.4259480e+006  1.0231498e+007  1.2953181e+007  1.2535106e+007  1.1247257e+007  6.2241525e+006  1.0535259e+007  8.9188865e+006  9.9057950e+006  8.0648570e+006  4.7305820e+006  4.8140400e+006  4.3732045e+006  2.7780600e+006  1.3139435e+006
  2.3875245e+006  8.7427235e+006  1.0495744e+007  9.6448920e+006  9.7342280e+006  1.2688627e+007  1.2767898e+007  1.1605063e+007  7.2027990e+006  9.0682480e+006  9.6024670e+006  9.3472585e+006  8.7516360e+006  5.0169415e+006  4.4808505e+006  4.4858040e+006  2.8557975e+006  1.3927411e+006
  2.4261300e+006  8.9821560e+006  1.0603600e+007  9.8764285e+006  9.4199415e+006  1.2237543e+007  1.2936198e+007  1.1874206e+007  8.5223200e+006  7.5069700e+006  1.0398550e+007  8.6344210e+006  9.2541645e+006  5.3940580e+006  4.2334735e+006  4.5688020e+006  2.9256955e+006  1.4688106e+006
  2.3754515e+006  9.2408040e+006  1.0696781e+007  1.0097755e+007  9.3228435e+006  1.1657723e+007  1.3012612e+007  1.2100474e+007  9.8274265e+006  6.2899210e+006  1.0862908e+007  8.1619055e+006  9.5473690e+006  5.9600330e+006  3.9869205e+006  4.5411810e+006  3.0086595e+006  1.5264362e+006
  2.4092235e+006  9.4261165e+006  1.0790497e+007  1.0277640e+007  9.3935595e+006  1.1053278e+007  1.3085342e+007  1.2326375e+007  1.0659274e+007  5.7495010e+006  1.0871789e+007  8.1133925e+006  9.5473470e+006  6.6479150e+006  3.9573590e+006  4.3185740e+006  3.0981185e+006  1.5913893e+006
  2.4555525e+006  9.5970025e+006  1.0935752e+007  1.0407312e+007  9.5971210e+006  1.0489571e+007  1.3029821e+007  1.2510479e+007  1.1139153e+007  6.0519315e+006  1.0196278e+007  8.4665220e+006  9.2901610e+006  7.3806470e+006  4.1358515e+006  3.9708270e+006  3.2089325e+006  1.6716580e+006
  2.3905470e+006  9.7002955e+006  1.1201244e+007  1.0524961e+007  9.8566370e+006  1.0000638e+007  1.2775240e+007  1.2735718e+007  1.1539976e+007  6.9966480e+006  8.8103240e+006  9.1401350e+006  8.7958090e+006  8.0279930e+006  4.4037300e+006  3.6861020e+006  3.3036670e+006  1.7456046e+006
  2.2252660e+006  9.6616020e+006  1.1483824e+007  1.0648012e+007  1.0054141e+007  9.6705290e+006  1.2332433e+007  1.2886411e+007  1.1806847e+007  8.3234655e+006  7.3077035e+006  9.9371175e+006  8.1441490e+006  8.5026205e+006  4.7710450e+006  3.4882775e+006  3.3870815e+006  1.8240334e+006
  2.0426475e+006  9.4724245e+006  1.1691210e+007  1.0755196e+007  1.0184769e+007  9.5245505e+006  1.1724324e+007  1.2951187e+007  1.2023229e+007  9.6533860e+006  6.1279095e+006  1.0420809e+007  7.7136075e+006  8.7885855e+006  5.2924150e+006  3.3169335e+006  3.3968000e+006  1.9160701e+006
  1.8703680e+006  9.0914995e+006  1.1913704e+007  1.0852600e+007  1.0309646e+007  9.5004155e+006  1.1056490e+007  1.3002139e+007  1.2232726e+007  1.0493985e+007  5.5968165e+006  1.0446595e+007  7.6674655e+006  8.7909585e+006  5.9144990e+006  3.3031445e+006  3.2381360e+006  1.9916836e+006
  1.6800080e+006  8.5113660e+006  1.2126700e+007  1.0996709e+007  1.0417216e+007  9.6093910e+006  1.0421367e+007  1.2913227e+007  1.2390250e+007  1.0966824e+007  5.8816065e+006  9.7880605e+006  7.9872065e+006  8.5383295e+006  6.5570100e+006  3.4432195e+006  2.9818380e+006  2.0702757e+006
  1.4804675e+006  7.8194840e+006  1.2141942e+007  1.1269836e+007  1.0532870e+007  9.8160535e+006  9.8868320e+006  1.2649280e+007  1.2596068e+007  1.1345742e+007  6.7980110e+006  8.4305040e+006  8.6077060e+006  8.0508765e+006  7.0955700e+006  3.6671110e+006  2.7577930e+006  2.1223943e+006
  1.4096180e+006  7.1068460e+006  1.1959351e+007  1.1580770e+007  1.0690271e+007  1.0043725e+007  9.5827970e+006  1.2243649e+007  1.2753691e+007  1.1596392e+007  8.0809895e+006  6.9548320e+006  9.3157790e+006  7.3981445e+006  7.4464930e+006  3.9628030e+006  2.5871350e+006  2.1354769e+006
  1.4013915e+006  6.4872375e+006  1.1651229e+007  1.1822430e+007  1.0829346e+007  1.0241501e+007  9.5183185e+006  1.1687625e+007  1.2829741e+007  1.1798917e+007  9.3455155e+006  5.7995105e+006  9.7084255e+006  6.9538160e+006  7.6185010e+006  4.3573270e+006  2.4503265e+006  2.1056220e+006
  1.3319320e+006  6.0058405e+006  1.1120341e+007  1.2055724e+007  1.0923972e+007  1.0396773e+007  9.5690720e+006  1.1055573e+007  1.2887236e+007  1.1994025e+007  1.0137322e+007  5.2861535e+006  9.6863445e+006  6.8878110e+006  7.5604270e+006  4.8392760e+006  2.4335900e+006  1.9863230e+006
