##Austria,  Population size (5-year)     Last modified: 20-Nov-2009, MPv5 (May07)

1956 104497.00 386576.00 513328.00 529273.00 517194.00 426263.00 472587.00 505800.00 344687.00 469830.00 524975.00 520766.00 462215.00 373723.00 304823.00 234083.00 155014.00 74414.54 23491.81 4548.58 448.27 21.21 0.47 0.00
1957 111852.00 394129.00 510211.00 498822.00 559498.00 411064.00 463812.00 494755.00 386754.00 424673.00 515245.00 519196.00 472207.00 382510.00 308023.00 238601.00 155787.00 77913.60 24583.30 4727.04 479.92 22.06 0.00 0.00
1958 114477.00 408341.00 493773.00 501822.00 585962.00 401096.00 456632.00 482972.00 434443.00 372868.00 512025.00 514269.00 482574.00 392647.00 309391.00 241761.00 158503.00 81004.16 25590.85 5053.41 492.10 22.05 0.47 0.00
1959 115828.00 424736.00 482071.00 500388.00 604092.00 403869.00 442949.00 474302.00 477308.00 328959.00 503928.00 511308.00 488230.00 402922.00 313563.00 245582.00 161044.00 83711.51 27071.75 5382.23 526.65 20.05 1.47 0.00
1960 120342.00 440991.00 479601.00 492989.00 581215.00 451944.00 428750.00 466870.00 495877.00 311574.00 491745.00 508214.00 491947.00 414636.00 318942.00 248136.00 164211.00 86225.44 28788.01 5707.76 588.94 25.51 1.00 0.00
1961 122575.00 457901.00 483770.00 508831.00 526315.00 508613.00 412724.00 461713.00 494793.00 336963.00 457443.00 506271.00 492580.00 425015.00 328794.00 247576.00 166680.00 88176.52 30329.17 5960.21 645.56 26.67 0.46 0.00
1962 127679.00 469085.00 501805.00 507266.00 495224.00 551341.00 402180.00 456119.00 486510.00 379928.00 414994.00 498227.00 492583.00 434681.00 337259.00 251654.00 171062.00 89754.65 32532.98 6437.60 727.63 26.10 0.94 0.00
1963 129674.00 482259.00 520505.00 493470.00 497231.00 576322.00 395041.00 451293.00 476666.00 427773.00 364948.00 496043.00 488752.00 444420.00 346445.00 253490.00 173896.00 91368.16 33690.78 6674.39 759.12 25.60 1.00 0.00
1964 131315.00 496384.00 538938.00 485058.00 496541.00 592584.00 400789.00 440709.00 470804.00 471491.00 322959.00 489291.00 486817.00 450118.00 355015.00 257419.00 177026.00 93033.19 34741.61 7038.18 771.63 35.41 0.47 0.00
1965 130732.00 507555.00 559324.00 485517.00 491085.00 567916.00 447700.00 428911.00 465244.00 491103.00 306606.00 478532.00 484481.00 454201.00 365163.00 262295.00 179781.00 95845.09 36285.76 7653.06 831.55 44.46 0.00 0.00
1966 126881.00 516074.00 577680.00 492480.00 511145.00 513923.00 502086.00 415104.00 462457.00 491718.00 332313.00 446163.00 483262.00 455256.00 373766.00 269896.00 179109.00 97520.13 37024.07 8098.59 840.57 58.76 0.00 0.00
1967 125573.00 515906.00 594747.00 509497.00 514526.00 487213.00 546010.00 407221.00 459834.00 485403.00 375964.00 404887.00 476585.00 455917.00 382889.00 276479.00 182652.00 100075.91 37807.88 8669.97 958.05 63.12 0.00 0.00
1968 124768.00 513011.00 610931.00 526530.00 501287.00 495466.00 571121.00 401380.00 456976.00 477527.00 423868.00 359987.00 475372.00 453631.00 392060.00 283714.00 184082.00 101864.31 38596.39 9079.66 987.51 62.96 0.00 0.00
1969 123323.00 505843.00 626425.00 542648.00 496276.00 496511.00 582840.00 404208.00 445333.00 471701.00 466318.00 316133.00 468929.00 451891.00 396933.00 289912.00 186731.00 103345.45 39476.33 9348.94 1063.32 54.18 1.91 0.00
1970 118536.00 498070.00 638721.00 560763.00 497885.00 495776.00 559011.00 448352.00 433513.00 465945.00 485369.00 300119.00 459379.00 449570.00 400274.00 296509.00 189460.00 104519.45 40771.48 9629.63 1110.98 60.82 3.93 0.00
1971 109652.00 490332.00 644260.00 578192.00 505562.00 521536.00 505957.00 497631.00 418657.00 462037.00 485429.00 324837.00 428350.00 448621.00 401812.00 303053.00 194350.00 104315.00 41434.00 9954.00 1179.00 58.00 5.00 0.00
1972 106253.00 476213.00 644418.00 598477.00 523096.00 531195.00 483162.00 539373.00 409591.00 458227.00 478443.00 367306.00 388567.00 443309.00 403014.00 311174.00 198431.00 106125.00 42158.00 9965.00 1261.00 61.00 3.00 0.00
1973 102016.00 459055.00 641910.00 617095.00 540054.00 525594.00 499338.00 565700.00 403108.00 454363.00 469870.00 413276.00 342183.00 442981.00 401490.00 319507.00 203926.00 107455.00 43521.00 10360.00 1402.00 62.00 4.00 0.00
1974 96093.00 438222.00 635973.00 635557.00 558396.00 522796.00 512700.00 584599.00 408381.00 444733.00 465158.00 455118.00 303430.00 438523.00 401733.00 325203.00 209725.00 110313.00 44770.00 10769.00 1431.00 86.00 3.00 0.00
1975 95088.00 413831.00 622284.00 648243.00 574713.00 516275.00 510715.00 560555.00 449290.00 431011.00 458011.00 473139.00 288296.00 429977.00 401337.00 329934.00 216037.00 112940.00 45723.00 11294.00 1499.00 101.00 2.00 0.00
1976 91653.00 395994.00 602684.00 651673.00 591297.00 514881.00 529762.00 506993.00 495968.00 413683.00 452707.00 472470.00 311875.00 400606.00 401672.00 332932.00 221663.00 116308.00 45523.00 11532.00 1524.00 98.00 0.00 0.00
1977 86241.00 381380.00 583862.00 648689.00 610578.00 529413.00 533288.00 481765.00 536104.00 402916.00 448019.00 464845.00 352755.00 363202.00 397759.00 335071.00 228390.00 119550.00 46292.00 11751.00 1515.00 88.00 3.00 0.00
1978 84501.00 366217.00 561291.00 644101.00 628178.00 546154.00 521594.00 492373.00 558929.00 395120.00 443324.00 455785.00 396809.00 319906.00 398616.00 335062.00 236072.00 123653.00 47507.00 12308.00 1597.00 103.00 4.00 0.00
1979 84105.00 354540.00 531319.00 635488.00 643371.00 561134.00 510412.00 497789.00 572880.00 397429.00 432225.00 449660.00 436411.00 283243.00 394876.00 336075.00 240369.00 126759.00 48934.00 12476.00 1643.00 104.00 6.00 0.00
1980 85381.00 344239.00 506195.00 622858.00 654547.00 580103.00 507007.00 497862.00 550688.00 440102.00 419814.00 443443.00 453578.00 270000.00 388068.00 337406.00 245304.00 131305.00 51119.00 12798.00 1728.00 103.00 5.00 0.00
1981 91916.00 338618.00 487398.00 606195.00 660097.00 600230.00 511478.00 520283.00 500720.00 489389.00 405161.00 439311.00 453294.00 293105.00 362436.00 339417.00 248851.00 135459.80 53074.00 13004.00 1845.00 124.00 3.00 0.00
1982 93678.00 345228.00 468200.00 591999.00 660673.00 619911.00 530381.00 526441.00 476429.00 530256.00 395352.00 435186.00 446316.00 332551.00 328855.00 337338.00 252003.00 140097.79 54712.00 13544.00 1885.00 123.00 4.00 0.00
1983 93906.00 352421.00 448265.00 566963.00 653750.00 632739.00 543615.00 511748.00 484253.00 550414.00 386332.00 429623.00 436172.00 373161.00 289105.00 337880.00 252430.00 145435.91 56833.00 14168.00 1993.00 125.00 3.00 0.00
1984 89441.00 362521.00 436997.00 536431.00 645377.00 648333.00 560341.00 502670.00 490373.00 564504.00 389515.00 419195.00 430633.00 410194.00 256453.00 335908.00 253487.00 148827.52 58529.00 14937.00 1986.00 131.00 2.00 0.00
1985 88695.00 367714.00 428162.00 510640.00 633141.00 659950.00 579651.00 501713.00 491005.00 543347.00 431454.00 407691.00 424625.00 426501.00 245527.00 332138.00 255654.00 153032.94 61416.00 15826.00 2187.00 154.00 5.00 0.00
1986 87022.00 366307.00 428789.00 490272.00 616312.00 665239.00 598243.00 507490.00 513977.00 493737.00 480116.00 393323.00 420881.00 426342.00 267460.00 310987.00 258892.00 155766.21 63935.80 16377.00 2260.00 167.00 5.00 0.00
1987 86697.00 361264.00 436719.00 468559.00 597653.00 663082.00 615231.00 524364.00 518324.00 468746.00 519426.00 383536.00 416198.00 419476.00 303315.00 282249.00 259129.00 159823.36 67068.79 17114.00 2383.00 171.00 4.00 0.00
1988 86174.00 355026.00 447765.00 450606.00 572190.00 656329.00 629440.00 540797.00 507306.00 478958.00 541343.00 376248.00 412162.00 411219.00 341747.00 249600.00 262565.00 163247.49 70703.91 18087.00 2485.00 187.00 7.00 0.00
1989 87944.00 352668.00 455119.00 440611.00 542770.00 651656.00 647984.00 559258.00 500201.00 486175.00 555312.00 380317.00 402391.00 406039.00 376075.00 222055.00 264274.00 166516.93 73825.52 19217.00 2693.00 198.00 3.00 0.00
1990 88713.00 354476.00 462418.00 434697.00 521954.00 647646.00 668375.00 583441.00 503887.00 489198.00 535880.00 421918.00 391742.00 400632.00 391698.00 213837.00 263936.00 170490.19 76993.94 20382.00 2928.00 196.00 7.00 0.00
1991 90702.00 359102.00 462710.00 438176.00 505963.00 639900.00 685918.00 609912.00 515742.00 515092.00 488291.00 470117.00 378447.00 397428.00 392025.00 234798.00 248145.00 174628.06 79698.21 21783.80 3190.00 202.00 7.00 0.00
1992 94091.00 366428.00 463217.00 451087.00 489510.00 631045.00 698268.00 636821.00 540503.00 523435.00 466449.00 509879.00 370328.00 393459.00 386246.00 267047.00 225515.00 176115.49 82969.36 23172.79 3418.00 248.00 8.00 0.00
1993 94893.00 375266.00 462968.00 466272.00 477179.00 615856.00 705615.00 663232.00 563749.00 517495.00 478715.00 532396.00 364524.00 390058.00 378867.00 301085.00 199976.00 179856.01 85781.49 24519.91 3757.00 259.00 11.00 1.00
1994 94419.00 379544.00 464372.00 474519.00 467436.00 587900.00 704533.00 686217.00 585763.00 514372.00 487381.00 546258.00 369137.00 381232.00 374060.00 331639.00 178278.00 182522.80 88364.93 25880.52 3953.00 278.00 11.00 1.00
1995 91647.00 381522.00 464182.00 479705.00 458056.00 558879.00 692406.00 700151.00 605636.00 515526.00 490743.00 526010.00 410668.00 371484.00 369839.00 345292.00 173306.00 183356.59 92057.19 27418.94 4266.00 312.00 14.00 1.00
1996 88512.00 380820.00 466906.00 478384.00 457209.00 535114.00 672452.00 706452.00 624434.00 523628.00 515103.00 478837.00 457523.00 359676.00 366771.00 346274.00 191781.00 173124.54 95416.06 28725.21 4609.80 340.00 9.00 1.00
1997 88754.00 372538.00 472202.00 473528.00 463796.00 510283.00 651296.00 708221.00 641521.00 542920.00 520346.00 456662.00 494449.00 352002.00 362766.00 342246.00 219811.00 157869.65 97379.49 30281.36 4872.79 352.00 10.00 1.00
1998 84354.00 365259.00 476351.00 467940.00 472969.00 488822.00 626050.00 705504.00 659444.00 559477.00 511834.00 467447.00 515082.00 346368.00 359512.00 336139.00 248911.00 140479.63 100919.01 31844.49 5227.91 392.00 15.00 1.00
1999 81658.00 355267.00 478201.00 467872.00 479621.00 476834.00 594782.00 700073.00 678409.00 577512.00 506449.00 475713.00 529015.00 351340.00 352497.00 332169.00 275376.00 126137.58 103460.80 33293.93 5518.52 422.00 16.00 1.00
2000 78606.00 345895.00 478057.00 469192.00 485606.00 469045.00 568165.00 690870.00 693847.00 598711.00 508360.00 480045.00 509411.00 392709.00 344485.00 329268.00 287803.00 125551.11 104543.59 34984.19 5842.94 412.00 23.00 1.00
2001 78661.00 335825.00 472366.00 472328.00 484894.00 469927.00 546988.00 674890.00 703438.00 618917.00 517143.00 504607.00 464539.00 438407.00 334908.00 327615.00 290074.00 142215.22 98974.54 36772.06 6273.21 453.80 21.00 0.00
2002 74638.00 326562.00 465808.00 478526.00 482355.00 482250.00 528895.00 658854.00 708853.00 638395.00 537910.00 511428.00 444774.00 475677.00 329697.00 325983.00 289180.00 165760.54 90811.65 38160.49 6713.36 538.79 21.00 0.00
2003 78058.00 319914.00 456856.00 484271.00 480231.00 498120.00 515071.00 639189.00 709437.00 658144.00 555264.00 503880.00 455156.00 495658.00 325483.00 323666.00 284355.00 188253.79 81241.63 40284.01 7031.49 587.91 20.00 0.00
2004 76591.00 318738.00 446219.00 487304.00 483058.00 510695.00 509157.00 612570.00 707129.00 678977.00 574057.00 499219.00 463375.00 508545.00 331000.00 318389.00 281568.00 208447.00 73698.58 41627.80 7284.93 601.52 28.00 0.00
2005 78877.00 319149.00 436154.00 488370.00 487118.00 524326.00 509360.00 592433.00 702284.00 697575.00 597440.00 502796.00 468501.00 490405.00 371453.00 312607.00 280236.00 218547.00 76030.11 42777.59 8046.19 682.94 27.00 0.00
2006 78313.00 320920.00 428810.00 484640.00 491780.00 528811.00 517909.00 577237.00 690471.00 710531.00 620335.00 513133.00 493348.00 447883.00 415634.00 304936.00 280134.00 221236.00 88545.22 40540.54 8681.06 740.21 27.80 0.00

##END Austria,  Population size (5-year)     Last modified: 20-Nov-2009, MPv5 (May07)
