##Canada, Death rates (period 5x1)     Last modified: 20-Jul-2010, MPv5 (May07)

1956 0.035924 0.001461 0.000614 0.000494 0.000875 0.001149 0.001235 0.001395 0.001906 0.002864 0.004790 0.007672 0.012206 0.019346 0.029157 0.045226 0.074102 0.111872 0.174624 0.256115 0.370526 0.445257 0.314383 1.098901
1957 0.034545 0.001430 0.000606 0.000504 0.000917 0.001224 0.001282 0.001436 0.001870 0.003017 0.004989 0.007736 0.012669 0.019845 0.030268 0.044848 0.073723 0.110802 0.171879 0.257928 0.359332 0.538290 0.371058 0.504202
1958 0.032154 0.001261 0.000565 0.000472 0.000828 0.001046 0.001169 0.001339 0.001898 0.002921 0.004668 0.007679 0.012217 0.018861 0.029048 0.043688 0.071400 0.108300 0.171529 0.244596 0.365068 0.402749 0.289995 1.166181
1959 0.029982 0.001185 0.000611 0.000486 0.000845 0.001174 0.001196 0.001342 0.001813 0.002816 0.004644 0.007591 0.012211 0.018699 0.028963 0.045971 0.073135 0.111456 0.174128 0.255999 0.363017 0.550160 0.613183 2.637363
1960 0.028312 0.001182 0.000553 0.000473 0.000894 0.001066 0.001092 0.001240 0.001878 0.002731 0.004805 0.007374 0.011955 0.018759 0.028140 0.044454 0.071310 0.107302 0.169701 0.248154 0.345514 0.399806 0.582289 0.000000
1961 0.027870 0.001113 0.000518 0.000433 0.000804 0.001097 0.001086 0.001260 0.001813 0.002685 0.004536 0.007491 0.011625 0.018382 0.028377 0.043881 0.069986 0.105913 0.165548 0.250016 0.349632 0.401869 0.675042 2.142857
1962 0.027940 0.001121 0.000523 0.000411 0.000801 0.001144 0.001121 0.001275 0.001829 0.002784 0.004509 0.007307 0.011835 0.018310 0.027671 0.043774 0.068782 0.105194 0.169227 0.243938 0.354525 0.409211 0.912746 3.750000
1963 0.026698 0.001067 0.000552 0.000415 0.000844 0.001184 0.001115 0.001256 0.001784 0.002721 0.004531 0.007328 0.011738 0.018559 0.027746 0.043506 0.070361 0.107866 0.171599 0.252879 0.366971 0.492631 0.636975 0.199396
1964 0.024882 0.001025 0.000513 0.000382 0.000842 0.001180 0.001038 0.001306 0.001719 0.002833 0.004465 0.007333 0.011466 0.018778 0.027316 0.042227 0.068180 0.102853 0.161653 0.232473 0.344593 0.424941 0.458291 0.112853
1965 0.023104 0.000977 0.000535 0.000400 0.000847 0.001154 0.001094 0.001267 0.001782 0.002782 0.004425 0.007516 0.011489 0.018166 0.027168 0.042362 0.068681 0.103792 0.166139 0.246111 0.348290 0.481369 0.410312 0.154093
1966 0.022472 0.000982 0.000501 0.000447 0.000911 0.001170 0.001092 0.001302 0.001791 0.002733 0.004511 0.007366 0.011544 0.017983 0.027417 0.041251 0.065559 0.101912 0.163001 0.243962 0.358998 0.492520 0.642880 0.000000
1967 0.021714 0.000973 0.000518 0.000441 0.000893 0.001231 0.001064 0.001227 0.001732 0.002858 0.004473 0.007292 0.011528 0.017879 0.026990 0.040283 0.064426 0.099095 0.156897 0.236734 0.331837 0.421046 0.465787 0.000000
1968 0.020863 0.000880 0.000483 0.000397 0.000896 0.001169 0.001056 0.001250 0.001793 0.002750 0.004426 0.007087 0.011375 0.017424 0.027235 0.040620 0.064007 0.100939 0.157869 0.244064 0.364981 0.455818 0.652323 0.000000
1969 0.019910 0.000887 0.000497 0.000408 0.000895 0.001211 0.001085 0.001245 0.001811 0.002736 0.004535 0.007122 0.011266 0.017153 0.026982 0.040367 0.062517 0.097987 0.154422 0.235419 0.347697 0.389085 0.647075 0.000000
1970 0.019417 0.000828 0.000481 0.000431 0.000934 0.001137 0.001024 0.001265 0.001742 0.002794 0.004356 0.007051 0.011107 0.017232 0.026670 0.039930 0.061423 0.096360 0.149297 0.225008 0.318114 0.499973 0.523756 0.000000
1971 0.017774 0.000831 0.000473 0.000410 0.000958 0.001157 0.001012 0.001233 0.001742 0.002805 0.004356 0.006828 0.010787 0.016665 0.025413 0.038508 0.060750 0.095677 0.152330 0.232712 0.322429 0.467147 0.555989 0.000000
1972 0.017016 0.000863 0.000442 0.000410 0.001099 0.001257 0.001053 0.001241 0.001767 0.002790 0.004346 0.006869 0.010890 0.016793 0.025940 0.039621 0.060812 0.095538 0.152705 0.230944 0.332728 0.453067 0.828059 0.000000
1973 0.015602 0.000764 0.000442 0.000383 0.001134 0.001280 0.001038 0.001182 0.001789 0.002727 0.004393 0.006863 0.011100 0.016661 0.025066 0.038371 0.060625 0.094924 0.151108 0.231509 0.345015 0.464752 0.523184 0.000000
1974 0.015180 0.000755 0.000415 0.000397 0.001141 0.001258 0.001051 0.001168 0.001745 0.002676 0.004424 0.006886 0.010665 0.016547 0.025337 0.039112 0.059658 0.095044 0.149353 0.233412 0.331646 0.425572 0.580692 0.839161
1975 0.014588 0.000760 0.000425 0.000383 0.001086 0.001213 0.001038 0.001174 0.001718 0.002664 0.004336 0.006703 0.010507 0.016249 0.024924 0.038100 0.058427 0.091796 0.145980 0.220379 0.321795 0.439418 0.491379 0.705882
1976 0.013259 0.000702 0.000384 0.000339 0.000973 0.001098 0.000982 0.001114 0.001571 0.002480 0.004269 0.006600 0.010273 0.016000 0.024279 0.037454 0.058220 0.091054 0.144409 0.221616 0.326534 0.410136 0.360387 0.600000
1977 0.012706 0.000614 0.000374 0.000339 0.000988 0.001152 0.000997 0.001094 0.001610 0.002529 0.004213 0.006591 0.010119 0.015760 0.023857 0.036870 0.055698 0.087075 0.137075 0.208676 0.293419 0.439846 0.487508 0.260870
1978 0.012109 0.000627 0.000373 0.000354 0.000918 0.001145 0.000960 0.001082 0.001550 0.002360 0.003880 0.006569 0.009972 0.015479 0.023399 0.035647 0.054761 0.085840 0.135344 0.203747 0.299683 0.391973 0.619355 0.000000
1979 0.011155 0.000575 0.000354 0.000328 0.000992 0.001162 0.000977 0.001056 0.001489 0.002380 0.003869 0.006364 0.009663 0.014956 0.022959 0.034473 0.053545 0.083279 0.129815 0.200632 0.282506 0.368557 0.390440 0.150000
1980 0.010658 0.000581 0.000326 0.000318 0.000907 0.001061 0.000942 0.001030 0.001449 0.002147 0.003758 0.006071 0.009444 0.014483 0.022726 0.034784 0.054315 0.084301 0.130052 0.201924 0.305670 0.406585 0.361349 0.571429
1981 0.009738 0.000519 0.000290 0.000310 0.000906 0.000996 0.000920 0.000997 0.001348 0.002177 0.003645 0.005849 0.009216 0.014234 0.022305 0.033394 0.052151 0.082885 0.127359 0.195813 0.287417 0.387793 0.577240 0.146341
1982 0.009313 0.000474 0.000255 0.000295 0.000792 0.000876 0.000922 0.000929 0.001260 0.002054 0.003347 0.005720 0.009161 0.013908 0.022276 0.034355 0.052202 0.083155 0.129171 0.198914 0.297004 0.403101 0.626547 0.705882
1983 0.008624 0.000459 0.000266 0.000254 0.000734 0.000922 0.000830 0.000964 0.001221 0.002001 0.003184 0.005508 0.008837 0.013374 0.021793 0.033445 0.051787 0.081096 0.125957 0.192473 0.288456 0.393203 0.433380 0.500000
1984 0.008268 0.000457 0.000249 0.000247 0.000707 0.000852 0.000804 0.000886 0.001187 0.001890 0.003088 0.005293 0.008530 0.013642 0.020978 0.032538 0.051166 0.080424 0.123482 0.192920 0.286291 0.390167 0.450450 0.600000
1985 0.008045 0.000429 0.000222 0.000255 0.000708 0.000864 0.000813 0.000959 0.001170 0.001887 0.003131 0.005286 0.008506 0.013254 0.020890 0.032730 0.050936 0.080666 0.126802 0.201754 0.297266 0.390440 0.646968 1.153846
1986 0.007938 0.000443 0.000226 0.000221 0.000718 0.000819 0.000788 0.000927 0.001215 0.001805 0.003064 0.005234 0.008266 0.013079 0.020384 0.032232 0.050948 0.081393 0.127000 0.197846 0.289375 0.405072 0.426378 0.782609
1987 0.007320 0.000431 0.000203 0.000250 0.000732 0.000812 0.000802 0.000911 0.001164 0.001795 0.002922 0.004961 0.008159 0.012892 0.019992 0.031361 0.049477 0.079124 0.123987 0.194262 0.295159 0.414389 0.528577 0.413793
1988 0.007253 0.000403 0.000212 0.000239 0.000693 0.000847 0.000806 0.000914 0.001162 0.001730 0.002839 0.004702 0.007820 0.012974 0.019720 0.031667 0.049127 0.080017 0.127371 0.199667 0.293023 0.425248 0.452042 0.878049
1989 0.007260 0.000393 0.000196 0.000217 0.000703 0.000812 0.000807 0.000937 0.001216 0.001706 0.002818 0.004618 0.007732 0.012471 0.019278 0.030296 0.047864 0.078905 0.123122 0.194545 0.285277 0.409437 0.567805 0.681818
1990 0.006935 0.000365 0.000200 0.000229 0.000633 0.000759 0.000770 0.000973 0.001238 0.001690 0.002737 0.004553 0.007455 0.012055 0.018639 0.029278 0.046670 0.077794 0.120694 0.191354 0.289731 0.415591 0.461106 0.837209
1991 0.006359 0.000323 0.000180 0.000213 0.000651 0.000774 0.000821 0.000917 0.001187 0.001694 0.002709 0.004353 0.007320 0.011832 0.018749 0.028595 0.046712 0.075804 0.121649 0.195608 0.292670 0.405602 0.479221 0.375000
1992 0.006058 0.000305 0.000201 0.000196 0.000598 0.000744 0.000806 0.000924 0.001253 0.001679 0.002650 0.004306 0.007232 0.011691 0.017775 0.027995 0.045697 0.074447 0.120517 0.187346 0.291659 0.403206 0.514850 0.300000
1993 0.006222 0.000314 0.000162 0.000187 0.000613 0.000717 0.000786 0.000985 0.001317 0.001758 0.002646 0.004226 0.007034 0.011468 0.018293 0.028662 0.046391 0.076342 0.123357 0.191439 0.296655 0.424821 0.620167 0.845070
1994 0.006261 0.000319 0.000161 0.000206 0.000584 0.000697 0.000741 0.000912 0.001246 0.001752 0.002559 0.004158 0.006943 0.011439 0.017985 0.028212 0.045219 0.075382 0.121430 0.193105 0.296928 0.452663 0.660826 1.500000
1995 0.006080 0.000272 0.000160 0.000203 0.000573 0.000704 0.000764 0.000956 0.001248 0.001708 0.002601 0.004175 0.006727 0.010921 0.017818 0.027790 0.044780 0.074925 0.122289 0.194569 0.295135 0.419903 0.571858 0.400000
1996 0.005491 0.000291 0.000147 0.000169 0.000523 0.000675 0.000699 0.000905 0.001193 0.001730 0.002476 0.004003 0.006594 0.010704 0.017453 0.027783 0.043900 0.073906 0.120561 0.196853 0.298164 0.433602 0.595876 0.566706
1997 0.005380 0.000291 0.000156 0.000197 0.000569 0.000642 0.000637 0.000810 0.001078 0.001603 0.002396 0.003823 0.006442 0.010513 0.017035 0.026970 0.043808 0.073999 0.121527 0.199022 0.304091 0.437427 0.566534 0.276817
1998 0.005230 0.000254 0.000139 0.000170 0.000507 0.000654 0.000640 0.000788 0.001069 0.001566 0.002342 0.003734 0.006232 0.010075 0.016797 0.026868 0.043164 0.072825 0.121383 0.198412 0.301593 0.463131 0.633528 1.105991
1999 0.005218 0.000260 0.000138 0.000162 0.000513 0.000630 0.000637 0.000760 0.001046 0.001590 0.002316 0.003671 0.006079 0.009864 0.016232 0.025953 0.042508 0.070439 0.120557 0.196606 0.310417 0.451501 0.706967 0.556586
2000 0.005151 0.000206 0.000125 0.000160 0.000501 0.000636 0.000588 0.000726 0.001001 0.001493 0.002252 0.003662 0.005993 0.009714 0.015647 0.025277 0.040901 0.067524 0.115234 0.190234 0.302290 0.438536 0.649641 0.656250
2001 0.005225 0.000238 0.000122 0.000137 0.000489 0.000602 0.000596 0.000721 0.001005 0.001445 0.002303 0.003620 0.005727 0.009363 0.015286 0.024468 0.039586 0.066070 0.112978 0.189171 0.298897 0.449931 0.605157 0.720000
2002 0.005343 0.000228 0.000116 0.000157 0.000461 0.000578 0.000549 0.000702 0.000984 0.001421 0.002272 0.003528 0.005755 0.009342 0.015085 0.023906 0.039359 0.064945 0.112646 0.188203 0.298547 0.450471 0.561331 0.545455
2003 0.005318 0.000226 0.000105 0.000138 0.000462 0.000604 0.000569 0.000676 0.000965 0.001436 0.002275 0.003600 0.005524 0.009208 0.014413 0.023684 0.038585 0.063460 0.111303 0.184418 0.295082 0.417857 0.579640 0.140187
2004 0.005273 0.000208 0.000102 0.000121 0.000435 0.000584 0.000578 0.000678 0.000940 0.001350 0.002206 0.003490 0.005492 0.008959 0.014074 0.022791 0.037358 0.062397 0.106758 0.180184 0.293706 0.427393 0.599540 0.241595
2005 0.005449 0.000205 0.000106 0.000147 0.000453 0.000602 0.000588 0.000706 0.000924 0.001410 0.002223 0.003433 0.005405 0.008656 0.013677 0.022441 0.036674 0.061225 0.105580 0.176931 0.286817 0.429836 0.632828 0.529007
2006 0.005058 0.000205 0.000108 0.000131 0.000446 0.000585 0.000573 0.000648 0.000912 0.001352 0.002186 0.003425 0.005229 0.008286 0.013175 0.021287 0.035283 0.058554 0.099718 0.171590 0.276226 0.407096 0.553786 0.672394

##END Canada, Death rates (period 5x1)     Last modified: 20-Jul-2010, MPv5 (May07)
