##Switzerland, Death rates (period 5x1)     Last modified: 21-Oct-2008, MPv5 (May07)

1956 0.026059 0.001380 0.000602 0.000451 0.000769 0.001103 0.001217 0.001417 0.001824 0.002845 0.004683 0.007203 0.011455 0.018463 0.030146 0.050752 0.088037 0.143579 0.227986 0.320290 0.466696 0.475248 6.000000 .
1957 0.023125 0.001547 0.000579 0.000485 0.000870 0.001183 0.001226 0.001335 0.001756 0.002772 0.004365 0.007094 0.011542 0.018667 0.030306 0.049771 0.083657 0.130275 0.217743 0.309110 0.411765 0.486486 . .
1958 0.022227 0.001231 0.000564 0.000427 0.000785 0.001204 0.001122 0.001370 0.001744 0.002701 0.004230 0.006855 0.010912 0.017229 0.028160 0.046015 0.077817 0.127238 0.200571 0.301025 0.401627 0.608696 . .
1959 0.022423 0.001284 0.000482 0.000415 0.000789 0.001092 0.001144 0.001208 0.001842 0.002456 0.004123 0.006789 0.010819 0.017285 0.027126 0.045368 0.076370 0.129232 0.207293 0.298901 0.429465 0.578313 . .
1960 0.021518 0.001300 0.000470 0.000383 0.000702 0.001170 0.001056 0.001255 0.001618 0.002609 0.004066 0.006576 0.010569 0.017754 0.028119 0.046073 0.079965 0.132800 0.212469 0.325524 0.457443 0.464088 . .
1961 0.021870 0.001120 0.000507 0.000388 0.000827 0.001174 0.001017 0.001242 0.001656 0.002582 0.004020 0.006748 0.010772 0.017198 0.026805 0.044869 0.074222 0.120122 0.191811 0.294143 0.394665 0.327273 . .
1962 0.022138 0.001196 0.000545 0.000386 0.000831 0.001057 0.001041 0.001285 0.001699 0.002630 0.004194 0.006576 0.011099 0.017469 0.028341 0.046563 0.078921 0.132826 0.213496 0.323064 0.479501 0.688525 0.000000 .
1963 0.021390 0.001185 0.000534 0.000357 0.000734 0.000992 0.001025 0.001257 0.001681 0.002643 0.004267 0.006632 0.011103 0.017529 0.028495 0.047095 0.082508 0.135224 0.224876 0.313967 0.467972 0.963731 0.000000 .
1964 0.019720 0.001046 0.000481 0.000334 0.000697 0.001011 0.001048 0.001171 0.001599 0.002572 0.003923 0.006305 0.010450 0.016804 0.027205 0.043918 0.072500 0.121505 0.193053 0.298707 0.393554 0.631579 0.750000 .
1965 0.018096 0.000975 0.000453 0.000353 0.000639 0.000863 0.000979 0.001110 0.001476 0.002463 0.003861 0.006033 0.010192 0.017010 0.027751 0.044697 0.077009 0.125145 0.201525 0.313433 0.455757 0.553846 0.000000 .
1966 0.017223 0.001064 0.000494 0.000330 0.000768 0.000913 0.000991 0.001089 0.001427 0.002335 0.003744 0.006583 0.010063 0.016127 0.027144 0.044076 0.074613 0.124127 0.204297 0.295272 0.404627 0.422535 0.857143 .
1967 0.017723 0.000876 0.000546 0.000372 0.000757 0.001005 0.000930 0.001081 0.001491 0.002267 0.003569 0.006059 0.009752 0.016181 0.026451 0.042948 0.070209 0.120716 0.186921 0.292946 0.388653 0.396887 3.600000 .
1968 0.016401 0.000949 0.000501 0.000400 0.000673 0.000941 0.000913 0.000945 0.001501 0.002172 0.003790 0.006338 0.010296 0.015811 0.025950 0.043234 0.073486 0.124987 0.200708 0.306318 0.436177 0.578778 6.000000 .
1969 0.015843 0.000909 0.000491 0.000395 0.000709 0.001062 0.000953 0.001076 0.001606 0.002156 0.003867 0.006270 0.009894 0.016125 0.027019 0.043766 0.072429 0.118604 0.190353 0.291768 0.437705 0.705882 0.000000 .
1970 0.015486 0.000785 0.000524 0.000349 0.000832 0.001061 0.000874 0.001088 0.001417 0.002285 0.003763 0.006097 0.009614 0.015208 0.025164 0.041933 0.068958 0.117762 0.187999 0.281881 0.438462 0.584906 0.000000 .
1971 0.014468 0.000898 0.000494 0.000411 0.000878 0.001091 0.000893 0.000935 0.001519 0.002314 0.003829 0.005831 0.009370 0.015302 0.024842 0.040788 0.068630 0.116325 0.190824 0.289781 0.428878 0.738170 3.000000 .
1972 0.013180 0.000844 0.000474 0.000359 0.000851 0.001086 0.000915 0.001046 0.001346 0.002272 0.003523 0.005776 0.009066 0.014634 0.023847 0.039293 0.065890 0.109814 0.176999 0.280414 0.405431 0.520231 0.000000 .
1973 0.013218 0.000715 0.000413 0.000344 0.000770 0.001055 0.000836 0.000868 0.001242 0.002045 0.003419 0.005540 0.008903 0.014737 0.023315 0.038749 0.066042 0.108629 0.180616 0.276380 0.407228 0.651811 0.545455 .
1974 0.012660 0.000759 0.000389 0.000308 0.000846 0.001105 0.000801 0.000944 0.001235 0.001975 0.003168 0.005465 0.008596 0.013929 0.022905 0.037598 0.062004 0.106552 0.173495 0.270017 0.403949 0.639344 0.750000 .
1975 0.010798 0.000660 0.000361 0.000309 0.000813 0.001075 0.000855 0.000915 0.001272 0.002082 0.003363 0.005340 0.008709 0.013187 0.022722 0.035735 0.060799 0.101845 0.166787 0.258295 0.383846 0.779841 1.500000 .
1976 0.010831 0.000587 0.000355 0.000249 0.000746 0.001007 0.000860 0.000916 0.001216 0.001872 0.003341 0.005387 0.008244 0.013675 0.022124 0.035802 0.060074 0.102338 0.173197 0.276506 0.393331 0.540146 . .
1977 0.009873 0.000527 0.000358 0.000277 0.000749 0.001064 0.000902 0.000969 0.001186 0.001942 0.003151 0.005314 0.008213 0.012887 0.021563 0.034220 0.057486 0.096092 0.158980 0.238800 0.347790 0.646154 0.000000 .
1978 0.008634 0.000625 0.000380 0.000325 0.000676 0.001025 0.000897 0.000925 0.001336 0.001949 0.003211 0.005376 0.008304 0.013159 0.021342 0.034808 0.056964 0.099386 0.160081 0.257651 0.359143 0.550820 4.800000 .
1979 0.008638 0.000507 0.000288 0.000321 0.000686 0.001149 0.000958 0.001022 0.001223 0.001845 0.003072 0.005255 0.008291 0.012906 0.020560 0.033468 0.056136 0.093625 0.158260 0.247574 0.351567 0.580087 0.000000 .
1980 0.009252 0.000454 0.000300 0.000264 0.000727 0.001170 0.000895 0.000920 0.001263 0.001923 0.003023 0.004895 0.008197 0.013005 0.020588 0.033925 0.055752 0.094988 0.159124 0.257564 0.386366 0.512821 1.500000 .
1981 0.007582 0.000554 0.000270 0.000282 0.000732 0.001208 0.000927 0.000942 0.001174 0.001761 0.003055 0.004794 0.007979 0.013070 0.020000 0.032787 0.056057 0.095944 0.159123 0.249062 0.355781 0.522876 0.600000 .
1982 0.007742 0.000473 0.000245 0.000214 0.000741 0.001117 0.001007 0.000880 0.001151 0.001896 0.003051 0.004924 0.007957 0.011870 0.019308 0.031904 0.053176 0.092905 0.152428 0.245360 0.370212 0.473684 1.714286 .
1983 0.007542 0.000509 0.000297 0.000256 0.000709 0.001205 0.000962 0.000828 0.001231 0.001731 0.002902 0.004718 0.007612 0.012309 0.019435 0.032079 0.053033 0.093487 0.155379 0.254935 0.362763 0.667864 0.818182 .
1984 0.007211 0.000521 0.000225 0.000209 0.000654 0.001009 0.000955 0.000912 0.001224 0.001711 0.002830 0.004510 0.007500 0.012077 0.018629 0.029753 0.049976 0.086661 0.145347 0.231433 0.358882 0.541806 0.255319 .
1985 0.006953 0.000466 0.000229 0.000273 0.000682 0.000929 0.000912 0.000880 0.001197 0.001691 0.002721 0.004422 0.007418 0.011502 0.019189 0.029411 0.049871 0.085987 0.146362 0.229390 0.356586 0.565854 1.000000 .
1986 0.006964 0.000482 0.000173 0.000273 0.000694 0.001002 0.000942 0.000891 0.001139 0.001771 0.002587 0.004272 0.007115 0.011264 0.018519 0.029230 0.048475 0.085125 0.142910 0.243161 0.366653 0.484163 0.307692 .
1987 0.006909 0.000396 0.000204 0.000151 0.000669 0.001052 0.000909 0.000970 0.001181 0.001753 0.002520 0.004359 0.006897 0.010811 0.018075 0.028687 0.047357 0.080874 0.135981 0.231469 0.342974 0.473469 0.235294 .
1988 0.007058 0.000416 0.000207 0.000244 0.000629 0.001050 0.001054 0.001012 0.001175 0.001669 0.002627 0.004102 0.006787 0.010928 0.017667 0.027979 0.046777 0.081484 0.135638 0.233562 0.347467 0.542009 0.422535 .
1989 0.007430 0.000365 0.000159 0.000201 0.000659 0.001073 0.001113 0.001118 0.001186 0.001641 0.002554 0.004003 0.006776 0.010267 0.017035 0.027140 0.045130 0.080397 0.137617 0.225811 0.350771 0.432432 0.642857 .
1990 0.006991 0.000399 0.000179 0.000182 0.000691 0.000995 0.001088 0.001115 0.001240 0.001706 0.002613 0.004062 0.006415 0.010742 0.017084 0.027861 0.047146 0.081170 0.146028 0.238283 0.356157 0.489362 0.800000 .
1991 0.006361 0.000393 0.000223 0.000204 0.000635 0.001119 0.001092 0.001233 0.001138 0.001917 0.002640 0.004032 0.006505 0.010127 0.016716 0.026797 0.044696 0.078963 0.135914 0.225274 0.339702 0.550000 0.666667 .
1992 0.006508 0.000322 0.000171 0.000197 0.000548 0.001058 0.001054 0.001185 0.001301 0.001718 0.002562 0.003976 0.006333 0.009991 0.016262 0.026404 0.043375 0.077294 0.132458 0.216966 0.344387 0.458427 0.424242 .
1993 0.005511 0.000359 0.000225 0.000160 0.000513 0.000971 0.001035 0.001217 0.001238 0.001648 0.002562 0.003834 0.005915 0.009717 0.016098 0.025787 0.043409 0.073909 0.131377 0.227030 0.338268 0.547037 0.568421 6.000000
1994 0.005139 0.000357 0.000164 0.000215 0.000474 0.001007 0.001077 0.001145 0.001250 0.001770 0.002532 0.003810 0.005844 0.009204 0.015641 0.024724 0.041570 0.072898 0.127221 0.220895 0.330491 0.483983 0.606742 .
1995 0.005072 0.000278 0.000152 0.000168 0.000581 0.000883 0.000872 0.001141 0.001259 0.001709 0.002501 0.003860 0.005994 0.009431 0.015258 0.024930 0.041548 0.072664 0.129176 0.225920 0.348272 0.493498 0.750000 6.000000
1996 0.004752 0.000293 0.000154 0.000145 0.000471 0.000777 0.000800 0.001016 0.001167 0.001586 0.002288 0.003671 0.005593 0.008822 0.014396 0.024383 0.040046 0.071625 0.127914 0.228670 0.340819 0.524129 0.382979 .
1997 0.004767 0.000310 0.000124 0.000152 0.000477 0.000756 0.000669 0.000853 0.001037 0.001505 0.002459 0.003709 0.005713 0.008629 0.014418 0.023302 0.039396 0.069880 0.128780 0.225302 0.354756 0.543966 0.785047 .
1998 0.004751 0.000244 0.000114 0.000165 0.000434 0.000751 0.000707 0.000818 0.000910 0.001517 0.002221 0.003608 0.005618 0.008838 0.013333 0.022803 0.040033 0.069581 0.125030 0.218770 0.343390 0.493203 0.886364 .
1999 0.004629 0.000265 0.000119 0.000165 0.000439 0.000668 0.000715 0.000713 0.000895 0.001419 0.002156 0.003435 0.005260 0.008681 0.013316 0.022207 0.038850 0.068268 0.123242 0.223216 0.346570 0.529720 0.510638 .
2000 0.004962 0.000221 0.000111 0.000167 0.000387 0.000686 0.000728 0.000682 0.000953 0.001405 0.002084 0.003413 0.005618 0.008489 0.013411 0.021412 0.037200 0.067918 0.121547 0.215900 0.339806 0.516932 0.522466 6.000000
2001 0.004844 0.000282 0.000098 0.000137 0.000422 0.000584 0.000576 0.000716 0.000928 0.001338 0.002179 0.003357 0.005160 0.007947 0.012955 0.020794 0.035654 0.064025 0.116993 0.212007 0.328594 0.484208 0.858233 .
2002 0.004494 0.000238 0.000108 0.000100 0.000376 0.000599 0.000613 0.000661 0.000864 0.001336 0.002166 0.003263 0.005069 0.007959 0.011996 0.020909 0.034772 0.064023 0.117198 0.208721 0.343065 0.513333 0.565217 .
2003 0.004297 0.000184 0.000098 0.000127 0.000390 0.000562 0.000533 0.000632 0.000853 0.001184 0.001954 0.003262 0.005230 0.007715 0.012237 0.020088 0.035062 0.065360 0.119057 0.213897 0.346181 0.482088 0.676393 .
2004 0.004244 0.000258 0.000099 0.000135 0.000378 0.000501 0.000524 0.000582 0.000834 0.001188 0.001972 0.003094 0.004846 0.007264 0.011824 0.019184 0.032336 0.060378 0.110198 0.196486 0.323991 0.486111 0.820954 .
2005 0.004234 0.000188 0.000113 0.000115 0.000343 0.000529 0.000458 0.000539 0.000815 0.001179 0.001983 0.002950 0.004682 0.007383 0.011384 0.018462 0.031879 0.060658 0.111032 0.198119 0.328911 0.495837 0.537538 0.000000
2006 0.004462 0.000178 0.000115 0.000109 0.000345 0.000446 0.000511 0.000563 0.000725 0.001095 0.001841 0.002868 0.004777 0.007187 0.010813 0.017972 0.031827 0.057364 0.108017 0.187267 0.300268 0.434937 0.520192 4.687500

##END Switzerland, Death rates (period 5x1)     Last modified: 21-Oct-2008, MPv5 (May07)
