##Germany,  Population size (5-year)     Last modified: 12-Mar-2010, MPv5 (May07)

1990 882275.00 3490343.00 4266555.00 3999376.00 4615086.00 6524532.00 6867664.00 6022510.00 5585349.00 4677958.00 5657223.00 5908818.00 4532661.00 4288171.00 3879931.00 2190541.00 2790441.00 1844209.95 815642.64 222125.60 34220.02 2348.00 115.00 0.00
1991 911442.00 3585129.00 4290939.00 4149993.00 4369092.00 6318534.00 7004877.00 6249072.00 5651627.00 5050480.00 5106659.00 6114954.00 4687478.00 4350811.00 3841477.00 2414318.00 2645536.00 1875150.18 844609.22 232775.00 35988.56 2596.00 108.00 0.00
1992 832749.00 3654670.00 4345072.00 4267301.00 4194053.00 6078857.00 7097270.00 6483069.00 5767492.00 5324137.00 4714815.00 6210636.00 4919520.00 4352341.00 3796695.00 2755651.00 2399745.00 1886164.47 878013.55 247994.89 38497.74 2899.00 118.00 3.00
1993 811917.00 3628760.00 4421281.00 4379951.00 4160922.00 5809113.00 7165763.00 6735985.00 5911917.00 5520089.00 4661530.00 6074428.00 5194001.00 4322804.00 3802251.00 3082086.00 2110540.00 1920364.34 917370.76 266038.16 41441.75 3207.00 117.00 1.00
1994 799022.00 3529128.00 4529783.00 4449768.00 4200247.00 5416857.00 7099180.00 6977664.00 6053066.00 5636035.00 4625798.00 5884957.00 5543100.00 4233218.00 3901183.00 3346660.00 1849688.00 1940883.06 955717.32 278999.27 44490.27 3412.09 108.00 1.00
1995 769617.00 3420974.00 4609056.00 4494688.00 4257320.00 5040791.00 6923487.00 7146234.00 6225922.00 5704579.00 4698053.00 5592062.00 5782202.00 4331845.00 3986724.00 3436438.00 1785654.00 1943595.46 994422.50 295681.67 47545.27 3734.97 114.00 2.00
1996 766004.00 3272171.00 4699872.00 4500438.00 4390174.00 4766644.00 6693540.00 7253687.00 6431628.00 5759118.00 5068893.00 5030577.00 5975391.00 4476912.00 4038963.00 3411554.00 1987733.00 1847681.97 1025936.91 310988.09 50603.99 4028.56 177.00 5.00
1997 796261.00 3193461.00 4662467.00 4535057.00 4486762.00 4561173.00 6408208.00 7300838.00 6630015.00 5852637.00 5331281.00 4636822.00 6061548.00 4698853.00 4034926.00 3380231.00 2276240.00 1674111.08 1042727.18 328110.40 54342.86 4312.74 199.00 1.00
1998 811285.00 3162628.00 4556316.00 4568182.00 4563006.00 4462517.00 6026006.00 7260168.00 6804607.00 5940873.00 5495493.00 4569246.00 5910052.00 4960585.00 4000920.00 3388747.00 2548463.00 1471128.44 1076426.04 348415.58 58677.11 4636.75 220.00 0.00
1999 784782.00 3159734.00 4399395.00 4636132.00 4603577.00 4473542.00 5586534.00 7131246.00 6995864.00 6054946.00 5599608.00 4536548.00 5712749.00 5294899.00 3915078.00 3475879.00 2767606.00 1293866.52 1102526.76 368628.10 62505.20 5111.27 193.09 1.00
2000 771223.00 3176411.00 4251603.00 4697777.00 4633105.00 4526392.00 5219556.00 6947660.00 7143979.00 6213687.00 5660794.00 4615244.00 5424896.00 5529896.00 4012918.00 3553034.00 2850463.00 1277348.07 1115933.46 389435.50 66650.67 5533.27 169.97 3.00
2001 766554.00 3177290.00 4073345.00 4760053.00 4612432.00 4644257.00 4933259.00 6699839.00 7222828.00 6399197.00 5704307.00 4978148.00 4875852.00 5718165.00 4156942.00 3603180.00 2847234.00 1455591.16 1064889.26 408120.43 71267.96 5928.99 217.56 3.00
2002 735755.00 3157229.00 4017158.00 4708702.00 4640627.00 4754117.00 4747647.00 6423138.00 7261061.00 6593067.00 5793192.00 5241130.00 4496158.00 5805606.00 4378060.00 3604682.00 2838177.00 1691805.32 966358.64 421167.11 77374.05 6467.85 217.74 6.00
2003 719250.00 3085271.00 4005842.00 4605217.00 4673436.00 4841023.00 4679405.00 6071967.00 7235376.00 6777003.00 5889832.00 5411345.00 4439326.00 5663568.00 4637124.00 3580311.00 2857377.00 1905327.84 848522.13 438776.80 82839.11 6952.07 271.75 6.00
2004 706449.00 3017871.00 3984183.00 4453607.00 4742205.00 4879471.00 4703937.00 5656800.00 7123432.00 6976916.00 6012569.00 5520647.00 4417135.00 5476454.00 4962354.00 3511483.00 2937795.00 2073472.00 748171.55 450401.60 87338.76 7295.65 270.26 7.09
2005 704988.00 2951334.00 3974986.00 4293350.00 4787864.00 4890216.00 4745248.00 5288825.00 6937651.00 7116997.00 6167489.00 5578244.00 4498430.00 5197776.00 5191424.00 3611866.00 3007179.00 2145666.00 767504.13 462360.41 94292.31 7995.62 307.14 4.00
2006 685987.00 2884871.00 3968520.00 4110494.00 4835789.00 4853808.00 4852077.00 5003176.00 6691142.00 7190003.00 6349005.00 5619568.00 4853457.00 4670024.00 5374399.00 3759730.00 3055125.00 2158010.00 900194.73 438444.56 98921.28 8635.05 356.75 1.00

##END Germany,  Population size (5-year)     Last modified: 12-Mar-2010, MPv5 (May07)
