##Germany, Death rates (period 5x1)     Last modified: 12-Mar-2010, MPv5 (May07)

1990 0.007114 0.000423 0.000220 0.000206 0.000575 0.000756 0.000793 0.001058 0.001539 0.002190 0.003612 0.005558 0.009125 0.014001 0.021173 0.033438 0.058406 0.100256 0.167582 0.263575 0.377247 0.570345 0.700000 6.000000
1991 0.006545 0.000401 0.000194 0.000180 0.000592 0.000758 0.000832 0.001095 0.001568 0.002276 0.003615 0.005531 0.008758 0.014093 0.020617 0.032240 0.057120 0.097413 0.163179 0.253631 0.369919 0.552773 0.582353 0.000000
1992 0.006067 0.000347 0.000176 0.000169 0.000543 0.000739 0.000793 0.001049 0.001522 0.002251 0.003496 0.005335 0.008508 0.013788 0.019880 0.031191 0.055345 0.092434 0.154834 0.246057 0.353498 0.491399 0.671449 1.384615
1993 0.005788 0.000333 0.000168 0.000177 0.000541 0.000704 0.000731 0.001011 0.001491 0.002250 0.003469 0.005369 0.008304 0.013769 0.020022 0.031952 0.055319 0.091934 0.155417 0.250608 0.364968 0.524413 0.732759 2.000000
1994 0.005491 0.000332 0.000157 0.000162 0.000549 0.000685 0.000706 0.000991 0.001458 0.002238 0.003358 0.005286 0.008066 0.013260 0.019865 0.031657 0.051666 0.089131 0.152100 0.244379 0.358280 0.517935 0.640950 1.333333
1995 0.005276 0.000307 0.000154 0.000154 0.000545 0.000691 0.000693 0.000924 0.001424 0.002222 0.003248 0.005192 0.007839 0.012854 0.019990 0.030842 0.049947 0.088802 0.149464 0.243061 0.361647 0.511255 0.511785 0.300000
1996 0.005069 0.000268 0.000132 0.000148 0.000515 0.000679 0.000683 0.000893 0.001341 0.002131 0.003262 0.005132 0.007595 0.012425 0.019875 0.030106 0.048277 0.088960 0.148951 0.243299 0.360209 0.518739 0.525394 1.578947
1997 0.004913 0.000284 0.000130 0.000136 0.000518 0.000629 0.000638 0.000822 0.001264 0.002056 0.003166 0.004964 0.007340 0.011779 0.019261 0.028933 0.046672 0.087119 0.142435 0.234432 0.356273 0.523806 0.467037 3.000000
1998 0.004591 0.000268 0.000114 0.000143 0.000474 0.000611 0.000591 0.000739 0.001164 0.001975 0.003081 0.004686 0.007184 0.011304 0.018706 0.028386 0.046528 0.085768 0.141084 0.232825 0.351457 0.511262 0.674496 1.500000
1999 0.004491 0.000254 0.000128 0.000141 0.000490 0.000628 0.000599 0.000706 0.001136 0.001916 0.003018 0.004593 0.007008 0.010878 0.018026 0.027939 0.046429 0.081447 0.138737 0.230738 0.356748 0.485420 0.808187 0.857143
2000 0.004370 0.000241 0.000114 0.000129 0.000451 0.000617 0.000581 0.000709 0.001086 0.001881 0.003005 0.004508 0.006986 0.010559 0.017321 0.027510 0.044331 0.076264 0.138214 0.225672 0.346362 0.490903 0.597098 0.600000
2001 0.004209 0.000253 0.000110 0.000136 0.000427 0.000568 0.000527 0.000645 0.001060 0.001769 0.002952 0.004459 0.006872 0.010195 0.016394 0.026842 0.042849 0.072355 0.136250 0.222869 0.344112 0.494781 0.705671 0.214286
2002 0.004171 0.000230 0.000103 0.000123 0.000422 0.000550 0.000508 0.000634 0.000997 0.001741 0.002955 0.004473 0.006800 0.010054 0.016034 0.026873 0.042406 0.072881 0.140582 0.226951 0.353562 0.510953 0.567987 0.514286
2003 0.004193 0.000222 0.000119 0.000126 0.000386 0.000517 0.000526 0.000631 0.000975 0.001681 0.002889 0.004448 0.006699 0.009954 0.015745 0.026740 0.042586 0.074361 0.143554 0.231331 0.359105 0.514714 0.689600 0.872304
2004 0.004133 0.000207 0.000096 0.000103 0.000359 0.000483 0.000480 0.000591 0.000910 0.001587 0.002760 0.004285 0.006394 0.009660 0.014876 0.024862 0.040662 0.071476 0.127509 0.217407 0.335696 0.474872 0.673462 1.387512
2005 0.003875 0.000206 0.000108 0.000119 0.000316 0.000440 0.000462 0.000582 0.000858 0.001531 0.002681 0.004271 0.006343 0.009635 0.014420 0.023986 0.040494 0.070532 0.124767 0.225534 0.346730 0.479172 0.586338 2.500000
2006 0.003794 0.000185 0.000090 0.000105 0.000312 0.000416 0.000430 0.000543 0.000837 0.001461 0.002567 0.004167 0.006239 0.009390 0.013820 0.022981 0.039500 0.068474 0.118779 0.222687 0.336557 0.475018 0.607225 0.272727

##END Germany, Death rates (period 5x1)     Last modified: 12-Mar-2010, MPv5 (May07)
