##Denmark, Death rates (period 5x1)     Last modified: 07-Jul-2010, MPv5 (May07)

1956 0.025434 0.000929 0.000340 0.000321 0.000652 0.000804 0.000859 0.001171 0.001485 0.002422 0.004010 0.006509 0.010515 0.015719 0.025958 0.043599 0.074565 0.122697 0.195723 0.292915 0.439834 0.603774 1.500000 .
1957 0.023593 0.001125 0.000377 0.000357 0.000616 0.000825 0.000957 0.001193 0.001681 0.002474 0.003782 0.006404 0.010462 0.016310 0.027279 0.045343 0.077187 0.127280 0.209518 0.310735 0.415446 0.868421 1.200000 .
1958 0.022743 0.000794 0.000392 0.000324 0.000566 0.000762 0.000957 0.001088 0.001616 0.002289 0.003767 0.006452 0.009878 0.016071 0.026217 0.044176 0.075212 0.126830 0.207465 0.320858 0.423729 0.814286 1.500000 .
1959 0.022714 0.000943 0.000467 0.000308 0.000623 0.000793 0.000974 0.001175 0.001600 0.002513 0.003783 0.006252 0.009980 0.015653 0.025324 0.043911 0.075315 0.125401 0.201514 0.311960 0.461972 1.116279 . .
1960 0.022310 0.000942 0.000397 0.000276 0.000572 0.000680 0.000898 0.001238 0.001589 0.002305 0.003799 0.006202 0.010063 0.016079 0.026041 0.044564 0.077138 0.129307 0.205649 0.326161 0.437540 0.579310 . .
1961 0.022355 0.000878 0.000454 0.000282 0.000558 0.000825 0.000807 0.001056 0.001596 0.002463 0.003604 0.006125 0.009990 0.015591 0.025790 0.043151 0.073863 0.123603 0.198311 0.292810 0.459590 0.441176 0.000000 .
1962 0.020561 0.000842 0.000434 0.000347 0.000544 0.000811 0.000767 0.001106 0.001482 0.002407 0.003867 0.006199 0.010293 0.016326 0.026622 0.044872 0.075514 0.127766 0.201559 0.316107 0.432701 0.728972 0.000000 .
1963 0.019959 0.000916 0.000425 0.000286 0.000587 0.000699 0.000872 0.001082 0.001660 0.002531 0.003779 0.006106 0.010454 0.016221 0.026809 0.043394 0.074253 0.124142 0.200622 0.313038 0.442792 0.401575 0.000000 .
1964 0.019087 0.000810 0.000415 0.000329 0.000650 0.000687 0.000883 0.001011 0.001581 0.002209 0.003929 0.006148 0.010166 0.016832 0.026996 0.044095 0.074331 0.125054 0.198726 0.309473 0.478094 0.800000 1.500000 .
1965 0.019268 0.000879 0.000435 0.000342 0.000633 0.000720 0.000763 0.001109 0.001642 0.002414 0.003752 0.006331 0.010637 0.016841 0.027162 0.044055 0.074219 0.124845 0.198911 0.288887 0.434089 0.901554 . .
1966 0.017451 0.000793 0.000413 0.000353 0.000666 0.000688 0.000745 0.001101 0.001581 0.002382 0.003904 0.006325 0.010195 0.016712 0.027368 0.045501 0.075887 0.127103 0.207393 0.308279 0.487167 0.710059 . .
1967 0.015369 0.000705 0.000449 0.000353 0.000615 0.000691 0.000721 0.000953 0.001527 0.002528 0.003917 0.006423 0.010408 0.016964 0.026907 0.043757 0.070057 0.116097 0.187921 0.283125 0.387895 0.641711 . .
1968 0.015835 0.000767 0.000470 0.000349 0.000664 0.000769 0.000733 0.000995 0.001727 0.002695 0.003692 0.006039 0.009978 0.016133 0.026160 0.041851 0.067010 0.113321 0.181046 0.276045 0.401006 0.428571 0.000000 .
1969 0.014685 0.000707 0.000465 0.000339 0.000679 0.000743 0.000742 0.001017 0.001606 0.002555 0.004179 0.006097 0.009992 0.016116 0.026562 0.043185 0.065220 0.109763 0.173946 0.270455 0.401693 0.755396 0.000000 .
1970 0.014297 0.000696 0.000441 0.000307 0.000692 0.000774 0.000794 0.001026 0.001587 0.002484 0.004144 0.006655 0.010035 0.016201 0.025500 0.041864 0.064744 0.106110 0.171210 0.258756 0.372109 0.515924 1.000000 .
1971 0.014085 0.000667 0.000474 0.000358 0.000778 0.000758 0.000756 0.001040 0.001551 0.002743 0.004162 0.006698 0.010042 0.016104 0.025330 0.040174 0.062996 0.104133 0.172508 0.265191 0.370229 0.362205 1.333333 .
1972 0.012326 0.000640 0.000406 0.000364 0.000695 0.000722 0.000735 0.000996 0.001669 0.002690 0.004139 0.006792 0.009991 0.016537 0.026746 0.041648 0.064940 0.104536 0.166659 0.250972 0.370444 0.643326 0.545455 .
1973 0.011329 0.000568 0.000424 0.000319 0.000744 0.000827 0.000726 0.001036 0.001665 0.002729 0.004314 0.006366 0.010167 0.015963 0.025641 0.039803 0.063924 0.102574 0.167341 0.264188 0.350019 0.479554 0.000000 .
1974 0.010835 0.000525 0.000321 0.000279 0.000690 0.000815 0.000699 0.000957 0.001469 0.002506 0.004374 0.006684 0.010425 0.015968 0.024599 0.041026 0.065214 0.103365 0.167705 0.260923 0.385315 0.530612 0.352941 .
1975 0.010551 0.000563 0.000438 0.000326 0.000609 0.000805 0.000815 0.000901 0.001544 0.002524 0.004061 0.006739 0.010004 0.015565 0.024496 0.038857 0.062563 0.097941 0.160638 0.244601 0.403108 0.514003 0.461538 .
1976 0.009710 0.000570 0.000301 0.000273 0.000706 0.000718 0.000853 0.000928 0.001519 0.002623 0.004306 0.007108 0.010448 0.016354 0.025297 0.040421 0.064960 0.102949 0.171784 0.266492 0.390918 0.585799 1.800000 .
1977 0.008472 0.000518 0.000286 0.000269 0.000627 0.000854 0.000733 0.001000 0.001444 0.002567 0.003941 0.006432 0.010004 0.015309 0.023572 0.038310 0.059038 0.090834 0.150890 0.243214 0.348739 0.494681 1.500000 .
1978 0.008810 0.000451 0.000280 0.000258 0.000687 0.000853 0.000791 0.000893 0.001415 0.002530 0.004052 0.006378 0.010179 0.015701 0.024723 0.038766 0.060765 0.096245 0.154597 0.243266 0.342730 0.494432 2.000000 .
1979 0.008610 0.000552 0.000275 0.000246 0.000692 0.000874 0.000865 0.001024 0.001536 0.002386 0.004045 0.006606 0.010672 0.016020 0.023945 0.039242 0.061539 0.098304 0.156749 0.255130 0.372310 0.458065 0.600000 .
1980 0.008308 0.000485 0.000220 0.000215 0.000667 0.000845 0.000982 0.001096 0.001680 0.002606 0.004221 0.006675 0.010553 0.016485 0.024681 0.039335 0.061669 0.097624 0.154879 0.258973 0.374908 0.643087 0.300000 .
1981 0.007602 0.000473 0.000314 0.000247 0.000584 0.000840 0.000960 0.001097 0.001534 0.002433 0.004329 0.006579 0.010641 0.016330 0.024803 0.038566 0.061737 0.098367 0.153447 0.254404 0.352585 0.483776 0.580645 .
1982 0.008211 0.000402 0.000221 0.000231 0.000531 0.000792 0.000968 0.001176 0.001448 0.002294 0.004097 0.006738 0.010410 0.016037 0.023749 0.037524 0.060162 0.094719 0.148618 0.226847 0.341502 0.580153 1.111111 .
1983 0.007589 0.000462 0.000234 0.000222 0.000536 0.000762 0.000827 0.001261 0.001554 0.002373 0.004285 0.006572 0.010513 0.016630 0.024699 0.037700 0.059657 0.095116 0.153273 0.240932 0.389454 0.451807 1.384615 .
1984 0.007767 0.000430 0.000162 0.000220 0.000567 0.000732 0.000843 0.001210 0.001624 0.002369 0.003871 0.006838 0.010240 0.016499 0.024459 0.037640 0.059048 0.092548 0.149826 0.237948 0.370198 0.441667 0.500000 .
1985 0.008077 0.000396 0.000287 0.000283 0.000584 0.000744 0.000927 0.001107 0.001541 0.002267 0.004028 0.006827 0.010659 0.016341 0.024394 0.038107 0.058605 0.093408 0.153514 0.244669 0.365139 0.527473 0.375000 .
1986 0.008287 0.000385 0.000183 0.000233 0.000532 0.000731 0.000776 0.001215 0.001662 0.002427 0.003880 0.006554 0.010676 0.016534 0.024552 0.037316 0.058869 0.091037 0.146374 0.225781 0.332966 0.568421 1.028571 .
1987 0.008363 0.000522 0.000175 0.000157 0.000519 0.000763 0.000833 0.001193 0.001480 0.002395 0.003783 0.006719 0.010914 0.016320 0.024070 0.036807 0.056378 0.090747 0.143801 0.229135 0.338019 0.491468 1.076923 .
1988 0.007802 0.000448 0.000184 0.000183 0.000517 0.000735 0.000923 0.001126 0.001561 0.002346 0.003727 0.006377 0.010355 0.016084 0.025157 0.036141 0.057732 0.090775 0.143694 0.230002 0.356968 0.514286 0.652174 .
1989 0.008192 0.000454 0.000187 0.000170 0.000456 0.000674 0.000777 0.001153 0.001698 0.002561 0.003773 0.006409 0.010515 0.015880 0.024563 0.036179 0.057809 0.088534 0.141862 0.236894 0.351706 0.511833 0.960000 .
1990 0.007584 0.000405 0.000235 0.000230 0.000433 0.000654 0.000743 0.001030 0.001525 0.002500 0.003731 0.006277 0.010581 0.015862 0.024414 0.037833 0.058767 0.091638 0.147927 0.233207 0.361597 0.575927 0.807692 .
1991 0.007368 0.000387 0.000227 0.000184 0.000428 0.000651 0.000781 0.001097 0.001554 0.002278 0.003649 0.005856 0.009967 0.015528 0.023703 0.037250 0.056293 0.089575 0.141147 0.230202 0.339696 0.454241 0.705882 .
1992 0.006724 0.000338 0.000162 0.000180 0.000486 0.000616 0.000733 0.001066 0.001567 0.002396 0.003472 0.005724 0.009723 0.015878 0.024001 0.037436 0.056940 0.088832 0.148041 0.239069 0.358054 0.546939 0.710526 .
1993 0.005433 0.000314 0.000173 0.000200 0.000463 0.000554 0.000710 0.000998 0.001715 0.002402 0.003567 0.005716 0.009491 0.015728 0.024777 0.038406 0.059692 0.093294 0.151320 0.243379 0.384241 0.564214 1.074627 .
1994 0.005541 0.000347 0.000185 0.000130 0.000392 0.000648 0.000721 0.001054 0.001556 0.002475 0.003662 0.005761 0.009120 0.015465 0.024453 0.037145 0.056684 0.090405 0.144996 0.231025 0.349057 0.516674 0.750000 0.000000
1995 0.005046 0.000316 0.000158 0.000168 0.000490 0.000628 0.000838 0.001027 0.001565 0.002406 0.003527 0.005446 0.009181 0.015928 0.024918 0.038243 0.058819 0.092594 0.149879 0.243264 0.381087 0.568579 0.584071 0.000000
1996 0.005450 0.000315 0.000143 0.000196 0.000431 0.000589 0.000648 0.000986 0.001456 0.002466 0.003480 0.005500 0.008780 0.015026 0.024213 0.036601 0.057277 0.089501 0.141382 0.232454 0.367082 0.536725 0.533333 3.000000
1997 0.005253 0.000273 0.000113 0.000172 0.000474 0.000552 0.000634 0.000913 0.001372 0.002417 0.003422 0.005232 0.008419 0.014333 0.023471 0.036054 0.055128 0.088277 0.140790 0.224174 0.360766 0.514353 0.474820 .
1998 0.004614 0.000327 0.000127 0.000140 0.000410 0.000441 0.000626 0.000843 0.001314 0.002247 0.003237 0.005028 0.008003 0.014284 0.023170 0.034893 0.054553 0.084560 0.134198 0.219855 0.328623 0.436872 0.806723 .
1999 0.004239 0.000224 0.000121 0.000163 0.000418 0.000565 0.000681 0.000837 0.001161 0.002001 0.003353 0.005055 0.008114 0.013257 0.022276 0.034531 0.054759 0.086427 0.138714 0.224881 0.348209 0.563037 0.782609 0.000000
2000 0.005364 0.000202 0.000096 0.000145 0.000485 0.000591 0.000586 0.000715 0.001124 0.001966 0.003293 0.004814 0.008018 0.012691 0.021633 0.033819 0.053417 0.083190 0.134885 0.217014 0.344939 0.508295 0.903226 1.500000
2001 0.004825 0.000263 0.000146 0.000163 0.000381 0.000467 0.000554 0.000721 0.001235 0.001872 0.003263 0.004929 0.007956 0.011927 0.021041 0.033216 0.053393 0.083861 0.136143 0.224948 0.339203 0.480392 0.841121 .
2002 0.004379 0.000253 0.000091 0.000117 0.000450 0.000535 0.000558 0.000777 0.001198 0.001925 0.003072 0.005052 0.007551 0.011898 0.020164 0.033011 0.052690 0.084077 0.139875 0.226862 0.352825 0.523171 0.692308 .
2003 0.004378 0.000229 0.000097 0.000156 0.000361 0.000531 0.000474 0.000722 0.001097 0.001828 0.003049 0.004880 0.007089 0.012147 0.018415 0.030794 0.048587 0.081111 0.127674 0.217702 0.351714 0.522361 0.400000 .
2004 0.004404 0.000253 0.000098 0.000140 0.000320 0.000528 0.000544 0.000711 0.001088 0.001753 0.003285 0.004914 0.007495 0.011018 0.018635 0.032226 0.051285 0.082205 0.135406 0.222409 0.319639 0.495659 0.771429 .
2005 0.004330 0.000191 0.000088 0.000086 0.000375 0.000408 0.000583 0.000606 0.000902 0.001555 0.002904 0.004807 0.006885 0.010851 0.017473 0.029226 0.047875 0.078046 0.128122 0.212829 0.345333 0.472527 0.637168 .
2006 0.003853 0.000150 0.000101 0.000116 0.000348 0.000494 0.000453 0.000614 0.000990 0.001690 0.002745 0.004916 0.007161 0.011138 0.017096 0.029124 0.048214 0.076443 0.127627 0.211762 0.327418 0.490483 0.796875 0.000000

##END Denmark, Death rates (period 5x1)     Last modified: 07-Jul-2010, MPv5 (May07)
