##Spain,  Population size (5-year)     Last modified: 11-Feb-2009, MPv5 (May07)

1956 573433.11 2162606.96 2616744.21 2440538.81 2304556.65 2573253.23 2530545.14 2286201.22 1883869.53 1808423.85 1754276.81 1570049.96 1336381.46 1074901.38 897590.83 642236.65 423237.55 220423.64 84645.08 24342.33 5143.04 529.21 64.60 11.47
1957 583286.45 2205209.90 2635483.14 2537097.46 2188725.72 2593038.27 2495356.84 2329619.39 1940536.19 1794730.42 1760266.44 1596675.17 1346870.42 1130937.18 887449.78 663314.85 417676.15 224640.16 85336.44 23916.80 5089.56 525.01 71.40 11.88
1958 619060.64 2219940.08 2667494.99 2606818.46 2204524.23 2476547.16 2525893.20 2319658.87 2036191.01 1765710.27 1780235.92 1598207.12 1399645.59 1142014.26 908251.13 667199.71 425825.35 230330.40 86605.26 23620.52 4975.90 488.30 78.29 13.33
1959 626614.76 2273094.80 2645893.15 2682094.65 2256079.09 2391470.43 2514258.15 2351316.38 2095509.83 1773080.15 1769701.98 1624767.55 1438347.62 1165688.42 905862.41 702656.83 430499.54 238470.99 90335.71 24180.73 5190.00 497.01 67.54 17.45
1960 631022.91 2336536.81 2667277.06 2693282.75 2426541.45 2233734.79 2523373.56 2324939.03 2188066.68 1746851.76 1783261.13 1627431.96 1494336.47 1161883.46 942380.18 700824.36 441761.26 246964.91 93739.70 25332.52 5208.65 513.61 70.67 15.61
1961 587858.00 2386790.00 2704387.00 2683654.00 2438464.00 2271861.00 2451159.00 2372378.00 2187152.00 1815683.00 1742022.00 1666269.00 1473660.00 1228817.00 966620.00 726021.00 447211.00 256380.42 97288.04 26396.36 5152.39 527.54 88.82 19.26
1962 631535.28 2408210.25 2754288.58 2672452.75 2517722.34 2154854.94 2470255.02 2384190.81 2228348.55 1881597.95 1736847.88 1679581.90 1508594.06 1242273.44 1018554.41 728045.98 470165.50 264592.04 102287.65 27620.24 5233.37 560.15 87.49 30.49
1963 637920.03 2439978.59 2797051.32 2689410.52 2567425.69 2151383.31 2385179.37 2425319.84 2238403.80 1981515.65 1712780.60 1706889.57 1526341.64 1290593.36 1026857.72 753454.78 478557.39 268546.56 105859.92 28101.95 5197.53 556.50 92.38 38.40
1964 650797.23 2468765.35 2857798.99 2653726.43 2621115.81 2188468.57 2307684.60 2445311.35 2276646.01 2046437.24 1724908.50 1708144.05 1556206.47 1335088.40 1038481.12 753724.95 509912.88 272781.77 108835.91 29074.52 5268.95 504.76 103.03 44.00
1965 676643.20 2498312.70 2940520.64 2660102.88 2627414.81 2331127.84 2148921.83 2462560.04 2281638.92 2142067.54 1710760.17 1724890.26 1572267.81 1394960.77 1036195.87 781889.74 515513.69 279996.50 113400.09 30323.25 5510.90 531.26 108.76 54.66
1966 657311.61 2565449.48 2992189.44 2690943.16 2611073.08 2321082.13 2163269.97 2411889.20 2347562.51 2162708.70 1778462.17 1700276.30 1608187.34 1396392.91 1096805.76 800311.90 539538.13 287828.44 118890.56 31892.38 5905.79 527.57 104.16 65.97
1967 651502.19 2597108.25 3055926.47 2744066.57 2617344.51 2398767.48 2041069.73 2420216.99 2358720.19 2202864.41 1847011.47 1691751.77 1621035.97 1433306.65 1111999.40 842716.88 540520.59 297377.23 122632.51 33583.10 6037.43 569.64 104.95 74.20
1968 661532.98 2614416.00 3094203.05 2791803.66 2647726.97 2458324.61 2019113.94 2337966.76 2396664.37 2209743.93 1943070.20 1673346.87 1641907.67 1453529.05 1161351.66 850215.42 561929.77 308030.25 125590.30 35210.61 6245.13 568.48 97.56 82.55
1969 648542.71 2626647.45 3134642.70 2860490.45 2628454.62 2515662.20 2079788.86 2220941.70 2412389.16 2246827.81 2011964.52 1679814.00 1646229.49 1478319.68 1207697.59 864942.19 564527.02 323718.12 127935.11 36344.78 6501.20 544.02 73.03 102.13
1970 645054.13 2596666.75 3195637.48 2941929.21 2641381.55 2537061.19 2212655.60 2055609.84 2416113.78 2260644.41 2100663.28 1667907.42 1657881.52 1494888.44 1262986.02 862393.86 578503.59 334339.82 131886.88 37075.27 6627.49 594.90 65.26 102.82
1971 648501.00 2566232.00 3219390.00 3026337.00 2677672.00 2535746.00 2202389.00 2054110.00 2370193.00 2317247.00 2128900.00 1728401.00 1638637.00 1519553.00 1276942.00 919711.00 589041.00 345569.70 136427.78 38726.73 6927.48 649.35 61.86 102.74
1972 658437.29 2568392.56 3255581.43 3071576.42 2719648.77 2559329.33 2301137.68 1951338.69 2377409.36 2331019.42 2169415.10 1800498.76 1629780.41 1531902.47 1308482.98 933034.87 619511.25 347967.07 139884.23 39341.13 6857.58 635.50 63.81 109.33
1973 660355.44 2574520.92 3285732.79 3099940.66 2759026.76 2590217.53 2386234.47 1943454.36 2308064.82 2370427.77 2178986.23 1893906.03 1618346.71 1551603.20 1326919.11 981784.82 629134.13 359905.57 144748.54 40546.60 7097.10 704.99 70.89 109.94
1974 661157.50 2597962.14 3283981.17 3137413.01 2820298.22 2570246.51 2453384.74 2041838.32 2186104.59 2390520.49 2217276.90 1967107.54 1622830.58 1559301.10 1346131.13 1024630.74 644619.38 362081.71 152918.06 40709.51 7158.61 755.67 65.86 116.98
1975 675766.56 2618288.90 3257307.22 3205762.17 2925432.74 2587040.79 2522448.16 2203748.57 2060214.86 2404611.83 2244175.06 2051631.86 1612349.99 1563965.71 1356361.06 1064813.20 646075.38 367719.18 157441.00 42520.00 7119.00 778.00 73.00 121.00
1976 659275.07 2643547.82 3254144.63 3239657.92 2995069.50 2614013.04 2515523.79 2234155.97 2063429.30 2376261.14 2297473.91 2089659.35 1667182.59 1553689.28 1380604.88 1079024.28 691636.01 379033.86 163773.00 43921.00 7894.00 759.00 97.00 95.00
1977 666446.19 2646091.27 3249978.25 3292074.81 3050296.60 2656119.81 2530361.43 2322053.65 1971775.72 2377366.81 2317340.47 2130069.28 1738290.45 1547719.35 1398691.89 1108009.17 709841.41 400662.66 165937.00 45585.00 8203.00 782.00 81.00 74.00
1978 646001.17 2649188.22 3256988.82 3325301.60 3086405.11 2707062.93 2537012.00 2404394.84 1967407.04 2312653.62 2355879.44 2146899.52 1826737.50 1536341.91 1420615.30 1129472.82 750362.31 409218.74 173550.00 47463.00 8564.00 814.00 77.00 58.00
1979 626884.42 2631434.32 3275040.24 3323218.72 3134112.75 2778177.06 2509901.53 2457676.27 2068303.89 2192871.98 2379230.83 2183270.01 1904219.88 1538664.04 1430972.07 1153341.48 790606.70 421530.24 177794.40 51250.00 8787.00 836.00 66.00 18.00
1980 594076.01 2581862.12 3296200.37 3304721.55 3203232.38 2856750.88 2508110.90 2474937.75 2195235.11 2072769.62 2383764.31 2208621.91 1985837.58 1542992.40 1444798.73 1179878.76 828104.13 431669.15 185602.18 54633.00 9570.00 890.00 59.00 4.00
1981 581752.83 2502577.01 3306386.35 3302254.03 3254915.04 2930175.83 2532774.09 2459020.91 2240261.95 2056377.58 2364631.71 2256628.75 2031212.14 1588234.96 1445403.64 1208662.61 848762.54 467180.74 194801.86 58415.00 10111.00 1074.00 53.00 7.00
1982 536499.63 2431904.85 3307413.83 3275348.56 3305585.97 3001956.35 2582385.74 2477266.49 2311151.33 1970289.70 2355317.13 2280672.38 2070833.25 1657883.80 1439615.37 1230690.64 876145.60 486973.65 207958.66 60262.00 10684.00 1107.00 71.00 5.00
1983 511068.94 2330892.69 3285074.12 3276571.48 3322981.70 3044353.25 2650382.56 2481216.95 2386775.26 1961582.81 2289707.07 2315234.82 2092155.73 1742919.33 1428325.25 1252959.69 902425.31 521760.04 216652.74 64616.00 11465.00 1193.00 77.00 5.00
1984 481275.69 2220925.15 3250934.27 3288954.40 3307613.01 3091240.51 2731230.12 2468013.74 2431306.15 2056411.32 2167146.17 2336822.62 2124791.35 1822380.97 1428745.38 1263719.91 926393.39 551827.14 224592.24 66709.40 12291.00 1267.00 94.00 4.00
1985 469645.12 2107291.70 3182726.79 3306250.34 3282616.12 3147018.60 2816426.14 2479021.64 2448840.39 2173638.26 2047189.30 2336175.22 2149367.71 1900781.46 1436641.67 1275835.29 952001.73 583207.82 232159.15 70103.18 13607.00 1366.00 108.00 5.00
1986 452090.78 2000442.00 3094553.50 3322333.24 3274239.27 3181548.19 2892442.52 2517491.84 2436371.12 2218620.73 2022014.57 2314107.58 2192444.33 1947467.40 1478984.86 1275732.05 975746.35 600192.19 254293.74 73017.86 14581.00 1422.00 140.00 1.00
1987 434221.69 1916234.16 2970638.77 3328125.31 3266743.57 3220746.39 2956471.92 2566832.40 2456244.41 2287990.73 1937941.94 2302299.41 2214659.34 1986405.92 1548002.23 1272874.24 996862.43 623885.32 268342.65 78840.66 14873.00 1582.00 132.00 1.00
1988 422137.55 1834492.98 2844826.33 3306885.89 3273859.39 3248557.79 2988333.85 2629807.55 2461962.90 2362225.78 1929903.64 2237387.80 2247389.29 2006546.56 1629407.44 1267454.58 1019969.90 644602.18 291273.04 82673.74 15844.00 1709.00 130.00 0.00
1989 412725.42 1766031.61 2705003.30 3274192.12 3291969.87 3245712.26 3026568.05 2702392.42 2451442.47 2405729.33 2023959.22 2116905.44 2267187.09 2036702.11 1706212.65 1272246.18 1034605.13 668746.53 311325.14 86933.24 16274.40 1808.00 138.00 1.00
1990 402505.94 1693039.88 2579055.09 3207419.47 3314856.56 3232983.11 3071504.98 2781863.06 2461504.34 2423733.31 2140695.07 1999449.11 2264080.48 2060590.92 1780543.64 1284839.51 1048068.57 691928.73 330279.82 90223.15 16990.18 2120.00 118.00 4.00
1991 391858.37 1631587.06 2456899.00 3104302.18 3336002.03 3235995.84 3100226.22 2851565.39 2500146.55 2408518.39 2187570.79 1974297.25 2243199.21 2100352.67 1827041.23 1327496.52 1051935.47 716399.69 343086.19 101053.74 17690.86 2173.00 114.00 0.00
1992 393473.00 1600290.00 2355724.00 2978945.00 3324477.00 3252933.00 3151670.00 2907462.00 2565962.00 2431760.00 2265035.00 1949285.00 2200657.00 2124251.00 1855090.00 1398609.00 1053509.00 734988.14 358861.32 107468.65 19112.66 2092.00 115.00 0.00
1993 394491.00 1584545.00 2259118.00 2859711.00 3306086.00 3268288.00 3185220.00 2969725.00 2635845.00 2438623.00 2317233.00 1982032.00 2135224.00 2149519.00 1885068.00 1464797.00 1058473.00 758153.63 374270.18 118498.04 19998.74 2190.00 116.00 1.00
1994 383620.00 1579217.00 2174620.00 2736715.00 3266177.00 3285075.00 3211092.00 3022785.00 2713115.00 2459550.00 2361782.00 2015812.00 2077541.00 2163311.00 1915771.00 1529265.00 1071417.00 772511.68 391407.53 127822.14 21235.24 2273.40 129.00 0.00
1995 368244.00 1563087.00 2110065.00 2615807.00 3201449.00 3302575.00 3227720.00 3073029.00 2791563.00 2488707.00 2393646.00 2084089.00 2001313.00 2175541.00 1942573.00 1588910.00 1095644.00 789548.30 409084.73 137147.82 22226.15 2309.18 189.00 0.00
1996 361823.00 1536069.00 2060429.00 2498570.00 3118209.00 3314873.00 3235992.00 3124229.00 2864782.00 2524531.00 2417978.00 2168701.00 1936110.00 2167125.00 1976141.00 1636066.00 1133667.00 797647.74 428057.69 144615.19 25728.74 2435.86 193.00 2.00
1997 361083.00 1503348.00 2028316.00 2392724.00 3013321.00 3321739.00 3244772.00 3171270.00 2932862.00 2580093.00 2429820.00 2245663.00 1913469.00 2133438.00 2008322.00 1677300.00 1180369.00 803489.30 443689.14 152500.32 27895.65 2604.66 173.00 2.00
1998 367078.00 1475003.00 2003722.00 2299596.00 2899067.00 3313196.00 3261281.00 3202785.00 2996738.00 2652923.00 2439121.00 2299510.00 1949320.00 2072675.00 2038263.00 1710297.00 1238706.00 805657.48 460835.63 160185.18 31159.04 2776.74 181.00 1.00
1999 364087.00 1463005.00 1981025.00 2224513.00 2782669.00 3288970.00 3290636.00 3236501.00 3058050.00 2737559.00 2465339.00 2348159.00 1986948.00 2019615.00 2057380.00 1744510.00 1296181.00 814448.08 471695.68 168240.53 33475.14 2869.24 186.40 1.00
2000 379175.00 1461027.00 1954628.00 2169796.00 2669682.00 3247968.00 3333744.00 3271544.00 3124705.00 2828642.00 2503862.00 2386942.00 2060357.00 1952027.00 2075840.00 1776159.00 1351197.00 829629.89 481281.30 175027.73 35233.82 2886.15 174.18 8.00
2001 397254.00 1480278.00 1928611.00 2132725.00 2563818.00 3212809.00 3415590.00 3333821.00 3216569.00 2931246.00 2558890.00 2422471.00 2150249.00 1894232.00 2073460.00 1813410.00 1395581.00 857680.85 489778.74 184876.69 37857.19 3585.74 168.86 8.00
2002 410468.00 1522671.00 1914232.00 2112884.00 2476134.00 3155735.00 3492320.00 3395773.00 3303198.00 3030494.00 2635841.00 2447988.00 2235383.00 1880417.00 2048567.00 1849949.00 1436323.00 895632.00 496749.30 194230.14 40564.32 4020.65 188.66 10.00
2003 417842.00 1595831.00 1928089.00 2107159.00 2413313.00 3106228.00 3584257.00 3495590.00 3391308.00 3135408.00 2737387.00 2476102.00 2303311.00 1927957.00 1998947.00 1885490.00 1473165.00 948070.00 499433.48 203106.63 43156.18 4600.04 177.74 11.00
2004 441283.00 1659076.00 1948605.00 2102107.00 2362779.00 3034702.00 3644627.00 3595505.00 3471295.00 3230268.00 2846553.00 2520615.00 2366036.00 1978083.00 1957977.00 1911244.00 1511804.00 1000248.00 506906.08 208130.68 45018.53 4789.14 186.24 5.40
2005 450659.00 1720832.00 1978737.00 2090307.00 2323093.00 2961814.00 3685250.00 3708362.00 3553108.00 3324821.00 2960370.00 2575151.00 2417293.00 2059847.00 1902018.00 1934139.00 1547556.00 1050410.00 524155.89 215789.30 48208.73 5186.82 209.15 10.18
2006 459184.00 1774742.00 2029457.00 2078223.00 2298535.00 2891027.00 3701942.00 3826159.00 3635951.00 3424059.00 3071171.00 2638969.00 2462379.00 2157997.00 1856765.00 1939064.00 1588507.00 1093080.00 551281.85 219542.74 50853.69 5572.19 245.74 8.86

##END Spain,  Population size (5-year)     Last modified: 11-Feb-2009, MPv5 (May07)
