##Finland,  Population size (5-year)     Last modified: 16-Nov-2010, MPv5 (May07)

1956 87530.00 354462.00 496112.00 374650.00 324166.00 302524.00 317279.00 300967.00 261643.00 280874.00 281187.00 236158.00 195136.00 151381.00 120754.00 85611.00 52763.00 26134.00 7883.00 1711.00 177.00 9.00 1.00 0.00
1957 87058.00 352158.00 484250.00 392192.00 343580.00 300083.00 316113.00 302853.00 268967.00 272719.00 283922.00 242635.00 202150.00 154360.00 123389.00 88775.00 53114.00 26750.00 8480.00 1673.00 201.00 10.00 1.00 0.00
1958 84909.00 346815.00 472826.00 435893.00 335621.00 300980.00 312608.00 305122.00 273345.00 265418.00 285075.00 250372.00 208545.00 158800.00 123714.00 91257.00 54103.00 27423.00 9075.00 1596.00 207.00 7.00 1.00 0.00
1959 79523.00 343113.00 458260.00 466408.00 337004.00 309348.00 302682.00 306106.00 280029.00 261714.00 283397.00 257872.00 211703.00 167066.00 123662.00 93887.00 55943.00 27802.00 9601.00 1492.00 226.00 6.00 1.00 0.00
1960 81362.00 335021.00 447423.00 489632.00 340805.00 317166.00 295263.00 308043.00 293874.00 249854.00 279648.00 264218.00 217905.00 173639.00 126508.00 94832.00 57869.00 28577.00 10016.00 1739.00 250.00 11.00 1.00 0.00
1961 79219.00 329369.00 439421.00 492178.00 372438.00 312651.00 289347.00 308535.00 294434.00 256081.00 273220.00 270526.00 222817.00 178185.00 131423.00 95949.00 59214.00 29354.00 10132.00 2004.00 220.00 11.00 0.00 1.00
1962 80364.00 320682.00 435900.00 479852.00 389381.00 333144.00 285578.00 306156.00 295812.00 262566.00 265010.00 272903.00 228700.00 184471.00 133975.00 98144.00 61620.00 29281.00 10471.00 2138.00 236.00 14.00 0.00 1.00
1963 79815.00 317411.00 427423.00 469664.00 432203.00 326462.00 287379.00 302312.00 298096.00 267207.00 257652.00 274237.00 235821.00 190485.00 137621.00 98549.00 62743.00 29991.00 10561.00 2203.00 203.00 14.00 0.00 0.00
1964 80744.00 317773.00 418452.00 455546.00 461508.00 328469.00 296656.00 292680.00 299400.00 273915.00 254397.00 272306.00 242896.00 193370.00 144896.00 98543.00 64753.00 31137.00 10762.00 2266.00 199.00 19.00 0.00 0.00
1965 78579.00 316865.00 409937.00 444659.00 482133.00 328422.00 302512.00 284318.00 301534.00 287385.00 242740.00 268655.00 248828.00 198959.00 150676.00 100989.00 65612.00 32098.00 11064.00 2374.00 246.00 12.00 0.00 0.00
1966 75740.00 315151.00 401860.00 435402.00 482168.00 355180.00 296260.00 278204.00 302010.00 287844.00 248616.00 262382.00 254676.00 203467.00 154593.00 104832.00 66132.00 32490.00 11167.00 2294.00 282.00 10.00 0.00 0.00
1967 75633.00 310355.00 394866.00 432183.00 469889.00 369813.00 316327.00 275173.00 300202.00 289725.00 255289.00 254870.00 256956.00 209212.00 160366.00 107108.00 67430.00 33880.00 11066.00 2381.00 276.00 13.00 1.00 0.00
1968 75197.00 306959.00 390958.00 423583.00 460406.00 411093.00 310722.00 278281.00 296830.00 292048.00 259816.00 247905.00 258224.00 216031.00 165781.00 110133.00 67980.00 35197.00 11475.00 2477.00 297.00 18.00 1.00 0.00
1969 71487.00 301059.00 391813.00 414568.00 445639.00 437405.00 311451.00 287529.00 287550.00 293081.00 266180.00 244665.00 256640.00 222666.00 168317.00 116118.00 67753.00 35627.00 11944.00 2594.00 274.00 18.00 0.00 0.00
1970 64826.00 291217.00 387365.00 406068.00 431099.00 449217.00 307109.00 293692.00 280349.00 294473.00 278883.00 233190.00 253044.00 228245.00 173398.00 121140.00 70163.00 35864.00 12326.00 2651.00 283.00 20.00 0.00 0.00
1971 60983.00 278461.00 381160.00 397946.00 421170.00 445099.00 331031.00 287969.00 274525.00 294269.00 278969.00 238497.00 247313.00 233456.00 177463.00 124708.00 73386.00 36472.00 12904.00 2677.00 325.00 23.00 0.00 0.00
1972 60474.00 267238.00 377381.00 390916.00 421729.00 442138.00 349107.00 307110.00 272543.00 293090.00 281004.00 245325.00 240178.00 236036.00 182572.00 129587.00 75406.00 37729.00 13589.00 2700.00 357.00 19.00 0.00 0.00
1973 58356.00 256507.00 373815.00 387100.00 415882.00 438754.00 392432.00 301316.00 274999.00 290604.00 283842.00 249662.00 234660.00 237316.00 189244.00 134349.00 78691.00 38445.00 14368.00 2869.00 380.00 23.00 1.00 0.00
1974 56312.00 246187.00 367418.00 388333.00 408523.00 431100.00 423755.00 304540.00 284590.00 282789.00 285700.00 256655.00 231831.00 236530.00 195521.00 137329.00 83682.00 39614.00 14895.00 3193.00 376.00 24.00 1.00 0.00
1975 62649.00 238314.00 356256.00 386406.00 401987.00 423889.00 448938.00 308712.00 293098.00 277097.00 288314.00 269687.00 221509.00 233781.00 201301.00 142136.00 87915.00 41340.00 15226.00 3452.00 397.00 21.00 1.00 0.00
1976 65355.00 238040.00 344339.00 382810.00 395592.00 417130.00 453205.00 336666.00 289668.00 272812.00 289296.00 270631.00 227320.00 229056.00 206729.00 146285.00 91519.00 43977.00 15890.00 3705.00 417.00 25.00 1.00 0.00
1977 66228.00 241371.00 330742.00 378715.00 388147.00 412670.00 442278.00 351868.00 307526.00 270335.00 287696.00 272526.00 233769.00 222691.00 209487.00 151465.00 95712.00 46111.00 16891.00 4020.00 432.00 34.00 0.00 0.00
1978 64988.00 247584.00 316985.00 375674.00 384881.00 403364.00 431733.00 390943.00 300265.00 272488.00 285251.00 275440.00 238210.00 218000.00 211576.00 157916.00 100184.00 48695.50 17735.00 4420.50 525.00 32.00 0.00 0.00
1979 63466.00 256068.00 302337.00 367915.00 385677.00 394116.00 419225.00 417783.00 301461.00 281075.00 277222.00 276817.00 244946.00 215630.00 211140.00 163582.00 102993.00 52593.00 18602.50 4721.50 626.00 39.00 0.00 0.00
1980 62985.00 257978.00 298770.00 356276.00 383390.00 386877.00 409745.00 439882.00 304190.00 288906.00 271437.00 279478.00 257433.00 206367.00 209455.00 168901.00 107204.00 56099.00 20157.00 4956.00 698.00 42.00 0.00 0.00
1981 62656.00 256875.00 300578.00 345100.00 380152.00 381371.00 403524.00 443722.00 331554.00 285468.00 267664.00 280688.00 258819.00 212225.00 205910.00 173942.00 111050.00 58752.00 21599.00 5296.00 730.00 50.00 2.00 0.00
1982 63260.00 254690.00 306505.00 332337.00 377548.00 377248.00 402619.00 435921.00 347609.00 303812.00 265612.00 279769.00 260998.00 218653.00 200716.00 177266.00 115794.00 62104.00 22998.00 5743.00 845.00 61.00 1.00 0.00
1983 65943.00 253853.00 314107.00 318137.00 374333.00 376229.00 397110.00 429239.00 388276.00 297042.00 267837.00 277378.00 263763.00 222943.00 196742.00 179800.00 121183.00 65644.00 24934.00 6137.00 997.00 82.00 2.00 0.00
1984 66666.00 256760.00 322441.00 304473.00 367489.00 379836.00 391373.00 419156.00 416687.00 298954.00 276757.00 270091.00 265476.00 229757.00 195262.00 179773.00 126097.00 67866.00 27184.00 6649.00 1015.00 87.00 3.00 0.00
1985 64973.00 260338.00 324668.00 301526.00 356320.00 379548.00 386743.00 411379.00 439954.00 302189.00 284840.00 264891.00 268257.00 241852.00 187069.00 179077.00 131128.00 71157.00 29280.00 7339.00 1111.00 96.00 5.00 0.00
1986 62526.00 262216.00 323446.00 303344.00 345381.00 377268.00 382333.00 405916.00 444575.00 329792.00 281599.00 261536.00 269654.00 243344.00 192869.00 176323.00 135202.00 73692.00 30554.00 7886.00 1152.00 86.00 4.00 0.00
1987 60495.00 261071.00 321314.00 308733.00 332536.00 374244.00 377477.00 404391.00 436309.00 345642.00 299754.00 259572.00 269110.00 245621.00 199157.00 172367.00 138222.00 77258.00 32599.00 8464.00 1284.00 96.00 7.00 0.00
1988 59511.00 255369.00 322414.00 315649.00 318025.00 370748.00 375276.00 397877.00 428782.00 385651.00 292980.00 261688.00 267091.00 248274.00 203126.00 169502.00 140626.00 81225.00 34291.00 9154.00 1324.00 123.00 8.00 0.00
1989 62875.00 248189.00 325332.00 323585.00 304154.00 363775.00 377764.00 391222.00 417907.00 413394.00 294692.00 270273.00 260096.00 250160.00 209574.00 168554.00 140883.00 84978.00 35641.00 9909.00 1433.00 111.00 4.00 1.00
1990 63043.00 246376.00 327075.00 325775.00 301284.00 353391.00 377940.00 386877.00 410165.00 436378.00 297913.00 278177.00 255274.00 252983.00 220838.00 161743.00 140896.00 88688.00 37456.00 10581.00 1565.00 128.00 5.00 0.00
1991 65276.00 247209.00 326827.00 324891.00 303383.00 343608.00 376821.00 383326.00 405368.00 441173.00 325282.00 275265.00 252434.00 254650.00 222601.00 167296.00 139532.00 91747.00 38920.00 11191.00 1712.00 155.00 3.00 0.00
1992 65170.00 252586.00 324511.00 323331.00 309680.00 332830.00 376431.00 380129.00 405035.00 433899.00 341453.00 293585.00 251058.00 254554.00 225198.00 173336.00 136969.00 94426.00 40878.00 12122.00 1842.00 162.00 4.00 0.00
1993 66473.00 258286.00 318487.00 325034.00 317075.00 319454.00 374213.00 378982.00 399440.00 427055.00 381240.00 287170.00 253661.00 253161.00 228027.00 177469.00 135183.00 96699.00 43301.00 12628.00 1992.00 161.00 8.00 0.00
1994 64596.00 261844.00 315622.00 328667.00 325595.00 306405.00 368480.00 382300.00 393435.00 417037.00 409135.00 289144.00 262399.00 247125.00 230284.00 183669.00 134943.00 97115.00 45044.00 13038.00 2105.00 162.00 9.00 0.00
1995 64855.00 262847.00 313943.00 330599.00 327902.00 303187.00 357733.00 382020.00 388699.00 409270.00 431795.00 292435.00 270468.00 243283.00 233739.00 193957.00 130265.00 97974.00 47833.00 13735.00 2251.00 189.00 4.00 0.00
1996 62811.00 262059.00 316643.00 330257.00 327118.00 305051.00 347131.00 379987.00 384742.00 404232.00 436449.00 319111.00 267867.00 240951.00 235870.00 196407.00 135771.00 97530.00 49900.00 14573.00 2375.00 212.00 7.00 0.00
1997 60448.00 259724.00 320975.00 327420.00 325344.00 310629.00 334569.00 377527.00 380187.00 403081.00 428832.00 334890.00 285534.00 240005.00 236340.00 199273.00 141399.00 96444.00 51893.00 15248.00 2559.00 203.00 4.00 0.00
1998 59035.00 253698.00 327353.00 321264.00 326932.00 317870.00 320816.00 374399.00 378530.00 397190.00 421934.00 373934.00 279074.00 242832.00 235617.00 202451.00 145669.00 96161.00 53626.50 16195.50 2718.00 208.00 5.00 1.00
1999 56768.00 248168.00 328311.00 317898.00 330273.00 326044.00 307320.00 367975.00 381393.00 391075.00 411958.00 401144.00 281074.00 251425.00 230291.00 205111.00 151523.00 97060.50 54604.50 17310.00 2808.00 209.00 6.00 1.00
2000 57393.00 240129.00 329375.00 316104.00 332206.00 328066.00 304448.00 357565.00 380939.00 386486.00 404445.00 423566.00 284194.00 259218.00 227163.00 208620.00 160330.00 94100.00 55425.50 18342.00 3061.00 235.50 9.00 1.00
2001 56550.00 234725.00 326424.00 318634.00 331778.00 327230.00 306202.00 346890.00 378646.00 382265.00 399427.00 428147.00 310083.00 256916.00 225524.00 211265.00 163283.00 98791.00 55781.00 19166.50 3190.50 252.00 14.00 0.00
2002 55909.00 230883.00 321777.00 323018.00 329220.00 325599.00 312190.00 335071.00 376538.00 378091.00 398557.00 420940.00 325664.00 274073.00 225223.00 212474.00 166355.00 103707.50 55692.00 20258.00 3425.00 270.00 11.00 0.00
2003 55396.00 227799.00 314463.00 329351.00 323130.00 327262.00 319485.00 321645.00 373457.00 376608.00 393036.00 414266.00 363817.00 268016.00 228179.00 212476.00 169477.00 107511.00 55972.00 21040.00 3629.00 301.00 12.00 0.00
2004 56440.00 226697.00 306715.00 330245.00 319754.00 330871.00 327973.00 308602.00 367428.00 379711.00 387053.00 404572.00 390583.00 269893.00 236582.00 208415.00 172779.00 112768.00 56915.50 21509.00 3922.00 319.00 16.00 0.00
2005 57602.00 226091.00 299434.00 331433.00 318105.00 333364.00 330853.00 306354.00 357316.00 379466.00 382724.00 397493.00 412327.00 273109.00 244189.00 206336.00 177097.00 120243.00 56076.00 22428.50 4245.50 334.00 14.00 1.00
2006 57620.00 227329.00 293416.00 328539.00 320942.00 333936.00 331174.00 308990.00 347754.00 377782.00 379095.00 392973.00 416888.00 297977.00 242434.00 205764.00 180520.00 123858.00 60507.50 23132.00 4611.00 334.00 10.00 1.00

##END Finland,  Population size (5-year)     Last modified: 16-Nov-2010, MPv5 (May07)
