##Finland, Death rates (period 5x1)     Last modified: 16-Nov-2010, MPv5 (May07)

1956 0.026070 0.001494 0.000661 0.000516 0.000866 0.001201 0.001857 0.002173 0.002853 0.004129 0.006197 0.009653 0.014378 0.022169 0.036397 0.059823 0.095470 0.153681 0.226350 0.330308 0.459103 0.842105 0.000000 .
1957 0.028106 0.002134 0.000675 0.000539 0.000925 0.001364 0.001629 0.002122 0.002799 0.003969 0.006288 0.009480 0.015236 0.023414 0.037675 0.060348 0.100685 0.154237 0.228152 0.367956 0.494346 0.724138 0.000000 .
1958 0.024171 0.001571 0.000524 0.000395 0.000723 0.001085 0.001459 0.001953 0.002743 0.003756 0.005784 0.009051 0.014468 0.022487 0.034852 0.057462 0.094923 0.151800 0.232387 0.361851 0.376702 0.878049 0.000000 .
1959 0.024332 0.001374 0.000563 0.000416 0.000803 0.001181 0.001555 0.001879 0.002666 0.003652 0.005552 0.009011 0.013961 0.022147 0.035432 0.055640 0.092870 0.146306 0.223198 0.301879 0.384401 0.555556 0.000000 .
1960 0.021458 0.001078 0.000516 0.000440 0.000827 0.001111 0.001386 0.001888 0.002597 0.003680 0.005871 0.009159 0.013886 0.022383 0.034949 0.058563 0.094212 0.144452 0.232661 0.327185 0.530554 0.562500 0.000000 0.000000
1961 0.021334 0.001095 0.000532 0.000391 0.000869 0.001041 0.001336 0.001770 0.002474 0.003918 0.005734 0.009163 0.014316 0.022400 0.035111 0.057805 0.092722 0.151601 0.229426 0.324480 0.374456 0.779221 . 0.000000
1962 0.020795 0.001022 0.000493 0.000394 0.000781 0.001079 0.001428 0.001778 0.002627 0.003707 0.006061 0.009157 0.014949 0.022812 0.036572 0.059219 0.100619 0.157969 0.248772 0.364812 0.581091 0.725275 . 3.000000
1963 0.018590 0.001042 0.000499 0.000406 0.000680 0.001069 0.001339 0.001869 0.002531 0.003696 0.005925 0.009726 0.014250 0.022294 0.036121 0.058028 0.092251 0.147606 0.230953 0.351233 0.466830 0.349515 . .
1964 0.017145 0.000990 0.000507 0.000380 0.000841 0.001111 0.001322 0.001629 0.002413 0.003734 0.005789 0.009135 0.014320 0.022781 0.034626 0.057596 0.094497 0.149426 0.230115 0.333477 0.409910 0.865979 . .
1965 0.017726 0.000921 0.000626 0.000402 0.000705 0.001050 0.001326 0.001689 0.002595 0.003915 0.005804 0.009336 0.014434 0.022221 0.035897 0.058689 0.097545 0.160873 0.248950 0.370191 0.442344 0.626866 . .
1966 0.015346 0.000857 0.000540 0.000429 0.000769 0.000990 0.001192 0.001623 0.002424 0.003812 0.005811 0.008758 0.014303 0.022020 0.034993 0.056980 0.095253 0.147898 0.237199 0.349540 0.486486 0.338028 0.000000 .
1967 0.015164 0.000794 0.000557 0.000414 0.000712 0.000960 0.001215 0.001442 0.002311 0.003668 0.005983 0.008975 0.014046 0.021936 0.034277 0.057043 0.092973 0.145871 0.229985 0.342928 0.439279 0.333333 0.857143 .
1968 0.013879 0.000983 0.000496 0.000329 0.000755 0.000943 0.001212 0.001562 0.002543 0.003746 0.005768 0.009135 0.013996 0.021727 0.034860 0.056870 0.094807 0.152571 0.236526 0.322254 0.488290 0.654545 1.500000 .
1969 0.014088 0.000821 0.000585 0.000314 0.000755 0.000929 0.001351 0.001700 0.002465 0.004000 0.006124 0.009279 0.014350 0.022110 0.035104 0.056206 0.093078 0.148926 0.237286 0.346557 0.482883 0.526316 . .
1970 0.013551 0.000741 0.000500 0.000353 0.000838 0.001044 0.001091 0.001582 0.002498 0.003574 0.005682 0.008760 0.013390 0.021218 0.032711 0.053493 0.087273 0.140865 0.218057 0.334976 0.367615 0.576000 . .
1971 0.012723 0.000660 0.000509 0.000408 0.000833 0.001010 0.001206 0.001556 0.002468 0.003977 0.006189 0.008680 0.013489 0.021563 0.033760 0.054562 0.088942 0.141638 0.223195 0.315341 0.400000 0.656250 . .
1972 0.011880 0.000664 0.000493 0.000388 0.000936 0.001092 0.001200 0.001555 0.002389 0.003821 0.005378 0.008146 0.012838 0.020037 0.031183 0.050285 0.081011 0.137177 0.208536 0.312676 0.424490 0.454545 0.000000 .
1973 0.010519 0.000605 0.000496 0.000395 0.000852 0.001152 0.001157 0.001423 0.002134 0.003366 0.005517 0.008030 0.012343 0.019600 0.030537 0.049184 0.079041 0.125556 0.200657 0.285306 0.459103 0.557143 0.000000 .
1974 0.011564 0.000619 0.000401 0.000341 0.000883 0.001020 0.001185 0.001526 0.002060 0.003590 0.005746 0.008230 0.012641 0.019292 0.030166 0.047602 0.078578 0.131875 0.202603 0.305652 0.409503 0.977778 0.857143 .
1975 0.009838 0.000668 0.000391 0.000322 0.000873 0.001168 0.001177 0.001360 0.002135 0.003393 0.005223 0.008049 0.011793 0.018912 0.029612 0.045844 0.075077 0.121349 0.191108 0.276103 0.426122 0.629371 1.200000 .
1976 0.010096 0.000471 0.000323 0.000265 0.000763 0.001048 0.001281 0.001343 0.002066 0.003137 0.005340 0.008180 0.011870 0.018484 0.029466 0.046263 0.076011 0.119891 0.188408 0.285035 0.370747 0.464088 3.000000 .
1977 0.009006 0.000552 0.000320 0.000233 0.000640 0.000858 0.001167 0.001393 0.002017 0.003034 0.005177 0.007659 0.011937 0.018573 0.028261 0.044183 0.071473 0.114093 0.177946 0.266832 0.358458 0.594059 . .
1978 0.007536 0.000441 0.000308 0.000290 0.000650 0.000833 0.001031 0.001312 0.001904 0.002871 0.004763 0.007570 0.011276 0.017371 0.027018 0.043801 0.070298 0.110339 0.175803 0.253401 0.343103 0.334884 6.000000 .
1979 0.007687 0.000385 0.000286 0.000271 0.000674 0.000850 0.001095 0.001279 0.001853 0.002828 0.004584 0.007313 0.011258 0.016573 0.026584 0.043007 0.068083 0.106791 0.164363 0.250670 0.398402 0.421488 6.000000 .
1980 0.007618 0.000373 0.000234 0.000220 0.000600 0.000880 0.001040 0.001333 0.001746 0.002685 0.003936 0.007023 0.010537 0.016546 0.026265 0.041996 0.066155 0.110518 0.175951 0.267446 0.354749 0.553191 0.000000 .
1981 0.006507 0.000344 0.000290 0.000257 0.000583 0.000714 0.001025 0.001396 0.001640 0.002528 0.004208 0.006830 0.010592 0.016338 0.025649 0.040237 0.064861 0.107328 0.167215 0.261019 0.346593 0.360360 0.750000 .
1982 0.006047 0.000319 0.000219 0.000237 0.000529 0.000725 0.000958 0.001248 0.001622 0.002620 0.004027 0.006777 0.009963 0.015536 0.024261 0.038956 0.062558 0.099801 0.153741 0.244624 0.291787 0.323944 0.000000 .
1983 0.006164 0.000384 0.000229 0.000157 0.000639 0.000757 0.000954 0.001221 0.001685 0.002554 0.003827 0.006273 0.010403 0.015205 0.024029 0.039958 0.064635 0.104207 0.158017 0.244783 0.364356 0.508671 0.800000 .
1984 0.006421 0.000309 0.000226 0.000191 0.000589 0.000795 0.000943 0.001202 0.001578 0.002538 0.003732 0.006075 0.009993 0.015465 0.023784 0.038328 0.061412 0.100032 0.153661 0.235283 0.314610 0.477396 0.260870 .
1985 0.006191 0.000276 0.000235 0.000235 0.000584 0.000745 0.000871 0.001175 0.001678 0.002500 0.003962 0.006303 0.009979 0.015701 0.024043 0.039453 0.064381 0.106802 0.170374 0.263163 0.387722 0.622222 0.692308 .
1986 0.005735 0.000252 0.000161 0.000186 0.000599 0.000860 0.000966 0.001264 0.001755 0.002609 0.004111 0.006206 0.009726 0.015063 0.022966 0.037678 0.061563 0.098919 0.158162 0.244629 0.356987 0.481283 0.387097 .
1987 0.006128 0.000345 0.000193 0.000189 0.000639 0.000770 0.001004 0.001349 0.001896 0.002530 0.003715 0.005978 0.009578 0.014942 0.023578 0.037092 0.060088 0.098976 0.160126 0.236117 0.382979 0.416290 0.266667 .
1988 0.006188 0.000266 0.000188 0.000203 0.000662 0.000871 0.000959 0.001315 0.001984 0.002718 0.004169 0.006079 0.009352 0.014561 0.022640 0.036566 0.061068 0.099448 0.157117 0.254513 0.367714 0.545455 0.857143 0.000000
1989 0.005999 0.000348 0.000169 0.000194 0.000743 0.000876 0.000987 0.001388 0.001819 0.002754 0.003932 0.005856 0.009243 0.014715 0.021687 0.035662 0.058353 0.097880 0.160007 0.249022 0.366885 0.407202 0.888889 3.000000
1990 0.005685 0.000292 0.000208 0.000194 0.000767 0.001076 0.000927 0.001350 0.001849 0.002858 0.003918 0.005927 0.008765 0.014041 0.022008 0.035837 0.058009 0.098259 0.163556 0.247046 0.355348 0.414779 1.000000 .
1991 0.005807 0.000292 0.000184 0.000167 0.000623 0.000946 0.000948 0.001357 0.002063 0.002697 0.003864 0.005428 0.008362 0.013762 0.021262 0.033620 0.057219 0.093749 0.158383 0.233146 0.356041 0.488008 0.818182 .
1992 0.005162 0.000192 0.000196 0.000191 0.000584 0.000868 0.000917 0.001215 0.001912 0.002690 0.003877 0.005410 0.007945 0.013418 0.021030 0.033535 0.057642 0.094305 0.152304 0.247354 0.355506 0.494336 0.666667 .
1993 0.004331 0.000258 0.000170 0.000159 0.000489 0.000716 0.000986 0.001151 0.001637 0.002545 0.003591 0.005428 0.008022 0.012841 0.020608 0.033250 0.056557 0.096792 0.168042 0.255967 0.388507 0.536041 0.226415 .
1994 0.004694 0.000225 0.000133 0.000176 0.000563 0.000814 0.000906 0.000973 0.001667 0.002515 0.003545 0.005041 0.007223 0.012288 0.018743 0.031455 0.051629 0.089299 0.147070 0.242123 0.369231 0.489681 1.116279 .
1995 0.003883 0.000248 0.000149 0.000169 0.000534 0.000677 0.000820 0.001055 0.001629 0.002424 0.003653 0.005232 0.007644 0.011796 0.019344 0.030896 0.052771 0.089781 0.151865 0.235837 0.361167 0.471854 0.882353 .
1996 0.003876 0.000203 0.000160 0.000198 0.000440 0.000744 0.000839 0.001061 0.001603 0.002475 0.003556 0.004722 0.007493 0.011120 0.018923 0.030217 0.050758 0.087428 0.148171 0.248957 0.377838 0.579572 1.235294 .
1997 0.003873 0.000242 0.000204 0.000170 0.000443 0.000727 0.000806 0.000962 0.001533 0.002442 0.003527 0.005111 0.007267 0.010950 0.018142 0.029581 0.049109 0.085046 0.147845 0.243144 0.353185 0.606255 0.214286 0.000000
1998 0.004074 0.000187 0.000101 0.000158 0.000473 0.000672 0.000729 0.001017 0.001449 0.002292 0.003553 0.005228 0.007091 0.010897 0.017817 0.029552 0.048516 0.083755 0.142205 0.236610 0.384824 0.543269 0.789474 0.000000
1999 0.003651 0.000213 0.000179 0.000159 0.000503 0.000720 0.000804 0.001017 0.001358 0.002257 0.003476 0.004817 0.007094 0.011014 0.016952 0.028386 0.046988 0.082688 0.145226 0.237690 0.347565 0.492873 0.800000 0.000000
2000 0.003702 0.000173 0.000110 0.000148 0.000514 0.000798 0.000812 0.001025 0.001407 0.002257 0.003351 0.005072 0.006825 0.010395 0.016265 0.026922 0.045885 0.081866 0.142266 0.242027 0.368076 0.486762 0.567568 3.000000
2001 0.003227 0.000155 0.000139 0.000106 0.000471 0.000732 0.000830 0.000959 0.001314 0.002156 0.003231 0.004691 0.006575 0.010039 0.015408 0.025981 0.045286 0.077904 0.136892 0.234234 0.348732 0.532410 0.640000 .
2002 0.003027 0.000161 0.000129 0.000113 0.000466 0.000746 0.000673 0.000976 0.001325 0.002011 0.003094 0.004698 0.006551 0.009764 0.015255 0.026116 0.044109 0.077214 0.140278 0.241456 0.369362 0.534897 0.441176 .
2003 0.003128 0.000211 0.000093 0.000155 0.000426 0.000720 0.000731 0.000789 0.001168 0.001921 0.003175 0.004758 0.006728 0.009851 0.014559 0.024691 0.043126 0.074170 0.135973 0.233638 0.355811 0.488746 0.211765 .
2004 0.003348 0.000210 0.000119 0.000112 0.000452 0.000753 0.000715 0.000777 0.001309 0.001993 0.003170 0.004912 0.006903 0.009839 0.014590 0.023499 0.039179 0.069457 0.123960 0.212659 0.338402 0.520812 0.606742 0.000000
2005 0.003028 0.000289 0.000219 0.000167 0.000397 0.000616 0.000615 0.000881 0.001336 0.001986 0.003237 0.005038 0.007293 0.009860 0.014050 0.022392 0.037927 0.067515 0.118990 0.212099 0.327439 0.546535 1.000000 0.857143
2006 0.002874 0.000123 0.000113 0.000129 0.000506 0.000710 0.000637 0.000828 0.001152 0.001767 0.002976 0.004695 0.006881 0.009440 0.013745 0.021983 0.037311 0.067137 0.117006 0.209898 0.322240 0.520604 0.560000 4.000000

##END Finland, Death rates (period 5x1)     Last modified: 16-Nov-2010, MPv5 (May07)
