##France, Total Population,  Population size (5-year)     Last modified: 15-Oct-2009, MPv5 (May07)

1956 786158.00 3122020.00 4082395.00 2776778.00 2803597.00 3099477.00 3219308.00 3247736.00 2116873.00 2749519.00 3007499.00 2933975.00 2576627.00 2065835.00 1786636.00 1449957.00 1013411.00 552657.00 192927.00 43569.00 5183.00 250.00 7.00 0.00
1957 789784.00 3136103.00 4089751.00 3094534.00 2715714.00 3050572.00 3234125.00 3230861.00 2483428.00 2489968.00 2969783.00 2933780.00 2638528.00 2121336.00 1794568.00 1456924.00 1013916.00 577271.00 190920.00 44858.00 5359.00 263.00 4.00 0.00
1958 801192.00 3149449.00 4082608.00 3395350.00 2692843.00 2999415.00 3257882.00 3237547.00 2809823.00 2217310.00 2979045.00 2918233.00 2703583.00 2187952.00 1792469.00 1467482.00 1026425.00 590001.00 205860.00 46573.00 5758.00 284.00 7.00 0.00
1959 795980.00 3177040.00 4046036.00 3654409.00 2713210.00 2963403.00 3235991.00 3247533.00 3086342.00 1994348.00 2966425.00 2926724.00 2752263.00 2242435.00 1813163.00 1485294.00 1039574.00 604555.00 219290.00 48313.00 6314.00 319.00 6.00 0.00
1960 812518.00 3184579.00 4019975.00 3910320.00 2737463.00 2917543.00 3227765.00 3252316.00 3314602.00 1826938.00 2948816.00 2926594.00 2781301.00 2316151.00 1828396.00 1498022.00 1058721.00 616875.00 233059.00 51485.00 6591.00 362.00 6.00 0.00
1961 802750.00 3210413.00 3999627.00 4152920.00 2825325.00 2849075.00 3159909.00 3279798.00 3281840.00 2129663.00 2734063.00 2929724.00 2802068.00 2399638.00 1850606.00 1494873.00 1077901.00 620986.00 243905.00 53932.00 6876.00 404.00 8.00 0.00
1962 823417.00 3222757.00 4020933.00 4171270.00 3143381.00 2755215.00 3114745.00 3290143.00 3270401.00 2492631.00 2481596.00 2899862.00 2803941.00 2462180.00 1907316.00 1511346.00 1092878.00 634266.00 261069.00 55834.00 7582.00 459.00 11.00 0.00
1963 823709.00 3285215.00 4077812.00 4206586.00 3511095.00 2809825.00 3122832.00 3367285.00 3322524.00 2857888.00 2242265.00 2954558.00 2822718.00 2550325.00 1992235.00 1529379.00 1112948.00 641556.00 266431.00 60894.00 7788.00 516.00 5.00 0.00
1964 854714.00 3308179.00 4098672.00 4177187.00 3772651.00 2844668.00 3089516.00 3351306.00 3337659.00 3135391.00 2016127.00 2938964.00 2833012.00 2591980.00 2040079.00 1548126.00 1126171.00 648516.00 270076.00 63787.00 7899.00 539.00 11.00 0.00
1965 864394.00 3341187.00 4119899.00 4156281.00 4029508.00 2875577.00 3048354.00 3344918.00 3348928.00 3363049.00 1847871.00 2921547.00 2834937.00 2619511.00 2106679.00 1567783.00 1144660.00 664634.00 280122.00 69114.00 8705.00 544.00 11.00 0.00
1966 851505.00 3385650.00 4127014.00 4122148.00 4272255.00 2946904.00 2985879.00 3268235.00 3375097.00 3327723.00 2143890.00 2706777.00 2838495.00 2637524.00 2178836.00 1586995.00 1147841.00 680101.00 284405.00 72805.00 9475.00 585.00 13.00 0.00
1967 849219.00 3399593.00 4154694.00 4121722.00 4288636.00 3247321.00 2893525.00 3218129.00 3377936.00 3314580.00 2496628.00 2451992.00 2807021.00 2638098.00 2231428.00 1636981.00 1166041.00 692756.00 294423.00 78334.00 10003.00 677.00 21.00 0.00
1968 826345.00 3419720.00 4160310.00 4117531.00 4265040.00 3533780.00 2862254.00 3149775.00 3387568.00 3313654.00 2812159.00 2179033.00 2819054.00 2622827.00 2282895.00 1690772.00 1173119.00 705611.00 302977.00 82192.00 11280.00 741.00 22.00 0.00
1969 822123.00 3390405.00 4207691.00 4135419.00 4201457.00 3803114.00 2882566.00 3116945.00 3363837.00 3325473.00 3085945.00 1959528.00 2808017.00 2635214.00 2321494.00 1728454.00 1188700.00 717694.00 309722.00 84684.00 12076.00 769.00 24.00 0.00
1970 828218.00 3346709.00 4245707.00 4161630.00 4165997.00 4061952.00 2921654.00 3085576.00 3360298.00 3339051.00 3311249.00 1796913.00 2793601.00 2636052.00 2343846.00 1774027.00 1198486.00 727930.00 318853.00 87762.00 12882.00 835.00 25.00 0.00
1971 837127.00 3328721.00 4278138.00 4183311.00 4144650.00 4320111.00 3014468.00 3037121.00 3297700.00 3370009.00 3282668.00 2088941.00 2591314.00 2644338.00 2367464.00 1834984.00 1215926.00 733213.00 330077.00 90989.00 13832.00 957.00 27.00 0.00
1972 867249.00 3322866.00 4284290.00 4217262.00 4158950.00 4336208.00 3336212.00 2947523.00 3253177.00 3376242.00 3270333.00 2435494.00 2346336.00 2620936.00 2372188.00 1884027.00 1254565.00 747335.00 336233.00 94382.00 14592.00 981.00 31.00 0.00
1973 861857.00 3364594.00 4272957.00 4230707.00 4171751.00 4314076.00 3641157.00 2924098.00 3188134.00 3386568.00 3267299.00 2744793.00 2085080.00 2638513.00 2363744.00 1935714.00 1297002.00 756037.32 346517.00 99104.00 15758.00 1125.00 34.00 0.00
1974 839904.00 3393602.00 4237002.00 4269302.00 4202405.00 4280317.00 3911272.00 2950959.00 3147907.00 3357692.00 3278197.00 3007686.00 1873513.00 2632860.00 2379233.00 1975211.00 1328714.00 770842.24 354559.00 102480.00 16333.00 1195.00 36.00 0.00
1975 781166.00 3389118.00 4190163.00 4295253.00 4232365.00 4260164.00 4156399.00 2979179.00 3091132.00 3336841.00 3280706.00 3219491.00 1715716.00 2622954.00 2387712.00 2005219.00 1371168.00 786788.38 363761.00 106694.00 17045.00 1340.00 42.00 0.00
1976 721204.00 3328413.00 4200787.00 4317393.00 4241414.00 4217643.00 4385325.00 3056284.00 3019135.00 3260798.00 3290074.00 3181804.00 1993947.00 2432945.00 2398515.00 2030123.00 1419004.00 800534.59 367838.00 110662.00 17602.00 1385.00 59.00 0.00
1977 698167.00 3195272.00 4223385.00 4323725.00 4263038.00 4213596.00 4391771.00 3364158.00 2932338.00 3200719.00 3296543.00 3159993.00 2332577.00 2195739.00 2381956.00 2035531.00 1465027.00 830492.15 377643.00 113284.00 18680.00 1486.00 47.00 0.00
1978 722557.00 3041024.00 4259984.00 4322532.00 4266637.00 4207811.00 4362177.00 3658013.00 2904003.00 3139444.00 3301778.00 3158245.00 2627236.00 1953867.00 2398593.00 2037118.00 1514252.00 867431.10 387624.32 118572.00 19845.00 1625.00 58.00 0.00
1979 715195.00 2929018.00 4276503.00 4288212.00 4301995.00 4206395.00 4308844.00 3911806.00 2924215.00 3099281.00 3270428.00 3165853.00 2879406.00 1757454.00 2396294.00 2056784.00 1553020.00 892486.10 400731.24 123791.00 21180.00 1712.00 54.00 0.00
1980 735846.00 2868360.00 4231375.00 4252610.00 4330432.00 4213080.00 4269258.00 4158250.00 2953510.00 3054526.00 3253860.00 3170764.00 3081869.00 1616609.00 2389025.00 2073399.00 1583656.00 927309.63 414156.38 129607.00 22624.00 1844.00 54.00 0.00
1981 778436.00 2882444.00 4124909.00 4238331.00 4355598.00 4215261.00 4231411.00 4394793.00 3038755.00 2988487.00 3190566.00 3184820.00 3055240.00 1883703.00 2219548.00 2086655.00 1611209.00 963163.89 425786.59 133066.00 23789.00 1941.00 65.00 0.00
1982 780938.00 2962484.00 3966956.00 4255878.00 4360748.00 4237837.00 4225545.00 4409179.00 3345435.00 2904002.00 3136365.00 3192957.00 3035863.00 2205138.00 2004999.00 2079207.00 1622029.00 998403.33 444311.15 137925.00 24521.00 2111.00 80.00 0.00
1983 781055.00 3020946.00 3840253.00 4296122.00 4364364.00 4239375.00 4219723.00 4390163.00 3634684.00 2874592.00 3076589.00 3199781.00 3033230.00 2484504.00 1787155.00 2099353.00 1631411.00 1037322.43 466509.10 142630.32 25785.00 2345.00 93.00 0.00
1984 732582.00 3084873.00 3726755.00 4317806.00 4337200.00 4273189.00 4222886.00 4346219.00 3890881.00 2894895.00 3037435.00 3171305.00 3040705.00 2723386.00 1611992.00 2102667.00 1653877.00 1066169.27 480600.10 147534.24 27136.00 2415.00 98.00 3.00
1985 744328.00 3078586.00 3685556.00 4274143.00 4309207.00 4298404.00 4232820.00 4310647.00 4139094.00 2922598.00 2992932.00 3155926.00 3046817.00 2914316.00 1488584.00 2103209.00 1675248.00 1093362.08 502760.63 154502.38 28663.00 2604.00 122.00 6.00
1986 753321.00 3038030.00 3739257.00 4166107.00 4302676.00 4317015.00 4238265.00 4270150.00 4381772.00 3001479.00 2929752.00 3092988.00 3064762.00 2887651.00 1743511.00 1953984.00 1694579.00 1116582.12 523415.89 159077.59 29740.00 2699.00 129.00 10.00
1987 763482.00 3004860.00 3817205.00 4009345.00 4324742.00 4322155.00 4252720.00 4264899.00 4394778.00 3304473.00 2841164.00 3042922.00 3072558.00 2870641.00 2044363.00 1765580.00 1696039.00 1133574.78 549385.33 168692.15 31208.00 2843.00 165.00 11.00
1988 753352.00 2988179.00 3868502.00 3879426.00 4363231.00 4318599.00 4250933.00 4255031.00 4378646.00 3593724.00 2818359.00 2984434.00 3085443.00 2869965.00 2306635.00 1574821.00 1725419.00 1151529.39 579290.43 180174.10 32905.32 3113.00 144.00 13.00
1989 756819.00 3013854.00 3876712.00 3766224.00 4379458.00 4291792.00 4280945.00 4259742.00 4334273.00 3855752.00 2839714.00 2950630.00 3062539.00 2881891.00 2530856.00 1425108.00 1741271.00 1182117.50 606224.27 189975.10 35585.24 3508.00 163.00 10.00
1990 751370.00 3032008.00 3878876.00 3726505.00 4330888.00 4271752.00 4304120.00 4272888.00 4304418.00 4104485.00 2871110.00 2913008.00 3051986.00 2892072.00 2709363.00 1323733.00 1753738.00 1209178.02 628789.08 201427.63 37760.38 3773.00 167.00 17.00
1991 749091.00 3027434.00 3842879.00 3778892.00 4207159.00 4260225.00 4314468.00 4286309.00 4265614.00 4351851.00 2950250.00 2858697.00 2993049.00 2916128.00 2688941.00 1564714.00 1634238.00 1237368.92 651179.12 213330.89 39442.59 3984.00 190.00 14.00
1992 745967.00 3009998.00 3818714.00 3856952.00 4041884.00 4270672.00 4320812.00 4303812.00 4268176.00 4363991.00 3254980.00 2774525.00 2949189.00 2925603.00 2677699.00 1843359.00 1479011.00 1250560.84 671274.78 229675.33 42831.15 4342.00 200.00 12.00
1993 730484.00 2996810.00 3791188.00 3904192.00 3907799.00 4299957.00 4315959.00 4309376.00 4263295.00 4349672.00 3542267.00 2758021.00 2892230.00 2941799.00 2678004.00 2085182.00 1322123.00 1284139.35 690710.39 246144.43 46598.10 4581.32 225.00 11.00
1994 698071.00 2967546.00 3813529.00 3907614.00 3793015.00 4302731.00 4277427.00 4340565.00 4269877.00 4305741.00 3800825.00 2782020.00 2860950.00 2921205.00 2689271.00 2290442.00 1201224.00 1305692.75 714915.50 259339.27 49529.10 4993.24 225.00 12.00
1995 698627.00 2910798.00 3817204.00 3903014.00 3754718.00 4238831.00 4231485.00 4357836.00 4280144.00 4277352.00 4042100.00 2816440.00 2824533.00 2912957.00 2698938.00 2452039.00 1125925.00 1324509.94 741555.02 273688.08 53767.63 5489.38 252.00 13.00
1996 716793.00 2859075.00 3808446.00 3862318.00 3811595.00 4119941.00 4204074.00 4360875.00 4288433.00 4237835.00 4283085.00 2892841.00 2773468.00 2858806.00 2720467.00 2435215.00 1340738.00 1235700.64 765197.92 286543.12 57541.89 5833.59 276.00 12.00
1997 721436.00 2829571.00 3782914.00 3833996.00 3887825.00 3965279.00 4200090.00 4356446.00 4296870.00 4235598.00 4294099.00 3188374.00 2695596.00 2816744.00 2730437.00 2424295.00 1584511.00 1115275.51 777935.84 297334.78 62296.33 6305.15 290.00 13.00
1998 714147.00 2821116.00 3751684.00 3808097.00 3931878.00 3839401.00 4220985.00 4336979.00 4290114.00 4227923.00 4277328.00 3469251.00 2680614.00 2765130.00 2745720.00 2425489.00 1793439.00 998739.43 804565.35 307537.39 66985.43 6835.10 293.32 11.00
1999 722125.00 2837717.00 3688822.00 3831366.00 3937878.00 3733942.00 4226678.00 4289010.00 4315726.00 4228608.00 4235096.00 3719726.00 2706984.00 2737639.00 2728730.00 2435270.00 1969738.00 912383.16 824229.75 321196.50 71064.27 7282.10 322.24 11.00
2000 742533.00 2868004.00 3641139.00 3849103.00 3943133.00 3711647.00 4187328.00 4254773.00 4346772.00 4245775.00 4217424.00 3961458.00 2748515.00 2709739.00 2729820.00 2447251.00 2106715.00 868422.97 837992.94 333974.02 74441.08 7686.63 366.38 9.00
2001 771999.00 2902051.00 3612318.00 3854781.00 3912436.00 3784482.00 4096699.00 4246348.00 4367731.00 4264018.00 4188548.00 4206083.00 2828456.00 2670108.00 2688995.00 2474137.00 2100853.00 1049117.86 779272.64 347727.92 78300.12 8270.89 383.59 8.00
2002 768238.00 2956963.00 3598392.00 3840494.00 3895553.00 3878079.00 3968328.00 4265753.00 4383339.00 4286945.00 4195583.00 4227054.00 3122560.00 2605015.00 2659390.00 2492992.00 2099102.00 1249957.41 701748.51 356231.84 82212.78 9072.33 413.15 6.00
2003 759748.00 3017901.00 3588780.00 3819983.00 3882123.00 3937396.00 3867863.00 4311449.00 4384487.00 4296004.00 4199358.00 4220693.00 3403630.00 2598366.00 2620523.00 2516807.00 2107549.00 1419921.00 630603.43 370757.35 86006.39 9713.43 463.10 8.32
2004 763074.00 3057589.00 3623895.00 3765417.00 3914077.00 3954056.00 3784812.00 4338896.00 4359317.00 4340254.00 4212496.00 4189481.00 3656025.00 2630770.00 2603706.00 2510532.00 2121958.00 1558442.00 581201.16 379724.75 88799.50 10061.27 452.10 6.24
2005 764143.00 3073968.00 3671130.00 3713875.00 3927813.00 3958517.00 3766259.00 4304957.00 4327853.00 4370093.00 4227509.00 4168493.00 3889413.00 2669712.00 2578679.00 2514679.00 2137864.00 1669710.00 572512.97 395610.94 95555.02 11078.08 463.63 7.38
2006 770641.00 3061696.00 3731658.00 3681746.00 3929359.00 3924744.00 3838486.00 4215699.00 4318860.00 4388726.00 4242846.00 4135679.00 4123541.00 2744379.00 2540292.00 2478692.00 2165849.00 1672002.00 707838.86 367523.64 100604.92 11824.12 528.26 8.21

##END France, Total Population,  Population size (5-year)     Last modified: 15-Oct-2009, MPv5 (May07)
