##United Kingdom, Death rates (period 5x1)     Last modified: 03-Nov-2010, MPv5 (May07)

1956 0.025425 0.000924 0.000401 0.000336 0.000564 0.000789 0.000934 0.001198 0.001725 0.002723 0.004610 0.007669 0.012757 0.020514 0.032603 0.052902 0.086521 0.135928 0.215147 0.305409 0.430118 0.605371 1.078706 .
1957 0.024818 0.000982 0.000426 0.000381 0.000659 0.000824 0.000945 0.001166 0.001752 0.002785 0.004587 0.007795 0.012927 0.020699 0.032472 0.051713 0.081578 0.127298 0.197092 0.284601 0.399452 0.528098 0.722022 .
1958 0.024029 0.000893 0.000403 0.000321 0.000588 0.000783 0.000878 0.001138 0.001668 0.002731 0.004485 0.007686 0.012727 0.020247 0.032221 0.051838 0.083711 0.132074 0.205505 0.296717 0.420859 0.517229 1.173148 .
1959 0.023631 0.000937 0.000404 0.000344 0.000632 0.000812 0.000851 0.001099 0.001708 0.002646 0.004380 0.007519 0.012738 0.020248 0.031820 0.051368 0.082985 0.128895 0.201757 0.290017 0.419844 0.511330 0.909879 .
1960 0.023388 0.000895 0.000447 0.000326 0.000614 0.000805 0.000837 0.001062 0.001670 0.002593 0.004418 0.007426 0.012392 0.019994 0.031236 0.049712 0.081416 0.125934 0.195945 0.283792 0.387575 0.530846 0.925407 .
1961 0.022870 0.000943 0.000407 0.000331 0.000637 0.000808 0.000825 0.001091 0.001661 0.002640 0.004489 0.007517 0.012552 0.020686 0.032429 0.051950 0.083770 0.130324 0.203401 0.297411 0.427503 0.600497 0.765432 .
1962 0.023204 0.000884 0.000391 0.000342 0.000636 0.000792 0.000808 0.001068 0.001678 0.002616 0.004490 0.007437 0.012586 0.020686 0.032265 0.051527 0.082338 0.129068 0.202657 0.293640 0.404815 0.601963 0.438048 .
1963 0.022399 0.000923 0.000410 0.000321 0.000624 0.000776 0.000827 0.001080 0.001659 0.002704 0.004628 0.007521 0.012732 0.020999 0.032803 0.052294 0.083054 0.132599 0.207242 0.298197 0.413605 0.560336 1.048196 .
1964 0.021396 0.000813 0.000389 0.000333 0.000691 0.000780 0.000817 0.001035 0.001598 0.002729 0.004442 0.007330 0.012083 0.019891 0.030581 0.048204 0.074095 0.117975 0.181312 0.256069 0.368985 0.511772 0.394922 .
1965 0.020109 0.000824 0.000400 0.000355 0.000707 0.000759 0.000815 0.001010 0.001623 0.002717 0.004445 0.007398 0.012041 0.020000 0.031200 0.048898 0.075515 0.118734 0.184484 0.267277 0.374360 0.483808 0.695703 .
1966 0.019917 0.000858 0.000376 0.000338 0.000753 0.000758 0.000793 0.001019 0.001579 0.002662 0.004406 0.007499 0.012099 0.019879 0.031559 0.049355 0.077524 0.121683 0.188930 0.275428 0.386827 0.519959 1.001524 0.000000
1967 0.019017 0.000782 0.000373 0.000350 0.000685 0.000716 0.000748 0.000953 0.001505 0.002565 0.004269 0.007144 0.011701 0.019022 0.030203 0.046857 0.072501 0.113449 0.175157 0.257204 0.360743 0.452657 0.515148 0.000000
1968 0.018986 0.000816 0.000379 0.000332 0.000632 0.000681 0.000726 0.000939 0.001484 0.002619 0.004359 0.007399 0.011968 0.019544 0.031304 0.049256 0.077938 0.120998 0.189931 0.280447 0.395077 0.541910 0.717835 1.348315
1969 0.018641 0.000788 0.000344 0.000305 0.000650 0.000694 0.000746 0.000950 0.001476 0.002698 0.004684 0.007473 0.012214 0.020029 0.032347 0.049887 0.076295 0.116377 0.177876 0.262049 0.373895 0.550390 0.687285 0.000000
1970 0.018590 0.000734 0.000349 0.000301 0.000626 0.000727 0.000725 0.000946 0.001441 0.002589 0.004534 0.007334 0.012040 0.019374 0.031219 0.048506 0.075009 0.115122 0.176981 0.262148 0.381818 0.506557 0.746405 1.935484
1971 0.018294 0.000702 0.000364 0.000313 0.000652 0.000701 0.000692 0.000928 0.001426 0.002540 0.004492 0.007177 0.011638 0.018726 0.029739 0.046565 0.072573 0.112712 0.174288 0.257615 0.364882 0.505798 0.798832 .
1972 0.017219 0.000752 0.000359 0.000280 0.000652 0.000725 0.000707 0.000902 0.001441 0.002520 0.004532 0.007416 0.012033 0.019151 0.030787 0.048736 0.075626 0.116732 0.180364 0.267484 0.382241 0.506190 0.697869 .
1973 0.016930 0.000714 0.000339 0.000280 0.000662 0.000770 0.000742 0.000916 0.001409 0.002505 0.004519 0.007291 0.011976 0.018577 0.030087 0.047566 0.074095 0.115954 0.179032 0.265326 0.387300 0.503753 0.696352 0.000000
1974 0.016612 0.000677 0.000311 0.000280 0.000652 0.000709 0.000681 0.000889 0.001398 0.002482 0.004415 0.007498 0.011623 0.018488 0.029678 0.047382 0.072136 0.113641 0.176893 0.268711 0.378016 0.552369 0.707023 0.000000
1975 0.015825 0.000620 0.000301 0.000269 0.000634 0.000729 0.000694 0.000890 0.001350 0.002375 0.004285 0.007211 0.011283 0.018311 0.029108 0.046107 0.071564 0.112664 0.174500 0.261793 0.379753 0.501218 0.561814 0.660793
1976 0.014427 0.000581 0.000294 0.000267 0.000636 0.000714 0.000703 0.000868 0.001346 0.002342 0.004173 0.007272 0.011368 0.018683 0.029297 0.046699 0.073159 0.115558 0.181763 0.274617 0.398424 0.491772 0.835369 0.000000
1977 0.014132 0.000568 0.000269 0.000245 0.000606 0.000709 0.000681 0.000834 0.001322 0.002241 0.004076 0.007029 0.011028 0.018045 0.028293 0.044669 0.069639 0.108799 0.168211 0.252998 0.365779 0.494505 0.649159 0.000000
1978 0.013682 0.000574 0.000285 0.000262 0.000645 0.000722 0.000714 0.000856 0.001369 0.002248 0.004040 0.007141 0.011274 0.018214 0.028575 0.044794 0.070201 0.108804 0.168858 0.250990 0.360528 0.515172 0.648747 0.505476
1979 0.013465 0.000509 0.000279 0.000253 0.000598 0.000666 0.000711 0.000846 0.001290 0.002207 0.003991 0.007071 0.011578 0.018008 0.028184 0.044714 0.070673 0.109399 0.169195 0.256770 0.368818 0.484219 0.505599 1.337793
1980 0.012506 0.000518 0.000262 0.000243 0.000597 0.000660 0.000675 0.000802 0.001250 0.002125 0.003757 0.006686 0.011196 0.017527 0.027436 0.043255 0.068172 0.105447 0.164218 0.246738 0.349186 0.532422 0.666621 0.700117
1981 0.011210 0.000501 0.000236 0.000245 0.000581 0.000621 0.000655 0.000807 0.001153 0.002089 0.003687 0.006480 0.010928 0.016876 0.026912 0.042777 0.066540 0.105265 0.161976 0.244616 0.353232 0.514967 0.731187 1.028278
1982 0.010989 0.000472 0.000217 0.000240 0.000560 0.000626 0.000644 0.000812 0.001154 0.001984 0.003519 0.006269 0.010744 0.016823 0.027080 0.042552 0.066655 0.104946 0.162768 0.245521 0.348207 0.472522 0.680071 1.948052
1983 0.010292 0.000442 0.000232 0.000234 0.000542 0.000579 0.000640 0.000782 0.001141 0.001936 0.003482 0.006032 0.010509 0.016927 0.026878 0.041850 0.065122 0.103295 0.159510 0.241804 0.345574 0.476857 0.657712 0.000000
1984 0.009705 0.000440 0.000216 0.000229 0.000513 0.000591 0.000647 0.000776 0.001108 0.001853 0.003376 0.005849 0.010174 0.016874 0.025749 0.040498 0.063013 0.098914 0.151538 0.233562 0.334341 0.465436 0.804181 2.120141
1985 0.009541 0.000453 0.000208 0.000243 0.000493 0.000588 0.000593 0.000761 0.001138 0.001872 0.003285 0.005765 0.010057 0.016915 0.025974 0.041624 0.065104 0.102891 0.159886 0.246636 0.349928 0.478329 0.760077 4.109589
1986 0.009579 0.000420 0.000190 0.000204 0.000520 0.000599 0.000607 0.000788 0.001113 0.001818 0.003255 0.005553 0.009730 0.016450 0.025322 0.040713 0.063584 0.099523 0.155515 0.237049 0.342306 0.448325 0.484973 0.000000
1987 0.009301 0.000413 0.000182 0.000215 0.000513 0.000604 0.000604 0.000815 0.001107 0.001796 0.003117 0.005388 0.009487 0.015957 0.024662 0.039695 0.061155 0.095241 0.146614 0.223998 0.320665 0.459548 0.564445 0.000000
1988 0.009152 0.000416 0.000194 0.000208 0.000508 0.000620 0.000608 0.000818 0.001123 0.001795 0.003114 0.005222 0.009120 0.015820 0.024757 0.039261 0.060358 0.094868 0.147942 0.225615 0.334205 0.465547 0.668388 1.169591
1989 0.008459 0.000415 0.000189 0.000196 0.000527 0.000627 0.000621 0.000778 0.001137 0.001727 0.002999 0.005048 0.008846 0.015294 0.025074 0.038300 0.060740 0.096196 0.151237 0.233818 0.341412 0.495478 0.691823 0.679502
1990 0.008070 0.000381 0.000172 0.000198 0.000519 0.000640 0.000681 0.000773 0.001154 0.001727 0.002922 0.004963 0.008567 0.014849 0.024265 0.037045 0.058713 0.092064 0.143037 0.220150 0.333756 0.466181 0.620319 2.631579
1991 0.007419 0.000373 0.000184 0.000192 0.000526 0.000627 0.000639 0.000781 0.001137 0.001736 0.002857 0.004883 0.008219 0.014257 0.023814 0.036730 0.058519 0.092250 0.144624 0.224869 0.333447 0.468417 0.619251 0.000000
1992 0.006592 0.000327 0.000161 0.000170 0.000460 0.000607 0.000643 0.000780 0.001140 0.001700 0.002747 0.004712 0.007944 0.013867 0.023163 0.035882 0.057373 0.089488 0.140023 0.214184 0.322461 0.446356 0.571002 0.422535
1993 0.006321 0.000328 0.000150 0.000190 0.000448 0.000608 0.000649 0.000803 0.001098 0.001716 0.002697 0.004753 0.007924 0.013784 0.023281 0.036837 0.058787 0.092403 0.147773 0.231213 0.348252 0.489082 0.697717 0.515685
1994 0.006196 0.000293 0.000138 0.000174 0.000425 0.000602 0.000661 0.000831 0.001099 0.001737 0.002618 0.004490 0.007468 0.012965 0.022017 0.035785 0.054348 0.087299 0.137315 0.213838 0.323006 0.455573 0.569082 0.520382
1995 0.006159 0.000266 0.000140 0.000175 0.000456 0.000613 0.000670 0.000837 0.001094 0.001725 0.002703 0.004502 0.007484 0.012745 0.021813 0.035641 0.055444 0.089078 0.141525 0.226305 0.340784 0.477847 0.654580 0.303388
1996 0.006150 0.000280 0.000124 0.000157 0.000458 0.000608 0.000678 0.000829 0.001110 0.001682 0.002687 0.004352 0.007359 0.012296 0.020890 0.034642 0.053342 0.087273 0.139540 0.220573 0.332266 0.486856 0.621194 0.688765
1997 0.005865 0.000267 0.000133 0.000162 0.000450 0.000636 0.000654 0.000787 0.001070 0.001672 0.002610 0.004269 0.007148 0.011808 0.020183 0.033743 0.052280 0.085660 0.138215 0.220142 0.330620 0.484047 0.603597 0.517063
1998 0.005696 0.000277 0.000128 0.000148 0.000429 0.000603 0.000684 0.000800 0.001069 0.001667 0.002610 0.004199 0.007047 0.011629 0.019654 0.033263 0.052236 0.084872 0.136646 0.220402 0.331536 0.493083 0.798306 0.538020
1999 0.005767 0.000274 0.000117 0.000146 0.000430 0.000606 0.000660 0.000797 0.001069 0.001636 0.002607 0.004150 0.006906 0.011342 0.019105 0.032485 0.053315 0.083456 0.137794 0.223926 0.342194 0.498534 0.670502 1.171113
2000 0.005547 0.000229 0.000113 0.000137 0.000409 0.000576 0.000668 0.000795 0.001090 0.001616 0.002569 0.004066 0.006575 0.010944 0.018075 0.030524 0.050054 0.080147 0.130940 0.212266 0.329775 0.466690 0.675100 1.353791
2001 0.005489 0.000229 0.000115 0.000138 0.000407 0.000576 0.000615 0.000808 0.001057 0.001581 0.002571 0.004053 0.006392 0.010589 0.017108 0.029220 0.048686 0.078409 0.129373 0.209964 0.327326 0.471081 0.601322 1.004184
2002 0.005247 0.000234 0.000109 0.000137 0.000383 0.000556 0.000638 0.000799 0.001046 0.001580 0.002592 0.003963 0.006266 0.010445 0.016765 0.028488 0.048268 0.077994 0.130552 0.213571 0.329104 0.483174 0.638275 1.121951
2003 0.005407 0.000245 0.000107 0.000131 0.000362 0.000538 0.000600 0.000775 0.001046 0.001586 0.002504 0.003948 0.006186 0.010286 0.016535 0.027750 0.047524 0.079240 0.131711 0.216935 0.339948 0.505348 0.637753 0.000000
2004 0.005139 0.000217 0.000099 0.000124 0.000348 0.000498 0.000576 0.000754 0.001048 0.001513 0.002412 0.003856 0.005844 0.009724 0.015778 0.026169 0.044703 0.076177 0.120788 0.201736 0.316567 0.456365 0.587374 0.793826
2005 0.005133 0.000212 0.000094 0.000128 0.000342 0.000479 0.000540 0.000718 0.001003 0.001510 0.002408 0.003780 0.005828 0.009459 0.015368 0.025342 0.043633 0.074098 0.120707 0.201187 0.319772 0.471745 0.678177 1.457767
2006 0.005090 0.000228 0.000104 0.000133 0.000362 0.000496 0.000586 0.000757 0.001053 0.001520 0.002378 0.003798 0.005854 0.009239 0.014793 0.024197 0.041594 0.071209 0.115556 0.192723 0.302486 0.442127 0.650337 1.381125

##END United Kingdom, Death rates (period 5x1)     Last modified: 03-Nov-2010, MPv5 (May07)
