##United Kingdom,  Population size (5-year)     Last modified: 03-Nov-2010, MPv5 (May07)

1956 772707.67 3073252.18 4291090.22 3682339.85 3305194.62 3212389.67 3411348.46 3748903.53 3460775.42 3747867.86 3737900.57 3492300.77 3004136.66 2530443.79 2120723.42 1671077.08 1144799.51 612757.24 217660.49 50720.94 6591.46 372.69 9.21 0.00
1957 806565.36 3074108.95 4145095.51 3932763.17 3304838.44 3224583.70 3364125.12 3631396.46 3596012.62 3651060.67 3746141.32 3521484.19 3084904.60 2558458.84 2138023.69 1681936.37 1156067.51 632612.47 224587.73 52225.51 6926.28 408.71 7.23 0.00
1958 832336.99 3109319.60 3973706.81 4144856.70 3357234.96 3251868.27 3334957.12 3546322.79 3742804.36 3492965.30 3739267.22 3554269.32 3161087.56 2587188.94 2160220.22 1696846.58 1169342.46 652486.90 236228.00 54977.85 7453.85 478.06 9.23 0.00
1959 852414.08 3162262.36 3882449.97 4242332.57 3451781.37 3291494.44 3305797.06 3483218.55 3859367.04 3337647.98 3725974.40 3588904.76 3233911.04 2628301.68 2179911.18 1713336.37 1176715.43 666162.24 245410.05 57225.53 7825.68 524.94 5.92 0.00
1960 863030.03 3243250.51 3831144.19 4275608.89 3566106.59 3316968.03 3284544.15 3435336.71 3822214.19 3325565.05 3718790.17 3607439.58 3289090.64 2689749.56 2205552.38 1722801.54 1188458.91 678752.33 257415.80 59696.50 8201.46 560.13 9.30 0.00
1961 899291.08 3332461.40 3817089.80 4272337.78 3700471.44 3312505.62 3268861.21 3402222.78 3695031.47 3439980.39 3665822.29 3620512.53 3326997.03 2765018.19 2230879.49 1735273.37 1200950.83 694754.58 269170.94 63255.11 8827.22 583.85 14.22 0.00
1962 922616.13 3427163.56 3855151.24 4144251.56 3914621.99 3327454.50 3269433.04 3387213.54 3597076.70 3560079.47 3582576.25 3626341.94 3362248.53 2832225.17 2254009.85 1748203.93 1213557.81 703435.86 279273.81 65830.58 9018.39 609.47 14.54 0.00
1963 953309.97 3522147.52 3922837.43 3994462.39 4099621.42 3377848.96 3297344.74 3374926.48 3535981.32 3684794.01 3454894.18 3626607.67 3397379.71 2902607.92 2276757.37 1763136.44 1229162.32 711532.32 286907.86 68955.67 9418.25 640.65 18.65 0.00
1964 967873.51 3622239.33 4001616.70 3894753.42 4195292.72 3450368.92 3327372.30 3329823.93 3478351.41 3808532.23 3286212.56 3621976.33 3434072.03 2982861.56 2309845.98 1780284.76 1253265.31 715566.95 291868.84 71595.62 9754.96 698.92 13.38 0.00
1965 977208.56 3718442.18 4089998.05 3844742.29 4228875.57 3534041.60 3356975.37 3283875.47 3435817.08 3793242.57 3251604.66 3613328.91 3460350.61 3046406.47 2364140.19 1801777.20 1277361.55 730795.59 303460.98 77734.15 10502.17 785.52 21.87 0.00
1966 970456.36 3798906.49 4192710.45 3822976.87 4238172.72 3644676.11 3364342.05 3262645.53 3402308.32 3667794.90 3358833.14 3570340.67 3472030.03 3081141.86 2427194.28 1822654.58 1277114.80 741171.37 314557.10 82438.39 11456.21 876.16 23.72 0.00
1967 956802.76 3839101.28 4303989.99 3838891.45 4139713.58 3855292.21 3360950.97 3258485.28 3367704.79 3568445.98 3479776.75 3482738.18 3470202.23 3109635.85 2488231.21 1845576.17 1278180.69 749020.12 322160.24 86806.80 12302.82 919.24 21.57 0.45
1968 940100.90 3849587.75 4420144.03 3895745.57 3981377.88 4070937.23 3383522.35 3267115.68 3328176.90 3489609.42 3611901.66 3340184.29 3462734.74 3145615.74 2557281.20 1869562.52 1296739.64 761314.94 333254.31 91823.77 13500.77 1021.53 32.41 1.00
1969 925599.04 3826897.43 4534104.85 3970495.37 3897013.21 4177056.38 3439306.64 3287331.11 3278990.37 3428872.67 3735969.53 3168358.20 3452028.80 3179510.12 2626389.17 1896088.77 1308181.96 771095.43 338261.21 94226.11 14183.69 1051.65 39.33 0.45
1970 903493.71 3767152.05 4632900.75 4059555.35 3858584.18 4232392.74 3511036.82 3299621.59 3229893.22 3381214.23 3712830.79 3133845.10 3437225.80 3202702.59 2678454.01 1937687.32 1320677.84 783450.91 347233.66 98514.33 15318.98 1091.36 47.13 1.00
1971 891116.76 3692284.69 4678895.68 4174315.65 3854315.55 4265714.12 3617932.18 3293222.39 3197708.95 3344229.03 3585539.81 3242731.35 3396667.26 3214711.79 2717151.26 1995956.66 1341230.10 791863.95 354099.35 103235.64 16236.20 1226.18 43.08 0.00
1972 872393.95 3621791.50 4696282.35 4291527.09 3884514.67 4173212.52 3834933.13 3283262.00 3186846.62 3309794.31 3490011.29 3363329.34 3317204.75 3216023.07 2753479.02 2054199.78 1364251.23 806759.18 362060.48 107558.54 17526.57 1353.77 33.72 0.00
1973 819181.17 3551438.72 4703954.07 4400134.22 3932594.59 4015857.93 4057829.23 3313129.80 3200585.04 3273312.98 3416684.70 3494394.50 3182534.77 3209987.94 2786232.20 2108476.59 1381881.26 817362.01 366613.54 110652.70 18246.33 1470.36 37.26 0.00
1974 764067.02 3446757.73 4667843.78 4509725.92 3991520.46 3936468.12 4161050.20 3382084.76 3231294.54 3227540.31 3360295.53 3622441.73 3018084.85 3203590.20 2817163.85 2165364.94 1401724.79 829143.26 373120.36 113744.91 18739.82 1569.14 48.07 0.91
1975 720273.66 3308293.43 4589175.78 4610712.33 4077302.04 3890979.08 4208028.33 3460303.40 3253856.60 3181189.15 3316149.26 3606070.43 2989822.07 3193067.95 2839638.91 2212065.83 1434725.77 837410.16 379900.87 116310.63 19537.45 1605.95 50.05 2.00
1976 691428.06 3138582.58 4512388.27 4672446.96 4189098.85 3876801.11 4235431.43 3565878.48 3242474.48 3149224.30 3280976.93 3479663.12 3096484.33 3158232.14 2849695.18 2246304.69 1478055.64 853974.65 384799.44 118691.19 20570.41 1726.52 63.00 1.00
1977 661546.31 2959049.33 4430267.09 4698640.81 4303345.09 3906950.60 4141004.23 3779514.74 3226153.00 3137477.44 3246438.52 3383315.22 3211067.92 3084097.62 2852108.45 2278402.59 1521723.02 863346.26 389937.58 119707.74 21128.78 1869.81 62.39 1.46
1978 650061.37 2806215.11 4310269.45 4695842.22 4413848.71 3957493.83 3983058.79 4000147.58 3255254.59 3152091.74 3211349.61 3311194.20 3335963.00 2956109.38 2852950.58 2312216.91 1568365.77 879934.25 399977.19 123025.23 22199.09 1952.49 71.85 2.00
1979 682337.21 2700216.39 4155754.93 4655268.52 4528917.45 4018081.13 3901740.55 4106783.89 3329580.31 3185469.19 3170585.74 3259110.73 3455726.82 2803089.51 2853528.74 2343933.03 1616657.16 894189.19 410097.04 127424.14 23182.21 2008.81 80.86 1.93
1980 722365.59 2666356.10 3979240.40 4579228.34 4640712.57 4107271.48 3855114.48 4160152.51 3419498.75 3212441.57 3131849.57 3222411.88 3440772.78 2782554.56 2850851.30 2370244.74 1658921.50 918242.26 416564.60 130909.21 24024.29 2175.77 95.78 1.00
1981 732539.30 2697714.78 3784745.69 4500477.70 4713491.50 4222975.14 3831208.30 4181915.61 3525965.99 3202677.23 3102483.51 3194100.29 3321794.47 2884625.06 2824554.91 2387739.85 1693383.10 949976.23 428840.60 134302.16 25138.88 2268.22 97.38 1.83
1982 721491.50 2766451.00 3582723.00 4409825.00 4744239.00 4326909.50 3835219.00 4071541.50 3729357.50 3185954.50 3087840.50 3164733.50 3231873.50 2991349.00 2757544.50 2395666.50 1723163.00 981662.81 439625.12 139174.48 26135.84 2403.41 97.26 2.00
1983 713868.00 2835672.00 3425228.00 4281489.50 4737787.00 4425097.50 3864375.00 3902766.50 3944030.50 3214386.50 3099897.00 3131773.00 3167985.00 3110578.00 2642275.00 2399320.50 1754141.50 1014602.08 450124.32 143755.81 27104.71 2686.53 103.54 0.00
1984 713690.00 2871423.50 3356500.50 4124120.00 4676796.00 4546960.50 3930301.50 3819938.00 4054249.00 3285093.50 3131360.00 3092296.00 3124477.50 3224913.00 2508930.00 2403932.50 1786336.50 1051109.45 461097.45 149043.16 28358.12 2922.68 110.20 0.45
1985 727028.00 2870630.00 3372369.50 3954699.00 4579734.50 4663049.50 4033744.00 3781292.00 4115542.50 3373559.50 3156709.50 3055789.00 3094932.00 3214778.00 2497641.00 2405772.00 1812803.50 1087259.35 480585.70 154194.62 29939.42 3117.74 108.53 0.46
1986 744750.50 2874691.50 3427371.50 3778481.50 4491893.00 4728535.50 4158654.50 3775077.50 4149055.50 3486186.00 3148813.50 3029926.00 3071798.50 3111301.50 2597603.00 2388710.00 1829206.00 1111622.50 498032.44 158841.48 30825.39 3225.33 123.05 0.00
1987 752493.50 2902804.00 3500173.50 3594924.50 4402629.50 4744099.50 4285691.00 3807851.50 4056572.50 3699721.00 3136724.00 3018542.50 3046311.00 3033382.50 2701309.50 2337182.50 1841512.00 1140724.92 517749.27 163902.11 32244.98 3459.97 167.63 0.45
1988 767500.50 2938694.50 3572864.00 3447744.50 4283951.50 4716907.50 4401104.50 3861186.00 3900457.50 3922516.50 3168359.00 3032365.00 3017018.00 2976278.50 2813823.00 2243155.50 1854136.50 1169843.79 542516.98 171511.57 34068.97 3684.90 194.21 1.91
1989 773755.00 2991313.00 3611829.00 3383213.50 4134437.00 4653140.50 4510865.50 3928812.50 3818885.00 4034506.00 3241325.00 3065230.50 2982878.00 2939383.50 2919866.00 2134556.50 1867834.00 1201483.26 567293.69 178629.57 35688.43 3913.14 196.73 1.45
1990 771355.50 3037561.50 3624720.50 3399374.00 3974157.50 4567845.00 4613561.50 4023614.50 3778462.50 4094295.50 3331327.50 3091045.50 2950354.00 2915479.00 2913165.00 2134230.50 1878065.50 1223803.85 587877.53 185799.00 36919.44 3958.16 200.62 1.46
1991 781567.00 3063750.00 3644161.50 3452713.50 3808819.50 4483724.00 4675172.00 4143375.00 3771199.00 4129185.00 3444969.50 3084180.00 2926499.00 2897586.00 2823314.50 2231688.50 1873010.00 1245837.09 609471.64 196684.19 38840.04 4083.96 217.65 0.00
1992 787418.50 3091746.50 3675587.00 3521758.50 3625308.50 4399256.00 4690573.50 4261670.50 3804232.00 4038781.50 3659141.50 3076425.00 2920528.00 2878520.50 2759725.00 2327299.50 1841423.00 1261423.10 630109.45 206858.45 40473.93 4332.86 223.61 1.35
1993 771054.00 3107911.50 3724581.00 3590645.50 3468339.00 4291139.50 4671432.00 4365990.50 3861461.00 3883572.50 3883315.50 3113112.00 2941225.50 2855940.00 2713519.50 2427425.50 1771923.50 1280113.60 651041.19 219242.21 42792.02 4673.30 244.95 3.35
1994 756103.50 3103211.50 3780366.00 3628035.50 3396190.00 4152947.00 4626160.00 4469228.00 3932058.00 3805607.50 3997820.00 3187681.50 2978634.00 2828547.00 2683064.50 2518031.50 1689961.00 1292007.83 669199.65 228077.28 44034.69 4819.86 245.40 4.34
1995 743467.50 3087683.00 3819274.50 3641091.00 3405313.50 4001678.50 4562617.00 4568074.50 4022202.50 3768292.00 4056236.00 3280283.50 3008077.50 2804160.50 2665701.50 2515753.50 1697922.50 1313372.05 689645.50 239805.78 46879.98 5071.78 273.39 7.09
1996 725254.00 3048702.00 3853546.00 3659062.50 3451640.50 3840489.00 4497074.00 4637717.00 4130083.50 3762704.00 4083983.00 3397152.50 3007770.00 2789868.50 2655315.00 2445664.50 1785926.00 1312581.47 703752.13 247390.39 49237.59 5251.67 264.77 12.60
1997 726027.50 2986332.50 3885328.00 3690663.00 3515611.00 3665460.00 4426410.50 4674442.50 4239862.50 3797657.00 3997625.00 3605524.50 3003368.50 2791612.50 2644768.50 2395538.00 1871174.00 1302157.45 715940.43 257085.40 52015.13 5337.18 273.43 10.37
1998 722905.00 2941815.00 3884520.00 3743654.50 3580677.00 3524369.50 4330832.00 4678388.50 4343089.00 3857829.50 3851738.00 3823288.00 3038398.00 2816308.00 2633671.50 2363036.50 1957627.50 1255400.62 729194.80 266116.69 54956.07 5571.31 300.62 8.81
1999 708517.50 2913102.00 3864726.00 3801563.50 3617623.50 3466705.50 4216713.50 4654654.00 4448296.50 3931198.00 3776518.50 3939189.50 3111166.50 2855949.50 2618565.00 2344821.50 2029343.50 1206106.62 742614.31 276479.53 57848.39 5774.52 267.76 9.61
2000 693438.00 2882521.50 3829982.50 3838247.50 3629081.50 3485423.00 4104749.00 4615709.00 4553797.50 4022319.50 3745512.00 3999755.00 3203398.50 2888661.00 2605309.00 2338528.50 2029748.50 1200348.51 756944.72 283661.19 59767.02 6018.86 272.14 5.46
2001 672509.50 2844082.00 3769110.00 3869322.00 3655309.50 3544751.00 3985240.50 4575166.00 4634830.00 4127534.50 3745288.50 4022049.50 3322021.50 2892311.00 2602614.50 2341065.00 1984957.50 1277082.03 763994.89 292822.48 62204.21 6531.64 281.15 1.76
2002 661826.00 2785913.00 3711101.50 3902131.50 3718524.00 3613688.00 3844802.00 4523190.50 4687901.50 4236883.00 3775061.00 3938735.50 3523090.50 2888137.50 2612694.00 2344468.00 1955245.50 1344481.56 765067.55 301511.34 65243.07 6941.19 314.73 2.15
2003 670438.50 2728175.50 3668278.00 3904888.50 3808791.50 3682432.50 3726145.00 4443314.00 4711472.00 4342715.00 3831599.50 3798312.00 3728045.00 2920515.00 2638210.00 2345511.00 1937927.50 1412984.80 741103.58 309582.24 68162.74 7271.51 339.00 2.95
2004 692210.00 2694377.50 3627713.50 3880727.00 3890881.50 3770817.50 3677343.00 4335674.00 4701178.50 4444032.50 3906332.50 3714718.50 3836797.50 2987800.50 2673383.50 2340619.50 1932804.50 1466236.51 715871.84 316807.59 70841.29 7521.97 340.36 6.86
2005 710311.00 2698564.50 3579495.00 3841916.50 3940332.00 3877526.50 3718159.00 4221360.00 4665548.50 4549345.50 3992442.50 3677786.50 3890400.00 3070337.00 2701657.50 2335151.50 1939421.50 1485332.23 726809.73 329827.93 74346.31 8082.03 360.69 7.81
2006 723821.50 2738216.50 3520067.00 3783924.00 3976770.00 3981865.00 3808031.00 4103414.50 4619106.50 4633206.50 4095993.50 3674417.00 3909417.00 3177250.00 2700839.50 2336761.50 1952446.50 1464823.07 784180.60 336453.88 77388.53 8428.88 379.59 5.40

##END United Kingdom,  Population size (5-year)     Last modified: 03-Nov-2010, MPv5 (May07)
