##Italy, Death rates (period 5x1)     Last modified: 09-Nov-2010, MPv5 (May07)

1956 0.050655 0.002505 0.000722 0.000582 0.000878 0.001122 0.001300 0.001612 0.002035 0.003038 0.004864 0.007813 0.012183 0.018997 0.030644 0.052830 0.092255 0.154683 0.247145 0.358564 0.502081 0.707792 0.342857 .
1957 0.052082 0.002661 0.000735 0.000637 0.000931 0.001159 0.001330 0.001609 0.002150 0.003049 0.004704 0.007741 0.012064 0.018719 0.030295 0.049753 0.084365 0.136809 0.218868 0.320534 0.443349 0.414660 0.360000 .
1958 0.049752 0.002502 0.000696 0.000529 0.000854 0.001070 0.001230 0.001482 0.001926 0.002890 0.004358 0.007131 0.011159 0.017325 0.027549 0.045406 0.077624 0.129082 0.203998 0.295677 0.421740 0.550600 0.508475 .
1959 0.047865 0.002275 0.000658 0.000529 0.000849 0.001064 0.001203 0.001510 0.001989 0.002779 0.004249 0.007043 0.011056 0.017037 0.026777 0.043603 0.073864 0.125229 0.194742 0.288308 0.398491 0.482609 0.421053 .
1960 0.045697 0.002103 0.000599 0.000505 0.000826 0.001037 0.001225 0.001462 0.001925 0.002848 0.004435 0.007081 0.011285 0.017672 0.028044 0.045339 0.077808 0.133950 0.208593 0.321858 0.436418 0.500336 0.434783 .
1961 0.042962 0.001852 0.000583 0.000515 0.000849 0.001074 0.001193 0.001463 0.001942 0.002709 0.004290 0.006916 0.011041 0.017193 0.026697 0.043257 0.073147 0.124484 0.197885 0.295112 0.428658 0.458042 0.560000 .
1962 0.043724 0.001855 0.000577 0.000486 0.000854 0.001063 0.001187 0.001471 0.001966 0.002797 0.004502 0.007106 0.011718 0.018238 0.028608 0.046906 0.079379 0.134404 0.215393 0.322919 0.453017 0.593868 1.018868 0.000000
1963 0.041849 0.001696 0.000581 0.000492 0.000923 0.001125 0.001240 0.001462 0.002063 0.002882 0.004609 0.007171 0.011412 0.018337 0.028937 0.047094 0.078731 0.132415 0.213605 0.322519 0.454357 0.547731 0.823529 0.750000
1964 0.038167 0.001495 0.000515 0.000444 0.000801 0.001007 0.001082 0.001375 0.001908 0.002837 0.004357 0.006760 0.010941 0.017415 0.027181 0.043950 0.072604 0.120831 0.192356 0.285392 0.411657 0.465589 0.476190 0.000000
1965 0.036539 0.001388 0.000501 0.000432 0.000779 0.000913 0.001011 0.001303 0.001948 0.002831 0.004358 0.006909 0.010895 0.017946 0.028556 0.046448 0.076437 0.127822 0.207637 0.308341 0.450579 0.597855 0.560000 3.000000
1966 0.035398 0.001251 0.000464 0.000410 0.000752 0.000874 0.000963 0.001236 0.001721 0.002693 0.004043 0.006609 0.010531 0.016900 0.026859 0.043583 0.071050 0.120027 0.189935 0.286184 0.409630 0.492483 0.725275 .
1967 0.033548 0.001160 0.000443 0.000410 0.000752 0.000909 0.000981 0.001199 0.001755 0.002704 0.004033 0.006811 0.010558 0.016846 0.027124 0.044617 0.072064 0.121466 0.193835 0.298597 0.407600 0.568397 0.406780 .
1968 0.033246 0.001134 0.000448 0.000426 0.000757 0.000849 0.000929 0.001201 0.001728 0.002714 0.004177 0.006899 0.010737 0.017075 0.027612 0.045862 0.075081 0.127887 0.204080 0.311997 0.419365 0.616125 0.697674 .
1969 0.031699 0.001082 0.000431 0.000417 0.000782 0.000879 0.000950 0.001181 0.001739 0.002765 0.004386 0.006950 0.010998 0.018038 0.028898 0.048341 0.074162 0.117756 0.185323 0.277069 0.395636 0.466997 0.666667 .
1970 0.029856 0.000999 0.000426 0.000413 0.000790 0.000861 0.000923 0.001122 0.001621 0.002597 0.004157 0.006529 0.010342 0.016457 0.025860 0.043606 0.071683 0.117039 0.184323 0.290416 0.400366 0.545825 0.638298 .
1971 0.029525 0.000909 0.000412 0.000386 0.000752 0.000870 0.000913 0.001062 0.001635 0.002511 0.004121 0.006277 0.010241 0.016160 0.025281 0.041895 0.070410 0.117258 0.185968 0.279336 0.405670 0.561039 0.750000 .
1972 0.027473 0.000829 0.000401 0.000379 0.000781 0.000877 0.000898 0.001105 0.001581 0.002506 0.004165 0.006361 0.010287 0.015949 0.025354 0.041191 0.069608 0.112769 0.179323 0.270848 0.394057 0.508297 0.605042 .
1973 0.026528 0.000762 0.000394 0.000384 0.000762 0.000839 0.000876 0.001057 0.001527 0.002459 0.004136 0.006315 0.010241 0.016038 0.025597 0.041779 0.072720 0.120065 0.194293 0.298153 0.421374 0.544984 0.576000 6.000000
1974 0.023257 0.000643 0.000349 0.000329 0.000687 0.000733 0.000768 0.001006 0.001433 0.002380 0.004098 0.006434 0.009925 0.015519 0.025019 0.040114 0.069150 0.113600 0.183384 0.281997 0.412698 0.535910 0.681818 .
1975 0.021009 0.000621 0.000339 0.000336 0.000705 0.000793 0.000774 0.000961 0.001425 0.002401 0.004017 0.006494 0.010048 0.015991 0.025708 0.041485 0.072092 0.118341 0.188860 0.287384 0.413928 0.569387 0.343949 .
1976 0.019240 0.000581 0.000328 0.000333 0.000670 0.000765 0.000752 0.000961 0.001400 0.002339 0.003983 0.006526 0.009593 0.015738 0.025132 0.040885 0.069779 0.114810 0.186495 0.283951 0.398910 0.549908 0.865437 .
1977 0.017883 0.000537 0.000319 0.000323 0.000652 0.000768 0.000718 0.000907 0.001363 0.002258 0.003838 0.006309 0.009533 0.015486 0.024542 0.040170 0.067054 0.111540 0.184903 0.285096 0.403503 0.566869 0.649614 .
1978 0.016915 0.000530 0.000294 0.000317 0.000609 0.000709 0.000728 0.000879 0.001315 0.002174 0.003724 0.006320 0.009502 0.015335 0.023989 0.039399 0.065009 0.108174 0.176344 0.273985 0.389063 0.513273 0.983607 .
1979 0.015424 0.000490 0.000270 0.000311 0.000641 0.000757 0.000738 0.000883 0.001287 0.002073 0.003699 0.006165 0.009559 0.014845 0.023185 0.038417 0.063160 0.106881 0.172427 0.269248 0.373704 0.571348 0.713578 .
1980 0.014407 0.000529 0.000320 0.000331 0.000691 0.000789 0.000744 0.000908 0.001325 0.002082 0.003603 0.006012 0.009508 0.014786 0.023489 0.038878 0.064235 0.107556 0.175500 0.275097 0.403578 0.559359 0.630332 .
1981 0.014044 0.000447 0.000247 0.000270 0.000641 0.000739 0.000727 0.000826 0.001196 0.001956 0.003490 0.005833 0.009377 0.014076 0.022902 0.037598 0.063120 0.106537 0.172795 0.267785 0.383789 0.513755 0.603352 .
1982 0.013128 0.000415 0.000243 0.000255 0.000615 0.000716 0.000706 0.000805 0.001178 0.001943 0.003303 0.005546 0.009089 0.013741 0.022222 0.036230 0.061241 0.101346 0.163541 0.252398 0.363447 0.526707 0.723618 .
1983 0.012243 0.000455 0.000223 0.000257 0.000601 0.000712 0.000718 0.000808 0.001167 0.001947 0.003261 0.005726 0.009194 0.014104 0.022928 0.036903 0.063201 0.107286 0.173850 0.272363 0.399567 0.537519 0.790244 .
1984 0.011379 0.000380 0.000212 0.000232 0.000556 0.000696 0.000664 0.000802 0.001092 0.001869 0.003093 0.005370 0.008745 0.013840 0.021559 0.034428 0.058222 0.097889 0.158151 0.243735 0.355345 0.474815 0.805556 0.000000
1985 0.010553 0.000377 0.000203 0.000234 0.000571 0.000679 0.000670 0.000768 0.001123 0.001795 0.002956 0.005167 0.008705 0.013555 0.021181 0.034478 0.058545 0.098413 0.160946 0.253160 0.369851 0.519817 0.730435 1.200000
1986 0.010068 0.000324 0.000187 0.000230 0.000507 0.000658 0.000677 0.000763 0.001104 0.001814 0.002952 0.004982 0.008430 0.013316 0.020196 0.033871 0.056114 0.096221 0.157782 0.245183 0.361132 0.484327 0.427046 3.000000
1987 0.009802 0.000359 0.000189 0.000204 0.000508 0.000677 0.000707 0.000765 0.001078 0.001750 0.002833 0.004868 0.008107 0.012977 0.019430 0.032456 0.053576 0.090494 0.148975 0.232525 0.346128 0.473371 0.626866 .
1988 0.009538 0.000331 0.000178 0.000198 0.000510 0.000711 0.000758 0.000813 0.001059 0.001665 0.002812 0.004587 0.007829 0.012810 0.019315 0.032050 0.052506 0.089661 0.149297 0.235587 0.346346 0.510307 0.508728 .
1989 0.008699 0.000297 0.000169 0.000189 0.000531 0.000706 0.000832 0.000903 0.001059 0.001595 0.002758 0.004436 0.007516 0.012259 0.019203 0.030730 0.049965 0.085468 0.142784 0.227167 0.332740 0.454948 0.475676 0.857143
1990 0.008334 0.000293 0.000171 0.000195 0.000554 0.000737 0.000902 0.000960 0.001151 0.001658 0.002626 0.004250 0.007319 0.011942 0.018804 0.030097 0.050136 0.084985 0.144113 0.231930 0.346156 0.495704 0.524540 0.272727
1991 0.008236 0.000311 0.000180 0.000200 0.000561 0.000787 0.000983 0.001087 0.001144 0.001640 0.002671 0.004250 0.007229 0.011857 0.018727 0.028904 0.049742 0.083990 0.143561 0.232585 0.349450 0.468021 0.479663 1.714286
1992 0.008064 0.000302 0.000166 0.000216 0.000558 0.000767 0.000907 0.001124 0.001173 0.001583 0.002637 0.004137 0.006881 0.011338 0.018202 0.028032 0.048758 0.080256 0.136783 0.223493 0.326331 0.478090 0.648865 0.375000
1993 0.007033 0.000360 0.000195 0.000208 0.000511 0.000677 0.000852 0.001085 0.001165 0.001570 0.002468 0.004119 0.006629 0.011013 0.017943 0.027769 0.048763 0.080142 0.134940 0.222709 0.326417 0.477557 0.741036 1.200000
1994 0.006516 0.000318 0.000176 0.000184 0.000504 0.000619 0.000815 0.001167 0.001214 0.001573 0.002447 0.004084 0.006459 0.010770 0.017532 0.028167 0.047465 0.077552 0.133664 0.221776 0.330573 0.466270 0.666667 0.352941
1995 0.006184 0.000293 0.000176 0.000196 0.000501 0.000676 0.000781 0.001177 0.001283 0.001562 0.002435 0.003883 0.006271 0.010357 0.017143 0.027265 0.045356 0.075803 0.130246 0.215440 0.325597 0.505447 0.649635 1.125000
1996 0.006200 0.000272 0.000163 0.000196 0.000483 0.000635 0.000769 0.001108 0.001244 0.001496 0.002373 0.003785 0.006066 0.009996 0.016671 0.026683 0.042513 0.074143 0.127558 0.207591 0.318229 0.486708 0.604502 0.000000
1997 0.005605 0.000298 0.000154 0.000173 0.000448 0.000622 0.000676 0.000892 0.001098 0.001466 0.002276 0.003775 0.005915 0.009800 0.016021 0.026235 0.042256 0.074808 0.126942 0.213340 0.333247 0.484505 0.530739 1.500000
1998 0.005266 0.000213 0.000128 0.000174 0.000458 0.000655 0.000666 0.000796 0.001032 0.001468 0.002247 0.003659 0.005897 0.009652 0.015920 0.026515 0.042663 0.076250 0.127971 0.215125 0.337211 0.476054 0.649938 2.000000
1999 0.005132 0.000191 0.000114 0.000156 0.000424 0.000610 0.000628 0.000752 0.000984 0.001414 0.002150 0.003532 0.005771 0.009081 0.015270 0.025236 0.042395 0.074146 0.124914 0.210754 0.325033 0.460805 0.667542 0.947368
2000 0.004542 0.000193 0.000126 0.000153 0.000415 0.000610 0.000654 0.000708 0.000965 0.001361 0.002109 0.003461 0.005531 0.008705 0.014436 0.024088 0.040465 0.070189 0.122406 0.203537 0.322419 0.450309 0.616744 0.387097
2001 0.004692 0.000212 0.000109 0.000141 0.000416 0.000587 0.000613 0.000704 0.000947 0.001366 0.002067 0.003391 0.005394 0.008444 0.013957 0.023171 0.039715 0.065568 0.118320 0.200485 0.316893 0.469445 0.580636 0.473684
2002 0.004428 0.000208 0.000132 0.000142 0.000398 0.000572 0.000605 0.000672 0.000886 0.001327 0.002047 0.003241 0.005280 0.008219 0.013468 0.022515 0.038713 0.065080 0.119200 0.199483 0.316379 0.451713 0.627305 0.916497
2003 0.003767 0.000171 0.000099 0.000121 0.000366 0.000487 0.000522 0.000589 0.000845 0.001244 0.001981 0.003219 0.005190 0.008244 0.013201 0.022334 0.039123 0.067824 0.127205 0.211362 0.338080 0.498822 0.679608 0.861038
2004 0.003800 0.000164 0.000088 0.000114 0.000347 0.000474 0.000494 0.000558 0.000760 0.001204 0.001873 0.003032 0.004799 0.007804 0.012341 0.020735 0.035591 0.062618 0.110125 0.184762 0.291297 0.413743 0.573361 0.554273
2005 0.003664 0.000155 0.000094 0.000115 0.000312 0.000462 0.000496 0.000533 0.000729 0.001160 0.001818 0.002936 0.004746 0.007693 0.012062 0.020520 0.035692 0.063655 0.113744 0.195711 0.314552 0.444517 0.625882 1.478905
2006 0.003468 0.000157 0.000087 0.000095 0.000319 0.000428 0.000459 0.000531 0.000714 0.001133 0.001783 0.002862 0.004674 0.007403 0.011559 0.019398 0.034056 0.061672 0.104709 0.187736 0.294967 0.446292 0.564610 0.694444

##END Italy, Death rates (period 5x1)     Last modified: 09-Nov-2010, MPv5 (May07)
