##Italy,  Population size (5-year)     Last modified: 09-Nov-2010, MPv5 (May07)

1956 834566.04 3193888.99 4325704.57 3718557.90 4045467.29 3857859.07 3893492.15 3802054.15 2618942.94 3450561.92 3220156.72 2723912.06 2347045.50 1955711.57 1653601.60 1257428.34 801943.77 402424.22 139751.28 31353.72 3459.51 157.00 4.00 0.00
1957 838431.61 3212510.92 4247409.12 3797745.46 4024986.26 3791415.57 3876876.23 3814033.46 2818224.73 3284747.42 3288870.86 2789489.11 2397630.83 1986994.81 1678960.81 1273972.69 810857.03 421729.41 138619.15 31739.00 3514.00 144.00 7.00 0.00
1958 842038.79 3243860.73 4141826.64 3933211.01 3960185.40 3763198.09 3831940.41 3792783.75 3148069.52 2996449.60 3358770.14 2858707.48 2446122.59 2027006.71 1694187.09 1301446.69 834022.98 435691.15 145742.65 32487.52 3748.48 177.00 10.00 0.00
1959 837159.99 3270802.97 4043180.41 4073468.82 3848463.01 3787485.11 3784079.83 3778663.39 3490070.30 2673128.95 3410698.01 2956831.01 2492219.69 2068205.31 1713298.92 1336149.48 861904.09 452372.58 153322.27 33477.00 4145.00 212.00 10.00 0.00
1960 865940.66 3276258.23 3997133.58 4189565.39 3721869.45 3821264.36 3739408.77 3753535.31 3740872.35 2472765.14 3413252.58 3046571.50 2550607.25 2124080.68 1726572.83 1366453.37 899717.26 473112.00 160233.18 36089.00 4550.00 243.00 9.00 0.00
1961 874646.95 3297363.76 3985383.43 4282714.69 3617879.69 3849113.30 3659081.31 3756043.55 3720061.53 2569876.44 3372729.70 3124756.50 2604618.87 2188064.50 1753292.96 1383487.13 929646.68 473557.54 170918.43 37178.00 4759.00 252.00 13.00 0.00
1962 879638.77 3330606.89 3991900.81 4217370.25 3703577.56 3852448.11 3591044.37 3732273.08 3727309.57 2764967.95 3205293.73 3195991.55 2669385.53 2241101.65 1784503.35 1410488.01 951730.58 490622.19 185639.61 38908.13 5062.00 313.00 11.00 0.00
1963 905338.82 3393846.38 4001830.03 4100646.55 3839150.14 3823022.08 3602178.31 3705190.26 3708679.97 3091203.32 2923506.00 3267056.76 2746290.71 2292593.50 1818320.64 1424228.77 970412.47 503925.98 190801.09 40795.13 5174.00 300.00 7.00 2.00
1964 929331.74 3473753.88 4024499.62 3986125.22 3969354.57 3735194.58 3670132.81 3681023.52 3702021.90 3428082.81 2607302.93 3316081.73 2847534.73 2345230.95 1849661.34 1437268.66 992059.26 517644.42 196184.58 42016.27 5049.00 336.00 9.00 1.00
1965 984461.36 3555231.56 4067315.43 3919944.45 4067676.13 3618327.53 3746484.43 3668535.24 3686888.57 3679925.90 2414356.27 3313754.11 2942559.63 2413907.74 1898277.51 1449486.15 1014043.53 541459.00 206557.00 44576.18 5489.00 375.00 11.00 1.00
1966 960699.42 3656607.80 4133021.12 3885849.92 4155332.81 3502932.53 3810864.00 3623738.15 3714426.66 3659533.78 2518288.57 3269376.79 3023324.48 2471234.26 1964861.05 1467809.71 1025672.33 561535.36 206992.54 47746.43 5706.00 376.00 13.00 0.00
1967 950532.84 3730578.58 4203356.71 3887918.44 4088802.34 3566449.74 3816915.08 3603005.16 3713979.18 3675079.66 2711938.26 3101822.54 3093697.85 2538631.99 2028163.91 1488773.82 1050065.25 572317.86 218093.19 52590.61 6084.13 433.00 17.00 0.00
1968 921214.64 3773920.77 4297365.04 3919114.22 3978614.24 3684459.37 3770880.35 3614671.06 3690573.58 3662232.79 3030273.45 2828938.88 3152088.29 2611066.36 2089219.50 1518502.17 1065267.90 591336.29 228029.98 54910.09 6657.13 442.00 23.00 0.00
1969 903969.46 3758406.29 4407732.23 3962506.55 3862344.14 3811946.36 3668666.67 3676573.54 3671649.48 3657148.06 3362444.47 2522871.08 3186996.76 2706698.67 2149754.81 1544210.34 1078062.69 602188.24 234977.42 56577.58 6876.27 399.00 19.00 0.00
1970 904020.01 3684548.28 4526373.89 4027296.37 3807258.00 3904415.64 3532047.89 3745839.79 3660938.36 3642712.30 3613254.59 2337405.30 3172385.13 2790916.71 2218128.77 1580009.23 1088321.60 620892.05 248313.00 60344.00 7481.18 468.00 17.00 0.00
1971 874507.02 3617107.46 4578382.21 4131274.88 3769258.76 4008897.15 3387440.55 3803558.36 3616117.98 3682747.33 3587082.45 2447446.32 3123759.12 2865478.64 2270218.84 1655714.01 1101613.32 629930.21 260822.36 61678.54 8222.43 504.00 15.00 0.00
1972 868886.02 3536540.38 4626828.13 4213073.80 3785604.54 3960960.55 3437153.16 3783487.32 3610803.21 3686530.76 3605894.82 2637445.12 2958625.54 2924528.31 2327719.28 1726352.50 1111720.43 650266.59 266524.86 66321.19 9088.61 513.13 18.00 0.00
1973 867873.47 3511668.06 4646763.40 4300808.54 3851090.17 3878383.19 3578978.05 3733549.55 3617942.94 3667243.29 3603982.10 2950876.84 2706862.02 2962773.67 2374309.24 1779877.35 1137052.23 666141.87 278566.29 71191.98 9742.09 607.13 21.00 0.00
1974 855040.06 3492819.45 4631918.22 4406618.50 3916374.22 3785259.76 3739728.48 3638176.33 3671989.95 3652111.64 3605565.17 3281760.89 2421964.90 2990074.88 2443464.85 1823494.03 1158014.35 680200.49 284702.24 73454.42 10076.58 617.27 20.00 0.00
1975 851249.93 3465379.12 4577810.81 4517467.72 3992159.16 3754376.20 3866409.35 3519402.21 3732796.03 3644036.02 3600065.10 3532415.21 2252239.64 2983513.85 2509154.96 1872605.19 1193621.84 690357.77 294915.05 77898.00 10527.00 673.18 21.00 0.00
1976 812672.19 3448578.86 4512084.62 4585175.45 4088947.12 3745345.99 3992862.53 3405569.74 3784515.26 3603386.10 3642451.40 3514658.77 2363618.03 2947656.22 2565512.09 1899673.66 1245041.11 701536.56 298572.21 80984.36 10882.54 717.43 31.00 0.00
1977 768603.92 3384830.91 4466240.23 4650190.10 4166509.08 3780579.50 3951331.78 3488663.38 3780293.73 3587085.27 3646866.60 3539332.70 2552058.98 2804427.43 2615629.71 1931630.26 1291896.85 718689.66 308312.59 82549.86 11818.19 777.61 25.13 0.00
1978 729074.64 3284978.78 4435366.97 4680431.11 4262216.53 3835205.37 3863671.71 3630049.80 3739286.52 3594496.99 3628674.27 3535735.78 2858289.21 2566389.17 2665995.85 1974149.42 1329988.58 743101.16 315491.87 85866.29 12585.98 819.09 24.13 0.00
1979 697752.40 3156986.20 4397968.19 4676673.93 4375887.95 3890996.28 3776413.08 3778440.43 3651642.89 3649779.77 3615091.18 3538000.71 3177676.68 2297278.41 2710032.13 2038277.59 1359829.57 764564.39 327075.49 89336.24 13326.42 873.58 21.27 0.00
1980 660969.88 3003942.52 4354478.63 4631332.18 4500187.08 3957609.66 3739533.08 3900254.47 3546051.52 3706638.23 3609306.12 3537776.10 3416165.90 2136689.30 2721301.52 2102960.06 1398023.91 792965.27 336053.77 93741.05 14483.00 892.00 29.18 0.00
1981 632620.96 2869454.71 4306034.11 4582891.23 4621055.67 4089388.15 3789581.51 4041603.60 3470179.72 3776921.54 3592102.26 3582779.00 3408197.90 2235521.46 2688520.34 2148240.99 1415592.19 806984.10 338642.44 94092.00 14665.00 885.00 29.00 0.00
1982 616246.10 2722703.85 4190457.17 4541313.07 4694530.12 4162325.21 3827569.31 3982435.06 3559961.98 3790124.88 3564040.81 3588187.67 3434846.05 2418711.27 2567034.78 2205763.00 1444937.77 826964.08 351429.68 98948.00 15150.00 1035.00 32.00 0.00
1983 611428.38 2606965.96 4052014.96 4495046.18 4719545.38 4265241.68 3876750.43 3890130.74 3686396.76 3748949.70 3568082.24 3570389.68 3425762.44 2709997.02 2344474.66 2271219.75 1494389.35 856622.53 369635.00 104477.76 16420.00 1186.00 33.00 0.00
1984 594950.04 2517156.06 3886955.19 4453011.44 4708686.01 4381556.57 3930468.07 3809248.66 3814438.90 3656036.45 3619968.12 3555152.83 3424975.48 3008733.94 2091566.96 2323352.58 1555298.51 872590.44 380915.67 108122.51 17099.00 1280.00 35.00 0.00
1985 581348.88 2446439.04 3695141.09 4407424.25 4653220.17 4506503.61 3997283.73 3776476.33 3922465.70 3546342.06 3671447.34 3547520.24 3424293.60 3229283.20 1943302.75 2343500.89 1624148.24 906655.16 400293.53 113926.59 18505.00 1445.00 38.00 1.00
1986 571214.39 2396259.69 3501974.09 4346085.62 4584604.39 4605280.94 4068296.95 3788862.15 4009911.84 3440451.54 3716517.31 3511861.72 3454521.46 3221067.00 2043124.73 2330219.35 1687068.33 941672.67 417261.10 118623.44 19499.00 1530.00 38.00 1.00
1987 550029.33 2346310.32 3342245.25 4233154.12 4536740.79 4673983.41 4147099.37 3825250.32 3950541.09 3515538.10 3727136.47 3480758.69 3458529.29 3243958.27 2214254.90 2222611.19 1745864.70 982859.93 432800.08 125780.68 20979.00 1627.00 55.00 0.00
1988 546491.40 2284685.55 3214937.19 4092821.57 4497277.01 4699080.79 4247953.33 3872539.61 3865995.85 3641247.29 3686784.62 3485129.40 3444509.93 3237889.17 2487010.10 2032475.59 1809100.90 1022744.75 455616.53 135186.00 22606.76 1882.00 55.00 0.00
1989 563774.50 2236122.63 3102067.10 3910946.37 4475549.09 4690528.51 4361655.90 3923762.17 3793159.03 3769555.00 3594984.96 3536898.58 3433508.73 3240730.19 2766380.60 1817498.80 1864851.21 1086894.74 472727.44 142831.67 24402.51 2033.00 80.00 0.00
1990 555270.58 2217590.45 3015018.52 3708943.23 4439533.49 4636321.34 4484839.41 3985886.02 3768450.92 3876836.31 3488084.66 3588232.57 3428652.56 3244642.35 2972298.42 1696392.20 1892575.69 1144314.17 499277.16 152673.53 26241.59 2280.00 103.00 2.00
1991 560319.46 2202113.17 2947712.18 3508712.61 4384773.97 4569913.07 4583722.24 4051676.21 3785185.08 3963086.28 3386535.22 3632960.78 3397308.99 3278453.88 2971363.43 1797791.07 1890541.00 1211555.94 525652.67 161608.10 27758.44 2421.00 112.00 5.00
1992 548412.30 2204516.76 2873881.74 3349060.75 4270418.34 4526798.31 4650963.11 4128250.69 3817823.79 3911700.20 3460694.41 3646570.80 3370238.44 3287568.60 2996229.45 1959494.60 1807721.95 1259031.24 555276.93 169462.08 30023.68 2640.00 122.00 2.00
1993 563724.07 2213615.92 2820647.63 3223434.15 4116858.91 4495278.63 4678638.57 4228038.97 3858375.12 3837436.31 3590642.86 3614263.07 3382152.67 3283665.55 2996663.28 2210353.28 1658565.40 1326082.98 585060.75 181056.53 32907.00 2835.76 130.00 3.00
1994 545782.69 2223463.69 2793472.19 3117602.17 3921675.43 4479168.14 4675341.07 4342690.21 3903866.38 3771035.35 3722581.47 3531981.36 3439857.60 3282679.90 3006396.46 2464806.58 1488424.01 1372393.09 629615.74 190240.44 35318.67 3094.51 114.00 3.00
1995 529732.76 2218025.52 2774122.50 3039814.12 3719174.05 4435858.24 4628596.44 4467234.95 3962899.34 3746070.81 3834092.24 3434265.12 3497875.19 3287477.02 3018456.93 2651007.62 1398940.40 1409257.61 669230.17 202864.16 37739.53 3409.59 128.00 3.00
1996 522705.68 2189761.35 2770602.90 2980071.38 3527016.68 4368722.53 4570097.83 4567742.84 4029130.93 3757066.59 3926905.03 3340164.61 3549943.45 3267693.57 3059208.81 2658393.82 1501450.19 1421418.55 716902.94 217612.67 40598.10 3612.44 141.00 2.00
1997 524891.29 2155833.31 2780666.45 2912292.43 3377424.90 4244546.27 4532004.74 4638981.52 4107383.41 3785930.29 3881718.75 3415596.72 3571385.87 3249440.75 3080133.62 2686513.41 1651760.14 1368494.82 754240.24 234792.93 43677.08 4024.68 160.00 4.00
1998 535192.51 2116650.77 2801405.80 2850982.98 3259936.65 4093496.37 4500425.08 4668059.97 4212259.23 3824425.78 3808493.16 3541539.06 3543171.65 3262718.01 3085350.76 2691869.06 1869179.42 1248467.04 801137.98 249329.75 46907.53 4475.00 197.76 3.00
1999 528642.20 2102565.53 2787900.17 2818652.11 3161249.01 3915030.78 4467206.41 4668135.97 4329946.00 3870551.40 3740685.36 3670406.47 3464811.67 3321334.66 3091341.21 2704335.10 2083862.85 1119935.98 835701.09 270118.74 49203.44 4743.67 206.51 1.00
2000 533101.09 2095048.33 2758247.04 2797932.55 3082828.02 3724800.08 4415387.80 4628170.88 4455433.51 3933462.62 3711159.93 3782685.72 3369045.04 3382061.07 3103132.75 2723524.32 2241880.13 1055067.71 863667.61 289808.17 53077.16 5163.53 223.59 5.00
2001 535923.98 2093783.46 2713472.11 2796711.23 3020276.31 3544090.38 4343215.28 4574352.07 4556204.51 4005101.67 3717416.12 3878183.42 3275948.04 3437182.58 3091966.21 2772320.46 2256802.25 1142496.26 876571.55 314581.94 57543.67 5608.10 241.44 6.00
2002 521483.00 2095020.00 2677421.00 2814950.00 2949885.00 3395295.00 4230065.00 4545205.00 4639156.00 4096546.00 3744155.00 3829209.00 3347993.00 3452828.00 3073524.00 2806348.00 2276544.00 1269768.31 845930.82 334698.24 62524.93 5962.08 287.68 7.00
2003 533453.00 2112698.00 2651565.00 2850422.00 2892386.00 3292921.00 4113369.00 4548162.00 4723421.00 4223519.00 3814302.00 3761614.00 3469319.00 3432590.00 3110160.00 2827563.00 2318298.00 1443173.00 772831.04 359960.98 67155.75 6638.53 292.00 6.76
2004 540183.00 2147856.00 2657598.00 2844712.00 2887305.00 3244337.00 4044676.00 4595120.00 4801686.00 4390321.00 3907491.00 3705260.00 3623859.00 3369360.00 3175010.00 2845138.00 2342508.00 1617294.00 691604.61 375993.09 72730.74 6727.44 318.67 6.51
2005 554951.00 2178485.00 2686329.00 2835947.00 2889259.00 3209607.00 3936041.00 4632509.00 4830626.00 4577183.00 4004058.00 3715579.00 3752179.00 3280281.00 3245826.00 2868206.00 2367105.00 1742300.00 669607.77 397553.26 81103.06 7691.16 348.53 8.59
2006 547159.00 2198690.00 2721743.00 2816344.00 2909259.00 3162720.00 3798394.00 4607110.00 4807045.00 4711725.00 4099661.00 3732070.00 3887641.00 3159815.00 3305695.00 2855635.00 2422471.00 1763978.00 741826.04 406681.67 88835.64 8468.67 377.10 4.45

##END Italy,  Population size (5-year)     Last modified: 09-Nov-2010, MPv5 (May07)
