Japan,  Population size (5-year)     Last modified: 15-Dec-2010, MPv5 (May07)

Year       Age      Female         Male        Total
1947       0        905930.67    943341.24   1849271.91
1947       1-4     3716618.49   3801450.87   7518069.36
1947       5-9     4397822.47   4491431.19   8889253.66
1947      10-14    4324360.38   4402914.29   8727274.67
1947      15-19    4055728.31   4068931.25   8124659.56
1947      20-24    3620097.97   3154891.25   6774989.22
1947      25-29    2993125.39   2366911.89   5360037.28
1947      30-34    2747515.36   2367393.00   5114908.36
1947      35-39    2498469.89   2314574.31   4813044.20
1947      40-44    2047061.35   2082842.07   4129903.42
1947      45-49    1837702.16   1911034.09   3748736.25
1947      50-54    1509030.27   1568567.41   3077597.68
1947      55-59    1314240.51   1296504.35   2610744.86
1947      60-64    1107117.48    980239.42   2087356.90
1947      65-69     946037.29    760018.71   1706056.00
1947      70-74     657923.06    474289.17   1132212.23
1947      75-79     324217.50    205461.34    529678.84
1947      80-84     148114.41     79250.89    227365.30
1947      85-89      41790.14     18417.28     60207.42
1947      90-94       8286.18      2899.91     11186.09
1947      95-99        909.16       285.50      1194.66
1947     100-104        65.86        12.89        78.75
1947     105-109         3.68         0.00         3.68
1947     110+            2.00         1.00         3.00
1948       0       1230367.41   1292255.48   2522622.89
1948       1-4     3560937.38   3656441.62   7217379.00
1948       5-9     4490151.86   4591416.85   9081568.71
1948      10-14    4331793.58   4418006.02   8749799.60
1948      15-19    4105870.44   4131679.76   8237550.20
1948      20-24    3691264.70   3392708.80   7083973.50
1948      25-29    3082759.76   2406306.46   5489066.22
1948      30-34    2754656.57   2359003.03   5113659.60
1948      35-39    2545403.96   2312408.06   4857812.02
1948      40-44    2082167.05   2091271.53   4173438.58
1948      45-49    1893215.77   1952423.90   3845639.67
1948      50-54    1542926.81   1601392.37   3144319.18
1948      55-59    1329454.11   1316079.98   2645534.09
1948      60-64    1116975.48   1001999.95   2118975.43
1948      65-69     954458.95    765219.36   1719678.31
1948      70-74     679278.83    488637.40   1167916.23
1948      75-79     344778.04    217479.32    562257.36
1948      80-84     154904.88     82634.12    237539.00
1948      85-89      42146.03     18286.70     60432.73
1948      90-94       8508.81      2982.12     11490.93
1948      95-99        916.15       272.75      1188.90
1948     100-104        59.96        11.41        71.37
1948     105-109         4.31         0.00         4.31
1948     110+            2.00         1.00         3.00
1949       0       1249384.58   1311206.71   2560591.29
1949       1-4     3769526.03   3902053.23   7671579.26
1949       5-9     4609787.48   4721403.46   9331190.94
1949      10-14    4300928.34   4389477.18   8690405.52
1949      15-19    4149499.58   4195652.22   8345151.80
1949      20-24    3762172.90   3588925.12   7351098.02
1949      25-29    3191939.04   2503530.85   5695469.89
1949      30-34    2749776.98   2330938.84   5080715.82
1949      35-39    2586165.63   2323805.56   4909971.19
1949      40-44    2137250.64   2108607.62   4245858.26
1949      45-49    1929144.50   1978559.37   3907703.87
1949      50-54    1594982.71   1648460.16   3243442.87
1949      55-59    1336337.70   1328460.72   2664798.42
1949      60-64    1138049.97   1038054.05   2176104.02
1949      65-69     961964.01    774890.88   1736854.89
1949      70-74     705463.23    510516.36   1215979.59
1949      75-79     370069.09    235149.44    605218.53
1949      80-84     169892.55     91096.26    260988.81
1949      85-89      45037.89     20008.53     65046.42
1949      90-94       9413.94      3456.63     12870.57
1949      95-99       1002.86       334.73      1337.59
1949     100-104        65.18        20.33        85.51
1949     105-109         4.34         0.00         4.34
1949     110+            3.00         1.00         4.00
1950       0       1245472.66   1298076.28   2543548.94
1950       1-4     4021346.91   4184318.97   8205665.88
1950       5-9     4723851.74   4846184.51   9570036.25
1950      10-14    4255110.38   4348547.71   8603658.09
1950      15-19    4184498.30   4243132.57   8427630.87
1950      20-24    3829479.01   3731217.60   7560696.61
1950      25-29    3300525.44   2667492.65   5968018.09
1950      30-34    2748094.45   2299774.06   5047868.51
1950      35-39    2627480.87   2339657.32   4967138.19
1950      40-44    2219980.83   2149094.36   4369075.19
1950      45-49    1957646.12   1994289.29   3951935.41
1950      50-54    1630310.22   1679547.37   3309857.59
1950      55-59    1348223.94   1347262.65   2695486.59
1950      60-64    1168949.83   1079239.90   2248189.73
1950      65-69     967870.15    785177.97   1753048.12
1950      70-74     728497.28    529813.98   1258311.26
1950      75-79     397536.97    254305.74    651842.71
1950      80-84     175687.28     93885.37    269572.65
1950      85-89      50032.76     22497.38     72530.14
1950      90-94      10041.11      3831.87     13872.98
1950      95-99       1096.08       399.08      1495.16
1950     100-104        71.00        29.00       100.00
1950     105-109         6.00         0.00         6.00
1950     110+            4.00         1.00         5.00
1951       0       1107254.27   1156042.29   2263296.56
1951       1-4     4399383.73   4583315.87   8982699.60
1951       5-9     4599544.41   4727033.39   9326577.80
1951      10-14    4282816.04   4382209.80   8665025.84
1951      15-19    4237014.97   4303356.62   8540371.59
1951      20-24    3880760.95   3831219.30   7711980.25
1951      25-29    3366599.72   2844055.35   6210655.07
1951      30-34    2834315.76   2326528.15   5160843.91
1951      35-39    2662490.53   2350273.71   5012764.24
1951      40-44    2299167.29   2190101.12   4489268.41
1951      45-49    1971739.59   1994553.94   3966293.53
1951      50-54    1677628.91   1720780.20   3398409.11
1951      55-59    1378280.47   1383568.85   2761849.32
1951      60-64    1195255.05   1111991.58   2307246.63
1951      65-69     969883.64    792798.12   1762681.76
1951      70-74     742648.19    541705.48   1284353.67
1951      75-79     425339.75    272557.20    697896.95
1951      80-84     175774.94     94048.69    269823.63
1951      85-89      56377.21     25049.50     81426.71
1951      90-94      10337.61      3841.36     14178.97
1951      95-99       1203.02       374.00      1577.02
1951     100-104        72.00        36.00       108.00
1951     105-109        10.00         1.00        11.00
1951     110+            2.00         1.00         3.00
1952       0       1004694.95   1048622.69   2053317.64
1952       1-4     4619614.16   4812585.88   9432200.04
1952       5-9     4471201.56   4606244.39   9077445.95
1952      10-14    4359050.85   4460170.57   8819221.42
1952      15-19    4285229.81   4350662.94   8635892.75
1952      20-24    3945871.85   3926037.47   7871909.32
1952      25-29    3484522.31   3084405.82   6568928.13
1952      30-34    2898310.90   2330781.63   5229092.53
1952      35-39    2690502.28   2351891.04   5042393.32
1952      40-44    2404430.82   2240551.07   4644981.89
1952      45-49    1970489.69   1982417.47   3952907.16
1952      50-54    1740018.02   1781009.42   3521027.44
1952      55-59    1423481.99   1431110.36   2854592.35
1952      60-64    1211598.15   1138501.51   2350099.66
1952      65-69     966476.41    796621.08   1763097.49
1952      70-74     755345.65    553343.04   1308688.69
1952      75-79     455219.40    291769.55    746988.95
1952      80-84     181508.75     97965.47    279474.22
1952      85-89      60681.88     27093.06     87774.94
1952      90-94      10435.75      3812.43     14248.18
1952      95-99       1271.06       397.01      1668.07
1952     100-104        78.00        42.00       120.00
1952     105-109         9.00         0.00         9.00
1952     110+            2.00         0.00         2.00
1953       0        943690.18    987168.46   1930858.64
1953       1-4     4446919.76   4633226.69   9080146.45
1953       5-9     4649273.35   4807167.97   9456441.32
1953      10-14    4458152.36   4564748.98   9022901.34
1953      15-19    4306617.67   4364670.06   8671287.73
1953      20-24    4019617.84   4015501.88   8035119.72
1953      25-29    3584425.92   3318023.41   6902449.33
1953      30-34    2996504.68   2377693.09   5374197.77
1953      35-39    2695474.68   2331345.69   5026820.37
1953      40-44    2472149.19   2261147.63   4733296.82
1953      45-49    2014885.54   2004781.19   4019666.73
1953      50-54    1802880.53   1835692.74   3638573.27
1953      55-59    1462933.28   1473717.12   2936650.40
1953      60-64    1226311.10   1162329.44   2388640.54
1953      65-69     980310.28    822488.64   1802798.92
1953      70-74     768630.10    564504.60   1333134.70
1953      75-79     479483.42    307135.84    786619.26
1953      80-84     192588.09    105219.56    297807.65
1953      85-89      64948.63     29040.77     93989.40
1953      90-94      10875.69      3955.36     14831.05
1953      95-99       1402.09       445.03      1847.12
1953     100-104        81.00        42.00       123.00
1953     105-109         9.00         1.00        10.00
1953     110+            1.00         0.00         1.00
1954       0        879621.53    919881.98   1799503.51
1954       1-4     4168586.34   4347040.80   8515627.14
1954       5-9     4892176.88   5075735.73   9967912.61
1954      10-14    4588886.58   4703177.56   9292064.14
1954      15-19    4281880.36   4334110.35   8615990.71
1954      20-24    4086498.03   4085816.67   8172314.70
1954      25-29    3677567.17   3523199.09   7200766.26
1954      30-34    3121043.82   2481679.82   5602723.64
1954      35-39    2694159.02   2298581.26   4992740.28
1954      40-44    2528827.13   2281542.79   4810369.92
1954      45-49    2074046.85   2033416.51   4107463.36
1954      50-54    1849994.11   1875586.29   3725580.40
1954      55-59    1516607.14   1525258.35   3041865.49
1954      60-64    1232541.44   1174686.11   2407227.55
1954      65-69     997590.21    855398.22   1852988.43
1954      70-74     777430.22    571167.14   1348597.36
1954      75-79     498619.06    319148.69    817767.75
1954      80-84     205283.35    112538.72    317822.07
1954      85-89      69995.99     31100.28    101096.27
1954      90-94      11558.34      4127.25     15685.59
1954      95-99       1437.04       458.02      1895.06
1954     100-104        80.00        30.00       110.00
1954     105-109         9.00         3.00        12.00
1954     110+            0.00         0.00         0.00
1955       0        832194.70    876571.21   1708765.91
1955       1-4     3853892.06   4021269.23   7875161.29
1955       5-9     5140167.71   5348018.26  10488185.97
1955      10-14    4715852.54   4837192.53   9553045.07
1955      15-19    4241246.99   4293087.81   8534334.80
1955      20-24    4136646.92   4132884.18   8269531.10
1955      25-29    3763945.04   3673451.94   7437396.98
1955      30-34    3247425.92   2648096.02   5895521.94
1955      35-39    2700978.78   2266507.76   4967486.54
1955      40-44    2578718.04   2298999.22   4877717.26
1955      45-49    2162746.98   2082371.11   4245118.09
1955      50-54    1889434.74   1903922.35   3793357.09
1955      55-59    1555380.81   1563313.08   3118693.89
1955      60-64    1245239.85   1195048.49   2440288.34
1955      65-69    1026500.12    892983.85   1919483.97
1955      70-74     788255.91    582482.16   1370738.07
1955      75-79     520627.64    333681.92    854309.56
1955      80-84     224419.64    123220.89    347640.53
1955      85-89      73267.81     32304.71    105572.52
1955      90-94      13229.13      4755.21     17984.34
1955      95-99       1499.00       447.00      1946.00
1955     100-104        95.00        23.00       118.00
1955     105-109        11.00         5.00        16.00
1955     110+            2.00         0.00         2.00
1956       0        819477.23    860611.24   1680088.47
1956       1-4     3606790.24   3766234.46   7373024.70
1956       5-9     5425652.97   5655067.61  11080720.58
1956      10-14    4595903.75   4715711.09   9311614.84
1956      15-19    4270594.32   4326451.67   8597045.99
1956      20-24    4198369.47   4188617.45   8386986.92
1956      25-29    3825740.86   3776564.71   7602305.57
1956      30-34    3329590.33   2827490.29   6157080.62
1956      35-39    2794649.92   2294606.57   5089256.49
1956      40-44    2615404.61   2305107.59   4920512.20
1956      45-49    2250177.94   2132586.71   4382764.65
1956      50-54    1910394.32   1910704.58   3821098.90
1956      55-59    1607142.29   1612093.89   3219236.18
1956      60-64    1280490.22   1235090.33   2515580.55
1956      65-69    1050383.79    922673.24   1973057.03
1956      70-74     796011.78    592969.74   1388981.52
1956      75-79     536348.05    344560.53    880908.58
1956      80-84     243905.80    134483.97    378389.77
1956      85-89      75115.36     33467.71    108583.07
1956      90-94      15808.16      5541.26     21349.42
1956      95-99       1583.00       449.00      2032.00
1956     100-104       104.00        26.00       130.00
1956     105-109        10.00         5.00        15.00
1956     110+            3.00         0.00         3.00
1957       0        784752.37    825402.90   1610155.27
1957       1-4     3427219.23   3582597.69   7009816.92
1957       5-9     5573690.08   5809715.23  11383405.31
1957      10-14    4458375.63   4578817.51   9037193.14
1957      15-19    4338854.42   4389706.74   8728561.16
1957      20-24    4238965.62   4229053.74   8468019.36
1957      25-29    3890888.81   3867104.18   7757992.99
1957      30-34    3444843.94   3064151.53   6508995.47
1957      35-39    2861250.74   2302520.82   5163771.56
1957      40-44    2642467.16   2306319.02   4948786.18
1957      45-49    2353579.47   2182149.83   4535729.30
1957      50-54    1911563.88   1899955.81   3811519.69
1957      55-59    1665916.52   1667342.63   3333259.15
1957      60-64    1328358.83   1282089.76   2610448.59
1957      65-69    1066698.35    945047.44   2011745.79
1957      70-74     793055.97    596815.68   1389871.65
1957      75-79     545897.56    351622.69    897520.25
1957      80-84     264662.75    145557.71    410220.46
1957      85-89      77939.62     34828.59    112768.21
1957      90-94      16677.20      5856.26     22533.46
1957      95-99       1531.00       443.00      1974.00
1957     100-104       105.00        28.00       133.00
1957     105-109         9.00         5.00        14.00
1957     110+            3.00         0.00         3.00
1958       0        741449.05    779262.70   1520711.75
1958       1-4     3277157.36   3431379.29   6708536.65
1958       5-9     5343236.24   5567753.99  10910990.23
1958      10-14    4635512.02   4779144.15   9414656.17
1958      15-19    4431842.97   4476118.33   8907961.30
1958      20-24    4247612.02   4228766.65   8476378.67
1958      25-29    3961200.51   3950521.26   7911721.77
1958      30-34    3539620.05   3291571.35   6831191.40
1958      35-39    2958424.28   2351139.39   5309563.67
1958      40-44    2647859.49   2286561.63   4934421.12
1958      45-49    2419455.73   2200616.76   4620072.49
1958      50-54    1952282.11   1919392.57   3871674.68
1958      55-59    1726872.06   1717322.28   3444194.34
1958      60-64    1366182.12   1319200.30   2685382.42
1958      65-69    1082553.15    963973.20   2046526.35
1958      70-74     803169.73    613841.62   1417011.35
1958      75-79     552314.10    354959.17    907273.27
1958      80-84     275972.59    150181.93    426154.52
1958      85-89      81139.87     36656.58    117796.45
1958      90-94      17065.17      5875.25     22940.42
1958      95-99       1520.98       435.00      1955.98
1958     100-104       105.00        27.00       132.00
1958     105-109         4.00         3.00         7.00
1958     110+            1.00         0.00         1.00
1959       0        780319.06    818702.33   1599021.39
1959       1-4     3145980.29   3297906.24   6443886.53
1959       5-9     5009042.81   5220106.00  10229148.81
1959      10-14    4883191.01   5054065.77   9937256.78
1959      15-19    4550437.60   4593343.39   9143780.99
1959      20-24    4210909.49   4177276.91   8388186.40
1959      25-29    4020086.93   4011539.29   8031626.22
1959      30-34    3631255.36   3496191.24   7127446.60
1959      35-39    3081128.02   2454178.73   5535306.75
1959      40-44    2646380.65   2254295.81   4900676.46
1959      45-49    2475135.14   2219817.95   4694953.09
1959      50-54    2008305.65   1945454.87   3953760.52
1959      55-59    1774898.28   1756609.13   3531507.41
1959      60-64    1415089.21   1364719.59   2779808.80
1959      65-69    1096508.44    980107.31   2076615.75
1959      70-74     821737.61    642963.50   1464701.11
1959      75-79     563325.79    363173.14    926498.93
1959      80-84     289800.78    157792.18    447592.96
1959      85-89      89507.20     40681.99    130189.19
1959      90-94      19293.04      6730.26     26023.30
1959      95-99       1714.98       474.99      2189.97
1959     100-104       116.00        37.00       153.00
1959     105-109         0.00         3.00         3.00
1959     110+            1.00         0.00         1.00
1960       0        773110.51    812640.16   1585750.67
1960       1-4     3086829.55   3232129.00   6318958.55
1960       5-9     4658081.21   4860191.98   9518273.19
1960      10-14    5132922.06   5332315.36  10465237.42
1960      15-19    4667825.49   4711325.19   9379150.68
1960      20-24    4161751.25   4109907.82   8271659.07
1960      25-29    4058069.03   4046761.36   8104830.39
1960      30-34    3713033.14   3646177.51   7359210.65
1960      35-39    3205479.16   2619358.95   5824838.11
1960      40-44    2653457.87   2224249.71   4877707.58
1960      45-49    2520987.93   2234742.50   4755730.43
1960      50-54    2094851.86   1992854.36   4087706.22
1960      55-59    1812352.58   1782183.36   3594535.94
1960      60-64    1452636.79   1399740.44   2852377.23
1960      65-69    1111216.10   1000760.15   2111976.25
1960      70-74     850646.38    674434.85   1525081.23
1960      75-79     572056.02    371210.39    943266.41
1960      80-84     301809.02    164627.81    466436.83
1960      85-89      98418.09     44395.91    142814.00
1960      90-94      20115.77      7109.15     27224.92
1960      95-99       2049.97       537.99      2587.96
1960     100-104       119.00        30.00       149.00
1960     105-109         4.00         2.00         6.00
1960     110+            1.00         0.00         1.00
1961       0        760797.01    798033.16   1558830.17
1961       1-4     3034095.31   3173026.43   6207121.74
1961       5-9     4410819.70   4604129.59   9014949.29
1961      10-14    5421338.76   5639646.28  11060985.04
1961      15-19    4542595.63   4590990.25   9133585.88
1961      20-24    4190943.74   4126756.18   8317699.92
1961      25-29    4110900.13   4089464.26   8200364.39
1961      30-34    3770486.38   3750948.88   7521435.26
1961      35-39    3286354.69   2797192.07   6083546.76
1961      40-44    2746536.87   2253526.34   5000063.21
1961      45-49    2556545.29   2240909.64   4797454.93
1961      50-54    2179663.41   2041552.15   4221215.56
1961      55-59    1829032.40   1785930.64   3614963.04
1961      60-64    1503733.36   1444167.65   2947901.01
1961      65-69    1143539.25   1035000.14   2178539.39
1961      70-74     872533.93    696518.18   1569052.11
1961      75-79     575584.47    376024.21    951608.68
1961      80-84     309972.96    168229.48    478202.44
1961      85-89     105255.03     47406.50    152661.53
1961      90-94      20349.26      7131.03     27480.29
1961      95-99       2380.95       623.99      3004.94
1961     100-104       108.00        32.00       140.00
1961     105-109         7.00         0.00         7.00
1961     110+            1.00         0.00         1.00
1962       0        757357.17    797221.90   1554579.07
1962       1-4     3024958.45   3158474.42   6183432.87
1962       5-9     4197826.43   4375650.64   8573477.07
1962      10-14    5571828.64   5779865.55  11351694.19
1962      15-19    4411138.05   4465770.28   8876908.33
1962      20-24    4280909.78   4226527.21   8507436.99
1962      25-29    4165352.51   4140152.17   8305504.68
1962      30-34    3841174.69   3848572.90   7689747.59
1962      35-39    3402562.70   3035654.48   6438217.18
1962      40-44    2814272.54   2263957.09   5078229.63
1962      45-49    2586730.41   2245380.87   4832111.28
1962      50-54    2278779.20   2093250.36   4372029.56
1962      55-59    1827950.39   1776766.40   3604716.79
1962      60-64    1560956.29   1498684.59   3059640.88
1962      65-69    1188992.00   1076927.91   2265919.91
1962      70-74     888262.50    715265.09   1603527.59
1962      75-79     574779.34    379898.76    954678.10
1962      80-84     317641.93    172544.88    490186.81
1962      85-89     114198.62     50746.64    164945.26
1962      90-94      21071.42      7583.83     28655.25
1962      95-99       2523.95       673.95      3197.90
1962     100-104       113.00        34.00       147.00
1962     105-109        10.00         0.00        10.00
1962     110+            1.00         0.00         1.00
1963       0        771097.40    812884.97   1583982.37
1963       1-4     3042837.33   3177421.70   6220259.03
1963       5-9     4016375.80   4182114.52   8198490.32
1963      10-14    5345968.78   5532395.36  10878364.14
1963      15-19    4595892.13   4663951.71   9259843.84
1963      20-24    4386233.97   4338441.60   8724675.57
1963      25-29    4195572.50   4163512.36   8359084.86
1963      30-34    3919606.36   3942621.03   7862227.39
1963      35-39    3500673.30   3266014.42   6766687.72
1963      40-44    2912772.05   2314624.86   5227396.91
1963      45-49    2596058.35   2229751.12   4825809.47
1963      50-54    2340947.98   2112471.01   4453418.99
1963      55-59    1869452.36   1801869.19   3671321.55
1963      60-64    1618142.20   1547226.38   3165368.58
1963      65-69    1225853.83   1111679.94   2337533.77
1963      70-74     903624.12    732430.42   1636054.54
1963      75-79     584830.43    392456.12    977286.55
1963      80-84     323464.66    174956.01    498420.67
1963      85-89     118783.41     51801.04    170584.45
1963      90-94      22119.60      8059.79     30179.39
1963      95-99       2494.90       660.93      3155.83
1963     100-104       105.98        28.00       133.98
1963     105-109         9.00         0.00         9.00
1963     110+            1.00         0.00         1.00
1964       0        793861.35    833521.76   1627383.11
1964       1-4     3053315.88   3189622.79   6242938.67
1964       5-9     3911916.87   4068437.78   7980354.65
1964      10-14    5021708.65   5190578.20  10212286.85
1964      15-19    4846921.23   4927631.04   9774552.27
1964      20-24    4507746.49   4458186.73   8965933.22
1964      25-29    4184037.24   4147460.23   8331497.47
1964      30-34    3990553.89   4018159.22   8008713.11
1964      35-39    3595924.33   3476538.63   7072462.96
1964      40-44    3036227.85   2419129.59   5455357.44
1964      45-49    2597629.41   2201945.51   4799574.92
1964      50-54    2396370.17   2132327.97   4528698.14
1964      55-59    1925089.86   1833900.82   3758990.68
1964      60-64    1661580.06   1582602.78   3244182.84
1964      65-69    1271378.14   1153807.80   2425185.94
1964      70-74     918024.09    748050.88   1666074.97
1964      75-79     602264.63    414512.47   1016777.10
1964      80-84     334426.55    180834.69    515261.24
1964      85-89     124626.76     54567.54    179194.30
1964      90-94      24830.96      9013.19     33844.15
1964      95-99       2914.78       796.94      3711.72
1964     100-104       114.98        24.99       139.97
1964     105-109         7.00         0.00         7.00
1964     110+            1.00         0.00         1.00
1965       0        820731.92    861817.37   1682549.29
1965       1-4     3073242.20   3205938.80   6279181.00
1965       5-9     3866099.23   4012620.28   7878719.51
1965      10-14    4673771.95   4833855.60   9507627.55
1965      15-19    5106229.42   5200101.80  10306331.22
1965      20-24    4620580.39   4556711.79   9177292.18
1965      25-29    4158093.52   4116189.88   8274283.40
1965      30-34    4043045.92   4075509.08   8118555.00
1965      35-39    3684440.35   3636657.08   7321097.43
1965      40-44    3161882.94   2585230.17   5747113.11
1965      45-49    2607674.11   2175796.43   4783470.54
1965      50-54    2445330.69   2150886.07   4596216.76
1965      55-59    2008283.39   1883089.08   3891372.47
1965      60-64    1694884.69   1606811.98   3301696.67
1965      65-69    1306246.39   1186378.92   2492625.31
1965      70-74     934144.46    767765.92   1701910.38
1965      75-79     627458.40    438173.46   1065631.86
1965      80-84     340056.74    185459.95    525516.69
1965      85-89     130671.09     57445.58    188116.67
1965      90-94      27375.88      9794.91     37170.79
1965      95-99       3037.53       838.80      3876.33
1965     100-104       134.97        32.99       167.96
1965     105-109         7.00         0.00         7.00
1965     110+            1.00         0.00         1.00
1966       0        850621.25    888034.35   1738655.60
1966       1-4     3129253.20   3259154.58   6388407.78
1966       5-9     3817303.90   3957148.61   7774452.51
1966      10-14    4422341.68   4572923.44   8995265.12
1966      15-19    5406822.67   5510296.57  10917119.24
1966      20-24    4489542.41   4419203.41   8908745.82
1966      25-29    4202249.90   4149710.20   8351960.10
1966      30-34    4106592.09   4140066.36   8246658.45
1966      35-39    3749571.98   3750736.52   7500308.50
1966      40-44    3246150.03   2765559.05   6011709.08
1966      45-49    2698988.29   2205044.79   4904033.08
1966      50-54    2484085.77   2159250.93   4643336.70
1966      55-59    2090436.46   1931792.99   4022229.45
1966      60-64    1712833.62   1613707.31   3326540.93
1966      65-69    1354129.68   1226275.54   2580405.22
1966      70-74     964954.69    795929.29   1760883.98
1966      75-79     646511.80    454189.46   1100701.26
1966      80-84     342781.38    188136.45    530917.83
1966      85-89     134158.91     58251.75    192410.66
1966      90-94      28889.71     10377.26     39266.97
1966      95-99       3076.01       877.67      3953.68
1966     100-104       162.95        37.98       200.93
1966     105-109         4.00         0.00         4.00
1966     110+            1.00         0.00         1.00
1967       0        658079.21    703731.82   1361811.03
1967       1-4     3213817.03   3351461.73   6565278.76
1967       5-9     3801111.43   3946565.49   7747676.92
1967      10-14    4205105.91   4345291.71   8550397.62
1967      15-19    5565403.12   5660937.47  11226340.59
1967      20-24    4366564.30   4317849.87   8684414.17
1967      25-29    4281301.29   4224224.29   8505525.58
1967      30-34    4161828.11   4184676.39   8346504.50
1967      35-39    3813813.96   3842430.19   7656244.15
1967      40-44    3367791.79   3003023.21   6370815.00
1967      45-49    2767382.87   2215988.99   4983371.86
1967      50-54    2515435.05   2162706.24   4678141.29
1967      55-59    2187952.16   1977298.46   4165250.62
1967      60-64    1722403.39   1613280.90   3335684.29
1967      65-69    1414476.12   1277353.09   2691829.21
1967      70-74    1008235.54    831699.27   1839934.81
1967      75-79     663340.82    469503.64   1132844.46
1967      80-84     350682.71    195878.23    546560.94
1967      85-89     139684.24     61125.41    200809.65
1967      90-94      32184.96     11400.49     43585.45
1967      95-99       3277.09       989.51      4266.60
1967     100-104       183.95        37.95       221.90
1967     105-109         2.00         2.00         4.00
1967     110+            1.00         0.00         1.00
1968       0        925447.74    971440.53   1896888.27
1968       1-4     3118051.18   3268193.86   6386245.04
1968       5-9     3823150.74   3977086.61   7800237.35
1968      10-14    4023195.93   4161557.57   8184753.50
1968      15-19    5336793.82   5414887.27  10751681.09
1968      20-24    4566057.94   4537204.63   9103262.57
1968      25-29    4378523.73   4322935.16   8701458.89
1968      30-34    4191776.25   4198995.40   8390771.65
1968      35-39    3887991.41   3929933.00   7817924.41
1968      40-44    3461823.67   3226537.56   6688361.23
1968      45-49    2872269.65   2270273.87   5142543.52
1968      50-54    2523128.40   2145851.72   4668980.12
1968      55-59    2255220.68   1996408.19   4251628.87
1968      60-64    1768937.45   1641785.79   3410723.24
1968      65-69    1476292.91   1324940.94   2801233.85
1968      70-74    1046258.59    864979.96   1911238.55
1968      75-79     681864.73    486017.49   1167882.22
1968      80-84     360154.24    203786.80    563941.04
1968      85-89     144644.12     63547.02    208191.14
1968      90-94      34257.28     12026.18     46283.46
1968      95-99       3533.16      1138.29      4671.45
1968     100-104       184.90        54.92       239.82
1968     105-109         2.98         0.00         2.98
1968     110+            1.00         0.00         1.00
1969       0        893054.70    950268.53   1843323.23
1969       1-4     3252545.12   3412618.60   6665163.72
1969       5-9     3846859.62   4009525.35   7856384.97
1969      10-14    3918509.83   4061477.50   7979987.33
1969      15-19    5004440.08   5073083.34  10077523.42
1969      20-24    4828626.57   4807812.89   9636439.46
1969      25-29    4499436.67   4445854.89   8945291.56
1969      30-34    4177344.82   4174493.76   8351838.58
1969      35-39    3960890.30   4001987.56   7962877.86
1969      40-44    3543991.42   3423858.16   6967849.58
1969      45-49    3001611.85   2376390.37   5378002.22
1969      50-54    2527695.37   2120678.70   4648374.07
1969      55-59    2313300.01   2015795.27   4329095.28
1969      60-64    1822607.72   1669442.31   3492050.03
1969      65-69    1525486.59   1361363.40   2886849.99
1969      70-74    1091848.01    901700.35   1993548.36
1969      75-79     697730.73    499035.76   1196766.49
1969      80-84     375552.58    217037.72    592590.30
1969      85-89     150459.64     66180.22    216639.86
1969      90-94      36085.65     12484.97     48570.62
1969      95-99       4074.46      1220.99      5295.45
1969     100-104       232.68        65.88       298.56
1969     105-109         3.98         1.99         5.97
1969     110+            1.00         0.00         1.00
1970       0        903856.87    960182.24   1864039.11
1970       1-4     3324686.06   3495623.10   6820309.16
1970       5-9     3888920.57   4061395.91   7950316.48
1970      10-14    3867404.49   4016114.95   7883519.44
1970      15-19    4656668.73   4727556.20   9384224.93
1970      20-24    5087830.63   5063389.99  10151220.62
1970      25-29    4617819.62   4561335.06   9179154.68
1970      30-34    4146225.83   4138611.98   8284837.81
1970      35-39    4017278.40   4055863.76   8073142.16
1970      40-44    3617577.55   3567175.97   7184753.52
1970      45-49    3129431.46   2539911.18   5669342.64
1970      50-54    2548550.50   2102548.40   4651098.90
1970      55-59    2355342.93   2029365.39   4384708.32
1970      60-64    1906114.80   1713350.17   3619464.97
1970      65-69    1561504.41   1384939.80   2946444.21
1970      70-74    1130054.08    931070.55   2061124.63
1970      75-79     716562.41    515480.29   1232042.70
1970      80-84     397242.96    232616.93    629859.89
1970      85-89     154510.63     68491.94    223002.57
1970      90-94      38378.70     13196.09     51574.79
1970      95-99       4553.33      1351.92      5905.25
1970     100-104       251.35        76.71       328.06
1970     105-109         9.97         1.99        11.96
1970     110+            1.00         0.00         1.00
1971       0        911066.37    963519.31   1874585.68
1971       1-4     3410070.80   3583377.47   6993448.27
1971       5-9     3944125.88   4125329.81   8069455.69
1971      10-14    3816781.94   3969212.82   7785994.76
1971      15-19    4405315.23   4489308.14   8894623.37
1971      20-24    5383408.49   5353751.12  10737159.61
1971      25-29    4492176.15   4438997.72   8931173.87
1971      30-34    4188125.41   4176117.81   8364243.22
1971      35-39    4083531.87   4117396.30   8200928.17
1971      40-44    3677717.79   3673201.76   7350919.55
1971      45-49    3213290.23   2714949.78   5928240.01
1971      50-54    2652493.38   2140388.12   4792881.50
1971      55-59    2385326.75   2032830.49   4418157.24
1971      60-64    1991867.45   1760956.18   3752823.63
1971      65-69    1580049.31   1391046.43   2971095.74
1971      70-74    1183432.63    969353.08   2152785.71
1971      75-79     745330.91    538348.54   1283679.45
1971      80-84     410146.76    243386.06    653532.82
1971      85-89     157953.40     70579.13    228532.53
1971      90-94      39774.68     13706.63     53481.31
1971      95-99       4954.51      1462.67      6417.18
1971     100-104       254.63        92.44       347.07
1971     105-109        11.95         1.98        13.93
1971     110+            0.00         0.00         0.00
1972-      0        958731.36   1019097.87   1977829.23
1972-      1-4     3584345.16   3774446.17   7358791.32
1972-      5-9     3929652.91   4113091.64   8042744.55
1972-     10-14    3801780.17   3957073.36   7758853.53
1972-     15-19    4190883.18   4291592.70   8482475.89
1972-     20-24    5539858.78   5534161.93  11074020.71
1972-     25-29    4372263.66   4332999.61   8705263.27
1972-     30-34    4272716.82   4255397.23   8528114.05
1972-     35-39    4141784.92   4169328.72   8311113.64
1972-     40-44    3760297.12   3778452.26   7538749.38
1972-     45-49    3328465.77   2945135.39   6273601.16
1972-     50-54    2724292.36   2153541.42   4877833.78
1972-     55-59    2429003.96   2046246.64   4475250.60
1972-     60-64    2096227.73   1814863.81   3911091.54
1972-     65-69    1594149.63   1395864.99   2990014.62
1972-     70-74    1242576.89   1015059.68   2257636.57
1972-     75-79     786372.76    568053.96   1354426.72
1972-     80-84     420234.88    251103.62    671338.51
1972-     85-89     164308.92     74677.40    238986.32
1972-     90-94      42545.59     14736.61     57282.21
1972-     95-99       5705.66      1613.74      7319.40
1972-    100-104       300.46       109.05       409.52
1972-    105-109         5.95         4.96        10.90
1972-    110+            0.00         0.00         0.00
1972+      0        969062.09   1030660.89   1999722.98
1972+      1-4     3622967.98   3817272.28   7440240.26
1972+      5-9     3977462.25   4165787.87   8143250.12
1972+     10-14    3856257.09   4016790.82   7873047.91
1972+     15-19    4239749.51   4344286.98   8584036.49
1972+     20-24    5578388.44   5574683.12  11153071.56
1972+     25-29    4398448.14   4360316.92   8758765.06
1972+     30-34    4305892.42   4290183.44   8596075.86
1972+     35-39    4175600.69   4205168.02   8380768.71
1972+     40-44    3788988.19   3808804.30   7597792.49
1972+     45-49    3350860.25   2965996.17   6316856.42
1972+     50-54    2744992.57   2170768.93   4915761.50
1972+     55-59    2446990.44   2062198.83   4509189.27
1972+     60-64    2110570.14   1827936.33   3938506.47
1972+     65-69    1607715.68   1408371.54   3016087.22
1972+     70-74    1253151.10   1024154.32   2277305.42
1972+     75-79     793064.71    573143.56   1366208.27
1972+     80-84     423811.04    253353.44    677164.48
1972+     85-89     165707.17     75346.49    241053.66
1972+     90-94      42907.65     14868.65     57776.30
1972+     95-99       5754.21      1628.20      7382.41
1972+    100-104       303.02       110.03       413.05
1972+    105-109         6.00         5.00        11.00
1972+    110+            0.00         0.00         0.00
1973       0        980252.36   1039715.91   2019968.27
1973       1-4     3699035.01   3906681.84   7605716.85
1973       5-9     4096155.14   4294793.74   8390948.88
1973      10-14    3877066.29   4045358.80   7922425.09
1973      15-19    4061355.78   4174409.59   8235765.37
1973      20-24    5351867.31   5369759.96  10721627.27
1973      25-29    4599578.66   4581854.33   9181432.99
1973      30-34    4409941.74   4395002.70   8804944.44
1973      35-39    4208405.36   4226378.45   8434783.81
1973      40-44    3883909.18   3913042.15   7796951.33
1973      45-49    3443806.22   3186523.28   6630329.50
1973      50-54    2848336.88   2221947.51   5070284.39
1973      55-59    2470640.77   2058523.44   4529164.21
1973      60-64    2185502.98   1858049.09   4043552.07
1973      65-69    1658471.39   1440688.23   3099159.62
1973      70-74    1311477.64   1067381.87   2378859.51
1973      75-79     834146.62    603694.97   1437841.59
1973      80-84     445513.90    268349.72    713863.62
1973      85-89     174015.48     80211.58    254227.06
1973      90-94      45363.31     15950.14     61313.45
1973      95-99       6334.17      1812.41      8146.58
1973     100-104       393.05       120.06       513.11
1973     105-109        10.00         4.00        14.00
1973     110+            2.00         0.00         2.00
1974       0       1004532.66   1062500.80   2067033.46
1974       1-4     3785168.37   3999051.35   7784219.72
1974       5-9     4194245.49   4403821.38   8598066.87
1974      10-14    3901133.17   4077892.46   7979025.63
1974      15-19    3961237.44   4081301.62   8042539.06
1974      20-24    5025771.36   5061504.14  10087275.50
1974      25-29    4856981.88   4865406.64   9722388.52
1974      30-34    4537982.50   4526707.47   9064689.97
1974      35-39    4196604.00   4206345.38   8402949.38
1974      40-44    3968232.69   3996481.02   7964713.71
1974      45-49    3537495.65   3390024.65   6927520.30
1974      50-54    2973075.22   2322786.97   5295862.19
1974      55-59    2487978.06   2043741.43   4531719.49
1974      60-64    2250187.28   1885735.28   4135922.56
1974      65-69    1719188.83   1475141.20   3194330.03
1974      70-74    1358641.72   1102319.77   2460961.49
1974      75-79     878411.06    634676.50   1513087.56
1974      80-84     459729.93    278724.74    738454.67
1974      85-89     184009.94     87084.59    271094.53
1974      90-94      47468.17     16811.93     64280.10
1974      95-99       6614.12      1871.55      8485.67
1974     100-104       431.05       123.05       554.10
1974     105-109        13.00         5.00        18.00
1974     110+            2.00         0.00         2.00
1975       0        973268.45   1030254.32   2003522.77
1975       1-4     3873636.84   4086202.89   7959839.73
1975       5-9     4282643.05   4503047.17   8785690.22
1975      10-14    3943310.74   4128331.76   8071642.50
1975      15-19    3920366.00   4047722.27   7968088.27
1975      20-24    4678106.17   4727912.74   9406018.91
1975      25-29    5111770.06   5148271.19  10260041.25
1975      30-34    4662869.19   4656912.82   9319782.01
1975      35-39    4167769.03   4172988.12   8340757.15
1975      40-44    4027944.46   4055877.93   8083822.39
1975      45-49    3634132.20   3549908.83   7184041.03
1975      50-54    3097675.83   2482012.53   5579688.36
1975      55-59    2510241.28   2027599.82   4537841.10
1975      60-64    2306278.05   1911564.96   4217843.01
1975      65-69    1806848.89   1525271.23   3332120.12
1975      70-74    1397442.61   1128623.97   2526066.58
1975      75-79     916216.25    662329.63   1578545.88
1975      80-84     476865.52    292377.16    769242.68
1975      85-89     195899.17     94211.95    290111.12
1975      90-94      48789.96     17524.71     66314.67
1975      95-99       6847.05      1923.65      8770.70
1975     100-104       439.03       126.07       565.10
1975     105-109        16.00         7.00        23.00
1975     110+            2.00         0.00         2.00
1976       0        923134.91    972042.58   1895177.49
1976       1-4     3908398.03   4113939.10   8022337.13
1976       5-9     4390289.76   4623274.64   9013564.40
1976      10-14    4001749.33   4192590.40   8194339.73
1976      15-19    3872936.84   4007692.02   7880628.86
1976      20-24    4423140.15   4482578.23   8905718.38
1976      25-29    5409781.92   5467005.26  10876787.18
1976      30-34    4538841.04   4542519.79   9081360.83
1976      35-39    4209687.65   4210508.37   8420196.02
1976      40-44    4098540.79   4122874.76   8221415.55
1976      45-49    3709014.00   3665392.30   7374406.30
1976      50-54    3181570.79   2656306.61   5837877.40
1976      55-59    2607831.81   2060224.41   4668056.22
1976      60-64    2350306.49   1929773.43   4280079.92
1976      65-69    1898919.69   1579232.44   3478152.13
1976      70-74    1425826.21   1144548.51   2570374.72
1976      75-79     964272.64    696877.83   1661150.47
1976      80-84     503249.70    310433.38    813683.08
1976      85-89     204875.99    100298.68    305174.67
1976      90-94      50388.17     18350.15     68738.32
1976      95-99       7125.07      2018.54      9143.61
1976     100-104       452.02       101.04       553.06
1976     105-109        17.00         4.00        21.00
1976     110+            1.00         1.00         2.00
1977       0        882586.53    934640.42   1817226.95
1977       1-4     3870382.84   4073583.67   7943966.51
1977       5-9     4604968.38   4852009.06   9456977.44
1977      10-14    3985569.41   4176966.87   8162536.28
1977      15-19    3853539.43   3995780.92   7849320.35
1977      20-24    4213361.60   4279285.40   8492647.00
1977      25-29    5571950.17   5629421.42  11201371.59
1977      30-34    4405463.91   4415921.76   8821385.67
1977      35-39    4295812.86   4291333.86   8587146.72
1977      40-44    4154921.75   4170326.93   8325248.68
1977      45-49    3783709.12   3761903.40   7545612.52
1977      50-54    3297888.95   2883455.09   6181344.04
1977      55-59    2681957.66   2075593.86   4757551.52
1977      60-64    2386518.97   1942204.68   4328723.65
1977      65-69    1996301.28   1631618.48   3627919.76
1977      70-74    1443336.38   1154650.51   2597986.89
1977      75-79    1017295.37    734907.81   1752203.18
1977      80-84     536095.43    330693.30    866788.73
1977      85-89     209619.93    103696.64    313316.57
1977      90-94      53022.30     19581.72     72604.02
1977      95-99       7489.24      2144.60      9633.84
1977     100-104       544.06       109.04       653.10
1977     105-109        18.00         4.00        22.00
1977     110+            0.00         1.00         1.00
1978       0        845795.74    894588.96   1740384.70
1978       1-4     3768425.58   3969962.30   7738387.88
1978       5-9     4695139.11   4947687.67   9642826.78
1978      10-14    4104018.26   4306592.50   8410610.76
1978      15-19    3875130.36   4023814.57   7898944.93
1978      20-24    4038899.56   4111684.35   8150583.91
1978      25-29    5341692.07   5392641.02  10734333.09
1978      30-34    4598095.39   4623229.61   9221325.00
1978      35-39    4401183.40   4396272.23   8797455.63
1978      40-44    4185661.49   4187024.44   8372685.93
1978      45-49    3862805.90   3851620.50   7714426.40
1978      50-54    3398872.86   3102433.13   6501305.99
1978      55-59    2785269.41   2127454.78   4912724.19
1978      60-64    2403063.10   1936168.60   4339231.70
1978      65-69    2066170.66   1663494.58   3729665.24
1978      70-74    1495127.96   1189788.40   2684916.36
1978      75-79    1070942.92    772511.21   1843454.13
1978      80-84     569280.34    352856.33    922136.67
1978      85-89     224039.81    112418.76    336458.57
1978      90-94      56402.87     21274.37     77677.24
1978      95-99       8227.35      2383.80     10611.15
1978     100-104       590.06       111.04       701.10
1978     105-109        18.00         8.00        26.00
1978     110+            0.00         1.00         1.00
1979       0        823318.99    869994.50   1693313.49
1979       1-4     3615827.50   3812171.24   7427998.74
1979       5-9     4796599.75   5051266.80   9847866.55
1979      10-14    4202681.44   4416260.32   8618941.76
1979      15-19    3900882.48   4056930.01   7957812.49
1979      20-24    3938767.78   4017173.10   7955940.88
1979      25-29    5013979.82   5063321.88  10077301.70
1979      30-34    4847781.17   4888920.12   9736701.29
1979      35-39    4529061.87   4523015.74   9052077.61
1979      40-44    4171682.05   4163051.67   8334733.72
1979      45-49    3935079.69   3921971.33   7857051.02
1979      50-54    3497206.13   3302096.79   6799302.92
1979      55-59    2909672.20   2227048.79   5136720.99
1979      60-64    2411052.78   1918393.69   4329446.47
1979      65-69    2131478.20   1694938.90   3826417.10
1979      70-74    1553910.14   1226412.92   2780323.06
1979      75-79    1117518.70    804762.24   1922280.94
1979      80-84     611281.38    378203.85    989485.23
1979      85-89     236881.06    119607.48    356488.54
1979      90-94      61764.47     24123.88     85888.35
1979      95-99       9041.60      2633.96     11675.56
1979     100-104       651.08       132.07       783.15
1979     105-109        18.00         4.00        22.00
1979     110+            0.00         2.00         2.00
1980       0        789814.50    835608.68   1625423.18
1980       1-4     3464607.40   3649489.27   7114096.67
1980       5-9     4852992.57   5109775.23   9962767.80
1980      10-14    4292459.39   4515945.35   8808404.74
1980      15-19    3946762.18   4112555.90   8059318.08
1980      20-24    3893888.64   3976017.65   7869906.29
1980      25-29    4666064.02   4716193.77   9382257.79
1980      30-34    5097359.69   5155388.08  10252747.77
1980      35-39    4652146.31   4642142.66   9294288.97
1980      40-44    4140265.99   4126046.29   8266312.28
1980      45-49    3989745.34   3972431.58   7962176.92
1980      50-54    3589462.69   3451926.57   7041389.26
1980      55-59    3035574.05   2383084.35   5418658.40
1980      60-64    2428896.42   1902441.32   4331337.74
1980      65-69    2185132.65   1723148.79   3908281.44
1980      70-74    1638564.06   1276380.36   2914944.42
1980      75-79    1158111.36    831379.69   1989491.05
1980      80-84     645508.37    401973.54   1047481.91
1980      85-89     252348.11    129870.64    382218.75
1980      90-94      69179.71     27321.85     96501.56
1980      95-99       9740.68      2937.19     12677.87
1980     100-104       732.06       169.11       901.17
1980     105-109        21.00         4.00        25.00
1980     110+            0.00         1.00         1.00
1981       0        765309.49    807008.04   1572317.53
1981       1-4     3324754.22   3499573.61   6824327.83
1981       5-9     4842434.99   5095741.11   9938176.10
1981      10-14    4402501.77   4636961.06   9039462.83
1981      15-19    4005160.43   4181529.81   8186690.24
1981      20-24    3847328.54   3932920.86   7780249.40
1981      25-29    4411567.03   4463658.73   8875225.76
1981      30-34    5393186.42   5464149.17  10857335.59
1981      35-39    4525744.90   4515498.03   9041242.93
1981      40-44    4179604.36   4159862.01   8339466.37
1981      45-49    4058434.00   4034905.48   8093339.48
1981      50-54    3659636.52   3558132.99   7217769.51
1981      55-59    3118307.90   2551186.77   5669494.67
1981      60-64    2527366.56   1936309.85   4463676.41
1981      65-69    2225029.08   1740664.65   3965693.73
1981      70-74    1726025.49   1326879.51   3052905.00
1981      75-79    1187763.26    847652.92   2035416.18
1981      80-84     680117.43    423509.54   1103626.97
1981      85-89     271130.61    140430.64    411561.25
1981      90-94      72711.04     29455.75    102166.79
1981      95-99      10212.86      3149.49     13362.35
1981     100-104       782.09       161.10       943.19
1981     105-109        24.00         5.00        29.00
1981     110+            0.00         1.00         1.00
1982       0        738987.04    780941.70   1519928.74
1982       1-4     3210377.37   3379479.08   6589856.45
1982       5-9     4758547.18   5006832.76   9765379.94
1982      10-14    4618325.34   4866028.09   9484353.43
1982      15-19    3987371.49   4166050.73   8153422.22
1982      20-24    3834223.17   3932201.01   7766424.18
1982      25-29    4201191.50   4257103.79   8458295.29
1982      30-34    5557103.31   5625902.49  11183005.80
1982      35-39    4392697.95   4391288.50   8783986.45
1982      40-44    4266869.48   4243026.59   8509896.07
1982      45-49    4116884.27   4088597.93   8205482.20
1982      50-54    3735944.30   3653154.12   7389098.42
1982      55-59    3232750.42   2770445.83   6003196.25
1982      60-64    2604336.20   1955031.75   4559367.95
1982      65-69    2265583.08   1757824.26   4023407.34
1982      70-74    1821838.72   1377653.49   3199492.21
1982      75-79    1210816.10    862514.61   2073330.71
1982      80-84     725909.07    452814.46   1178723.53
1982      85-89     293569.42    152041.68    445611.10
1982      90-94      75919.24     31157.58    107076.82
1982      95-99      11073.15      3464.93     14538.08
1982     100-104       858.09       207.14      1065.23
1982     105-109        22.00         5.00        27.00
1982     110+            1.00         1.00         2.00
1983       0        733769.64    772402.93   1506172.57
1983       1-4     3106205.92   3272103.56   6378309.48
1983       5-9     4615906.26   4854740.86   9470647.12
1983      10-14    4707880.70   4961329.07   9669209.77
1983      15-19    4108767.28   4297157.20   8405924.48
1983      20-24    3856669.33   3965769.35   7822438.68
1983      25-29    4026292.43   4090070.18   8116362.61
1983      30-34    5330248.04   5387993.39  10718241.43
1983      35-39    4584392.20   4600793.90   9185186.10
1983      40-44    4375032.92   4350723.82   8725756.74
1983      45-49    4148034.94   4110219.51   8258254.45
1983      50-54    3811320.35   3740842.95   7552163.30
1983      55-59    3337208.76   2982886.24   6320095.00
1983      60-64    2708969.22   2007972.42   4716941.64
1983      65-69    2288250.11   1758469.36   4046719.47
1983      70-74    1894972.67   1413763.88   3308736.55
1983      75-79    1265410.65    897667.49   2163078.14
1983      80-84     772864.16    482487.33   1255351.49
1983      85-89     317949.85    165571.75    483521.60
1983      90-94      84172.28     34899.04    119071.32
1983      95-99      12284.49      3883.44     16167.93
1983     100-104       944.13       244.18      1188.31
1983     105-109        38.00         6.00        44.00
1983     110+            0.00         1.00         1.00
1984       0        729817.87    769395.08   1499212.95
1984       1-4     3020570.32   3180573.72   6201144.04
1984       5-9     4436408.48   4666480.03   9102888.51
1984      10-14    4807727.07   5062920.22   9870647.29
1984      15-19    4212683.05   4410632.34   8623315.39
1984      20-24    3879247.35   3999180.45   7878427.80
1984      25-29    3927350.56   3998679.47   7926030.03
1984      30-34    5005529.13   5058941.70  10064470.83
1984      35-39    4834612.99   4867449.44   9702062.43
1984      40-44    4504103.07   4477638.46   8981741.53
1984      45-49    4135572.31   4090917.47   8226489.78
1984      50-54    3882603.51   3809858.33   7692461.84
1984      55-59    3435659.77   3174427.36   6610087.13
1984      60-64    2832359.38   2105272.11   4937631.49
1984      65-69    2300749.47   1747306.91   4048056.38
1984      70-74    1962708.59   1447578.32   3410286.91
1984      75-79    1326081.35    933012.00   2259093.35
1984      80-84     810084.49    506227.15   1316311.64
1984      85-89     346515.73    179162.40    525678.13
1984      90-94      90732.81     37710.55    128443.36
1984      95-99      13767.83      4649.29     18417.12
1984     100-104      1044.16       276.20      1320.36
1984     105-109        47.00         7.00        54.00
1984     110+            0.00         1.00         1.00
1985       0        719323.50    756366.25   1475689.75
1985       1-4     2961903.25   3113842.70   6075745.95
1985       5-9     4252193.60   4472459.34   8724652.94
1985      10-14    4861568.81   5117472.57   9979041.38
1985      15-19    4306750.51   4517133.23   8823883.74
1985      20-24    3923205.38   4051834.55   7975039.93
1985      25-29    3883074.60   3959040.76   7842115.36
1985      30-34    4660394.62   4716707.59   9377102.21
1985      35-39    5085335.55   5133076.73  10218412.28
1985      40-44    4626612.40   4595976.05   9222588.45
1985      45-49    4106084.90   4057593.72   8163678.62
1985      50-54    3937314.56   3861179.57   7798494.13
1985      55-59    3528083.86   3318206.79   6846290.65
1985      60-64    2957792.19   2255642.23   5213434.42
1985      65-69    2321912.19   1736872.49   4058784.68
1985      70-74    2020302.64   1480179.48   3500482.12
1985      75-79    1408845.38    978718.15   2387563.53
1985      80-84     845259.32    525231.87   1370491.19
1985      85-89     371405.06    192083.38    563488.44
1985      90-94      98302.19     41873.55    140175.74
1985      95-99      15884.24      5305.28     21189.52
1985     100-104      1150.17       329.28      1479.45
1985     105-109        53.00        11.00        64.00
1985     110+            0.00         1.00         1.00
1986       0        693201.53    727896.06   1421097.59
1986       1-4     2910936.54   3054262.49   5965199.03
1986       5-9     4094850.60   4307214.44   8402065.04
1986      10-14    4848316.17   5099470.32   9947786.49
1986      15-19    4411905.64   4635288.99   9047194.63
1986      20-24    3984664.27   4119239.90   8103904.17
1986      25-29    3832237.28   3909522.33   7741759.61
1986      30-34    4408138.15   4471977.32   8880115.47
1986      35-39    5381157.56   5439196.68  10820354.24
1986      40-44    4501599.03   4472629.87   8974228.90
1986      45-49    4145425.50   4092872.97   8238298.47
1986      50-54    4007976.25   3928350.29   7936326.54
1986      55-59    3596647.20   3420513.20   7017160.40
1986      60-64    3041878.91   2417752.75   5459631.66
1986      65-69    2421148.99   1774124.10   4195273.09
1986      70-74    2064077.38   1502675.37   3566752.75
1986      75-79    1495005.63   1025681.93   2520687.56
1986      80-84     882628.97    542866.14   1425495.11
1986      85-89     397830.00    204992.76    602822.76
1986      90-94     108523.48     46588.00    155111.48
1986      95-99      17190.53      5854.17     23044.70
1986     100-104      1274.21       325.31      1599.52
1986     105-109        56.00         7.00        63.00
1986     110+            1.00         2.00         3.00
1987       0        668441.89    707153.58   1375595.47
1987       1-4     2866277.15   3007272.32   5873549.47
1987       5-9     3952893.40   4157853.40   8110746.80
1987      10-14    4763162.38   5011733.83   9774896.21
1987      15-19    4613959.27   4844413.49   9458372.76
1987      20-24    3965089.48   4099584.86   8064674.34
1987      25-29    3810105.13   3892735.14   7702840.27
1987      30-34    4196703.28   4262346.66   8459049.94
1987      35-39    5543099.38   5601885.36  11144984.74
1987      40-44    4369275.14   4352868.49   8722143.63
1987      45-49    4231402.17   4178289.01   8409691.18
1987      50-54    4068014.95   3985318.44   8053333.39
1987      55-59    3672800.90   3516652.27   7189453.17
1987      60-64    3155898.82   2626955.76   5782854.58
1987      65-69    2499567.06   1797493.34   4297060.40
1987      70-74    2106521.39   1524883.94   3631405.33
1987      75-79    1585004.73   1072563.19   2657567.92
1987      80-84     897934.93    555701.76   1453636.69
1987      85-89     432739.78    222849.93    655589.71
1987      90-94     120341.03     51296.29    171637.32
1987      95-99      18450.63      6355.40     24806.03
1987     100-104      1483.24       368.33      1851.57
1987     105-109        57.00         8.00        65.00
1987     110+            1.00         1.00         2.00
1988       0        651416.91    688259.92   1339676.83
1988       1-4     2801796.26   2945589.28   5747385.54
1988       5-9     3841701.31   4040516.68   7882217.99
1988      10-14    4619235.65   4861648.14   9480883.79
1988      15-19    4698284.32   4931575.61   9629859.93
1988      20-24    4075440.89   4214460.78   8289901.67
1988      25-29    3825692.43   3913710.61   7739403.04
1988      30-34    4019637.54   4088391.40   8108028.94
1988      35-39    5315377.11   5366319.09  10681696.20
1988      40-44    4560581.28   4564058.19   9124639.47
1988      45-49    4337262.80   4287794.34   8625057.14
1988      50-54    4099849.26   4011818.96   8111668.22
1988      55-59    3750587.31   3605898.03   7356485.34
1988      60-64    3258992.91   2830568.29   6089561.20
1988      65-69    2603948.02   1850852.28   4454800.30
1988      70-74    2132181.96   1532963.33   3665145.29
1988      75-79    1658235.15   1109333.69   2767568.84
1988      80-84     955526.65    585878.17   1541404.82
1988      85-89     468368.21    240819.68    709187.89
1988      90-94     134015.28     56734.33    190749.61
1988      95-99      21068.84      7267.82     28336.66
1988     100-104      1763.28       468.38      2231.66
1988     105-109        68.00        15.00        83.00
1988     110+            1.00         0.00         1.00
1989       0        634769.10    669731.41   1304500.51
1989       1-4     2722020.96   2865608.89   5587629.85
1989       5-9     3752162.27   3945688.70   7697850.97
1989      10-14    4440243.45   4675849.75   9116093.20
1989      15-19    4796960.05   5035024.43   9831984.48
1989      20-24    4163283.87   4304297.71   8467581.58
1989      25-29    3842323.81   3936101.79   7778425.60
1989      30-34    3916305.60   3987393.76   7903699.36
1989      35-39    4990645.61   5038672.45  10029318.06
1989      40-44    4810548.24   4832525.50   9643073.74
1989      45-49    4462944.03   4415848.84   8878792.87
1989      50-54    4088148.59   3998071.18   8086219.77
1989      55-59    3823200.77   3676880.76   7500081.53
1989      60-64    3356940.47   3016138.17   6373078.64
1989      65-69    2724808.83   1943809.73   4668618.56
1989      70-74    2147952.75   1527628.39   3675581.14
1989      75-79    1724538.81   1143961.37   2868500.18
1989      80-84    1016201.98    617009.87   1633211.85
1989      85-89     496381.28    255003.57    751384.85
1989      90-94     148631.29     61820.07    210451.36
1989      95-99      23293.59      7989.35     31282.94
1989     100-104      1988.35       542.46      2530.81
1989     105-109        90.00        22.00       112.00
1989     110+            3.00         0.00         3.00
1990       0        605431.12    638167.43   1243598.55
1990       1-4     2633138.84   2773596.60   5406735.44
1990       5-9     3681887.73   3869468.25   7551355.98
1990      10-14    4257165.01   4483909.17   8741074.18
1990      15-19    4853832.93   5100386.65   9954219.58
1990      20-24    4242417.75   4387348.42   8629766.17
1990      25-29    3876082.33   3971054.53   7847136.86
1990      30-34    3866870.79   3938557.49   7805428.28
1990      35-39    4645285.39   4695106.20   9340391.59
1990      40-44    5060782.43   5099668.19  10160450.62
1990      45-49    4583835.99   4536267.33   9120103.32
1990      50-54    4057160.65   3969549.39   8026710.04
1990      55-59    3879557.58   3731160.99   7610718.57
1990      60-64    3449789.45   3157821.40   6607610.85
1990      65-69    2847330.64   2086021.12   4933351.76
1990      70-74    2172737.84   1523363.42   3696101.26
1990      75-79    1783613.30   1178062.10   2961675.40
1990      80-84    1090248.80    653676.78   1743925.58
1990      85-89     524042.24    266986.83    791029.07
1990      90-94     161778.38     67167.11    228945.49
1990      95-99      26107.58      9055.47     35163.05
1990     100-104      2339.46       595.53      2934.99
1990     105-109        92.00        22.00       114.00
1990     110+            6.00         1.00         7.00
1991       0        590455.99    620519.72   1210975.71
1991       1-4     2543936.46   2677892.47   5221828.93
1991       5-9     3608165.65   3791341.30   7399506.95
1991      10-14    4100414.14   4319355.66   8419769.80
1991      15-19    4839964.04   5087542.08   9927506.12
1991      20-24    4348059.91   4505202.87   8853262.78
1991      25-29    3925164.11   4019271.03   7944435.14
1991      30-34    3812318.96   3884299.33   7696618.29
1991      35-39    4393109.80   4448028.61   8841138.41
1991      40-44    5354761.65   5404926.32  10759687.97
1991      45-49    4461137.45   4417994.46   8879131.91
1991      50-54    4097012.04   4010866.78   8107878.82
1991      55-59    3948672.29   3798214.79   7746887.08
1991      60-64    3519442.22   3257551.81   6776994.03
1991      65-69    2931541.72   2238997.64   5170539.36
1991      70-74    2269935.07   1560240.02   3830175.09
1991      75-79    1829887.41   1202690.07   3032577.48
1991      80-84    1162556.14    689340.35   1851896.49
1991      85-89     552221.33    277691.64    829912.97
1991      90-94     174823.51     71652.52    246476.03
1991      95-99      29426.69     10213.05     39639.74
1991     100-104      2512.53       649.62      3162.15
1991     105-109        98.00        12.00       110.00
1991     110+            7.00         0.00         7.00
1992       0        591932.54    625300.97   1217233.51
1992       1-4     2473236.71   2600962.10   5074198.81
1992       5-9     3532028.47   3711319.19   7243347.66
1992      10-14    3957677.83   4167709.58   8125387.41
1992      15-19    4749750.42   4994413.59   9744164.01
1992      20-24    4562692.87   4737334.93   9300027.80
1992      25-29    3909451.72   4006955.55   7916407.27
1992      30-34    3790043.38   3867741.72   7657785.10
1992      35-39    4185288.92   4244450.26   8429739.18
1992      40-44    5517606.24   5569640.36  11087246.60
1992      45-49    4334668.07   4304600.89   8639268.96
1992      50-54    4183115.99   4100810.86   8283926.85
1992      55-59    4008779.41   3859135.40   7867914.81
1992      60-64    3593487.02   3347448.80   6940935.82
1992      65-69    3048115.01   2433798.01   5481913.02
1992      70-74    2347031.04   1582713.79   3929744.83
1992      75-79    1874123.44   1223926.73   3098050.17
1992      80-84    1255340.28    727012.98   1982353.26
1992      85-89     568112.23    285736.36    853848.59
1992      90-94     193411.57     78951.08    272362.65
1992      95-99      33031.74     11105.07     44136.81
1992     100-104      2748.63       721.76      3470.39
1992     105-109       116.01        19.01       135.02
1992     110+            4.00         0.00         4.00
1993       0        584666.85    618850.48   1203517.33
1993       1-4     2417239.16   2543664.34   4960903.50
1993       5-9     3448039.96   3623242.72   7071282.68
1993      10-14    3845274.93   4048385.63   7893660.56
1993      15-19    4606581.67   4843191.88   9449773.55
1993      20-24    4649089.26   4834222.82   9483312.08
1993      25-29    4025086.10   4133056.86   8158142.96
1993      30-34    3807600.12   3891518.54   7699118.66
1993      35-39    4010222.84   4074681.91   8084904.75
1993      40-44    5294439.36   5340874.84  10635314.20
1993      45-49    4527068.97   4516710.32   9043779.29
1993      50-54    4291294.65   4213759.03   8505053.68
1993      55-59    4040626.21   3890457.15   7931083.36
1993      60-64    3671404.57   3430905.48   7102310.05
1993      65-69    3149153.87   2620921.56   5770075.43
1993      70-74    2449627.31   1630820.57   4080447.88
1993      75-79    1899971.51   1230676.95   3130648.46
1993      80-84    1315603.35    753339.19   2068942.54
1993      85-89     613769.88    303775.84    917545.72
1993      90-94     212203.09     85479.82    297682.91
1993      95-99      37334.69     12431.80     49766.49
1993     100-104      3230.70       827.87      4058.57
1993     105-109       117.01        24.00       141.01
1993     110+            6.00         0.00         6.00
1994       0        576280.56    607578.48   1183859.04
1994       1-4     2372809.97   2497825.74   4870635.71
1994       5-9     3347957.06   3519875.81   6867832.87
1994      10-14    3754657.50   3950638.61   7705296.11
1994      15-19    4432404.46   4661630.68   9094035.14
1994      20-24    4739800.99   4932375.76   9672176.75
1994      25-29    4121514.31   4239585.07   8361099.38
1994      30-34    3827954.24   3919459.61   7747413.85
1994      35-39    3908985.66   3977704.43   7886690.09
1994      40-44    4974754.01   5019833.07   9994587.08
1994      45-49    4777795.29   4786790.92   9564586.21
1994      50-54    4418973.08   4343414.60   8762387.68
1994      55-59    4031347.44   3884012.14   7915359.58
1994      60-64    3741858.52   3497639.24   7239497.76
1994      65-69    3245296.20   2790528.29   6035824.49
1994      70-74    2566581.62   1713382.46   4279964.08
1994      75-79    1919218.25   1228193.50   3147411.75
1994      80-84    1372429.54    779441.59   2151871.13
1994      85-89     663660.69    324324.10    987984.79
1994      90-94     229504.52     91691.95    321196.47
1994      95-99      42297.75     13633.36     55931.11
1994     100-104      3708.77       931.00      4639.77
1994     105-109       149.00        34.01       183.01
1994     110+            6.00         0.00         6.00
1995       0        593794.87    625453.74   1219248.61
1995       1-4     2338191.76   2460834.55   4799026.31
1995       5-9     3242221.63   3408595.24   6650816.87
1995      10-14    3683141.96   3869743.71   7552885.67
1995      15-19    4255638.78   4477260.15   8732898.93
1995      20-24    4786340.39   4987391.13   9773731.52
1995      25-29    4206904.53   4333249.26   8540153.79
1995      30-34    3866206.81   3964777.80   7830984.61
1995      35-39    3862745.85   3934490.08   7797235.93
1995      40-44    4632791.74   4680084.28   9312876.02
1995      45-49    5030909.07   5058489.12  10089398.19
1995      50-54    4541120.27   4463661.38   9004781.65
1995      55-59    4004691.83   3864514.24   7869206.07
1995      60-64    3796775.39   3550790.44   7347565.83
1995      65-69    3336833.88   2921002.42   6257836.30
1995      70-74    2687320.33   1841214.16   4528534.49
1995      75-79    1946636.73   1227278.88   3173915.61
1995      80-84    1433630.35    810996.06   2244626.41
1995      85-89     721187.33    346783.97   1067971.30
1995      90-94     245856.40     96873.83    342730.23
1995      95-99      46817.83     14932.05     61749.88
1995     100-104      4239.85      1083.14      5322.99
1995     105-109       188.01        45.03       233.04
1995     110+            7.00         1.00         8.00
1996       0        577287.42    605893.25   1183180.67
1996       1-4     2322195.15   2441429.13   4763624.28
1996       5-9     3147725.99   3308573.06   6456299.05
1996      10-14    3607580.32   3786668.46   7394248.78
1996      15-19    4101259.33   4317356.60   8418615.93
1996      20-24    4774078.84   4978367.78   9752446.62
1996      25-29    4307584.92   4441201.23   8748786.15
1996      30-34    3918817.31   4023666.02   7942483.33
1996      35-39    3811731.32   3886815.77   7698547.09
1996      40-44    4383290.43   4436027.93   8819318.36
1996      45-49    5326569.85   5366345.67  10692915.52
1996      50-54    4418502.67   4345677.47   8764180.14
1996      55-59    4046653.18   3910359.00   7957012.18
1996      60-64    3865577.42   3619221.20   7484798.62
1996      65-69    3403491.18   3012437.99   6415929.17
1996      70-74    2773106.98   1978011.89   4751118.87
1996      75-79    2040459.73   1261152.04   3301611.77
1996      80-84    1488075.03    832559.01   2320634.04
1996      85-89     777755.33    367698.44   1145453.77
1996      90-94     263287.23    100664.98    363952.21
1996      95-99      51858.59     15799.14     67657.73
1996     100-104      4896.97      1263.35      6160.32
1996     105-109       198.00        32.00       230.00
1996     110+            8.00         1.00         9.00
1997       0        576997.26    608249.32   1185246.58
1997       1-4     2309509.58   2424758.91   4734268.49
1997       5-9     3070049.32   3224799.99   6294849.31
1997      10-14    3536553.42   3709306.84   7245860.26
1997      15-19    3956079.44   4163334.25   8119413.69
1997      20-24    4709832.88   4923827.40   9633660.28
1997      25-29    4517942.47   4660435.61   9178378.08
1997      30-34    3903416.44   4004413.69   7907830.13
1997      35-39    3790989.05   3867238.36   7658227.41
1997      40-44    4180380.82   4230131.51   8410512.33
1997      45-49    5492134.24   5522142.47  11014276.71
1997      50-54    4294882.19   4227624.66   8522506.85
1997      55-59    4133178.09   3992928.77   8126106.86
1997      60-64    3928221.91   3677972.61   7606194.52
1997      65-69    3476446.58   3094695.89   6571142.47
1997      70-74    2887682.20   2152134.24   5039816.44
1997      75-79    2118934.26   1285723.28   3404657.54
1997      80-84    1536299.55    853527.53   2389827.08
1997      85-89     850721.93    393315.15   1244037.08
1997      90-94     278199.00    105544.40    383743.40
1997      95-99      59770.08     17797.24     77567.32
1997     100-104      5733.94      1369.58      7103.52
1997     105-109       238.02        49.03       287.05
1997     110+           11.00         2.00        13.00
1998       0        580498.63    609997.26   1190495.89
1998       1-4     2299498.63   2415997.26   4715495.89
1998       5-9     3000791.77   3153295.89   6154087.66
1998      10-14    3453816.43   3623065.76   7076882.19
1998      15-19    3845315.06   4045569.86   7890884.92
1998      20-24    4578860.28   4799608.22   9378468.50
1998      25-29    4608923.28   4760917.81   9369841.09
1998      30-34    4019931.50   4124180.82   8144112.32
1998      35-39    3808484.93   3885983.55   7694468.48
1998      40-44    4007580.82   4055583.56   8063164.38
1998      45-49    5270205.49   5289210.96  10559416.45
1998      50-54    4487076.71   4431317.81   8918394.52
1998      55-59    4238427.40   4095931.51   8334358.91
1998      60-64    3960745.21   3709246.58   7669991.79
1998      65-69    3554446.58   3170704.11   6725150.69
1998      70-74    2985435.63   2319139.73   5304575.36
1998      75-79    2218175.34   1330208.22   3548383.56
1998      80-84    1583786.01    871791.15   2455577.16
1998      85-89     906092.47    413883.32   1319975.79
1998      90-94     310290.17    115240.26    425530.43
1998      95-99      67873.80     19686.71     87560.51
1998     100-104      6690.66      1539.86      8230.52
1998     105-109       287.04        44.02       331.06
1998     110+           11.00         1.00        12.00
1999       0        580005.48    610756.16   1190761.64
1999       1-4     2300252.05   2418252.07   4718504.12
1999       5-9     2946024.65   3093526.03   6039550.68
1999      10-14    3354323.27   3523326.03   6877649.30
1999      15-19    3755800.00   3949304.10   7705104.10
1999      20-24    4411876.71   4634627.40   9046504.11
1999      25-29    4710950.69   4873937.00   9584887.69
1999      30-34    4119432.88   4224432.87   8343865.75
1999      35-39    3829736.99   3908487.67   7738224.66
1999      40-44    3908030.14   3952531.51   7860561.65
1999      45-49    4953750.69   4965005.48   9918756.17
1999      50-54    4736586.30   4692830.13   9429416.43
1999      55-59    4364871.23   4214879.46   8579750.69
1999      60-64    3955030.13   3703276.72   7658306.85
1999      65-69    3625216.45   3232219.18   6857435.63
1999      70-74    3080183.57   2471164.38   5551347.95
1999      75-79    2331663.02   1402926.03   3734589.05
1999      80-84    1615951.29    879633.40   2495584.69
1999      85-89     961337.35    435513.05   1396850.40
1999      90-94     346086.42    126736.62    472823.04
1999      95-99      76222.47     21518.93     97741.40
1999     100-104      8031.30      1792.07      9823.37
1999     105-109       337.04        55.03       392.07
1999     110+            6.00         3.00         9.00
2000       0        571944.40    601754.92   1173699.32
2000       1-4     2295770.87   2411904.00   4707674.87
2000       5-9     2917996.51   3063558.21   5981554.72
2000      10-14    3247663.86   3411919.64   6659583.50
2000      15-19    3680802.99   3867461.91   7548264.90
2000      20-24    4214940.51   4432386.77   8647327.28
2000      25-29    4755166.28   4927812.74   9682979.02
2000      30-34    4204143.63   4312111.98   8516255.61
2000      35-39    3867400.47   3947735.79   7815136.26
2000      40-44    3860959.32   3906936.14   7767895.46
2000      45-49    4610448.83   4620352.60   9230801.43
2000      50-54    4986314.09   4952607.29   9938921.38
2000      55-59    4484125.58   4326405.82   8810531.40
2000      60-64    3933144.38   3688236.39   7621380.77
2000      65-69    3680057.39   3285685.41   6965742.80
2000      70-74    3169598.89   2588883.39   5758482.28
2000      75-79    2449085.83   1517301.01   3966386.84
2000      80-84    1649359.63    886558.62   2535918.25
2000      85-89    1015279.75    457279.29   1472559.04
2000      90-94     381591.32    136544.55    518135.87
2000      95-99      82810.38     22757.53    105567.91
2000     100-104      9062.97      1928.47     10991.44
2000     105-109       406.05        63.04       469.09
2000     110+            8.00         3.00        11.00
2001       0        566065.40    595993.51   1162058.91
2001       1-4     2287299.09   2398680.69   4685979.78
2001       5-9     2911740.14   3056919.06   5968659.20
2001      10-14    3148080.24   3306833.92   6454914.16
2001      15-19    3601293.85   3781998.37   7383292.22
2001      20-24    4008928.71   4214474.98   8223403.69
2001      25-29    4713451.01   4870843.89   9584294.90
2001      30-34    4303093.09   4423014.31   8726107.40
2001      35-39    3923932.51   4011457.32   7935389.83
2001      40-44    3811531.89   3868481.38   7680013.27
2001      45-49    4354168.51   4377407.67   8731576.18
2001      50-54    5269575.20   5245482.76  10515057.96
2001      55-59    4366339.14   4214933.63   8581272.77
2001      60-64    3989213.15   3753514.93   7742728.08
2001      65-69    3755014.44   3366908.19   7121922.63
2001      70-74    3238132.53   2681789.33   5919921.86
2001      75-79    2546105.65   1657567.61   4203673.26
2001      80-84    1738577.52    923243.30   2661820.82
2001      85-89    1070069.84    478381.34   1548451.18
2001      90-94     422899.90    148361.75    571261.65
2001      95-99      92140.66     24587.24    116727.90
2001     100-104     10494.13      2105.38     12599.51
2001     105-109       481.07        83.05       564.12
2001     110+           12.00         3.00        15.00
2002       0        566002.74    597753.42   1163756.16
2002       1-4     2279257.53   2394753.43   4674010.96
2002       5-9     2900254.79   3047257.53   5947512.32
2002      10-14    3070545.20   3227547.95   6298093.15
2002      15-19    3525802.74   3709304.12   7235106.86
2002      20-24    3888073.97   4099821.92   7987895.89
2002      25-29    4642345.21   4802594.52   9444939.73
2002      30-34    4521441.10   4648446.57   9169887.67
2002      35-39    3914161.65   3999917.81   7914079.46
2002      40-44    3795734.25   3856241.10   7651975.35
2002      45-49    4157378.08   4185128.78   8342506.86
2002      50-54    5435136.98   5407643.83  10842780.81
2002      55-59    4249391.78   4108383.56   8357775.34
2002      60-64    4080186.30   3843438.36   7923624.66
2002      65-69    3828967.13   3444717.81   7273684.94
2002      70-74    3313197.27   2763698.63   6076895.90
2002      75-79    2662432.88   1813901.37   4476334.25
2002      80-84    1816196.66    953929.12   2770125.78
2002      85-89    1118908.42    496099.94   1615008.36
2002      90-94     470475.07    161517.19    631992.26
2002      95-99     100521.93     26437.93    126959.86
2002     100-104     12486.04      2438.50     14924.54
2002     105-109       590.88        95.07       685.95
2002     110+           10.00         4.00        14.00
2003       0        558512.33    589263.01   1147775.34
2003       1-4     2266013.69   2386263.01   4652276.70
2003       5-9     2895249.32   3038750.69   5934000.01
2003      10-14    3006290.41   3159043.84   6165334.25
2003      15-19    3443068.49   3624819.17   7067887.66
2003      20-24    3785558.90   3998810.96   7784369.86
2003      25-29    4495117.80   4659109.59   9154227.39
2003      30-34    4612427.41   4732928.77   9345356.18
2003      35-39    4035682.19   4115180.82   8150863.01
2003      40-44    3819482.19   3872731.50   7692213.69
2003      45-49    3988328.77   4016076.71   8004405.48
2003      50-54    5210953.43   5175454.80  10386408.23
2003      55-59    4430578.09   4300572.61   8731150.70
2003      60-64    4175928.76   3935183.56   8111112.32
2003      65-69    3868490.41   3483739.71   7352230.12
2003      70-74    3390197.26   2837452.06   6227649.32
2003      75-79    2758687.67   1954909.60   4713597.27
2003      80-84    1905450.85    994376.02   2899826.87
2003      85-89    1168115.55    513326.83   1681442.38
2003      90-94     512225.83    173872.62    686098.45
2003      95-99     116572.50     30054.57    146627.07
2003     100-104     14606.76      2731.86     17338.62
2003     105-109       732.34       117.09       849.43
2003     110+           20.00         5.00        25.00
2004       0        543753.42    573005.48   1116758.90
2004       1-4     2244767.12   2365767.12   4610534.24
2004       5-9     2890515.07   3032265.75   5922780.82
2004      10-14    2955019.17   3103769.87   6058789.04
2004      15-19    3339827.39   3519331.51   6859158.90
2004      20-24    3703049.30   3913550.68   7616599.98
2004      25-29    4319876.72   4495619.18   8815495.90
2004      30-34    4706460.28   4827205.49   9533665.77
2004      35-39    4134682.18   4214435.61   8349117.79
2004      40-44    3844484.93   3897986.31   7742471.24
2004      45-49    3893523.29   3921778.08   7815301.37
2004      50-54    4898246.57   4862493.16   9760739.73
2004      55-59    4676342.48   4554336.99   9230679.47
2004      60-64    4299624.66   4048638.36   8348263.02
2004      65-69    3870024.66   3488767.12   7358791.78
2004      70-74    3461463.01   2902964.39   6364427.40
2004      75-79    2850435.62   2080926.03   4931361.65
2004      80-84    2009436.63   1058617.86   3068054.49
2004      85-89    1203253.22    523189.31   1726442.53
2004      90-94     552878.32    186107.92    738986.24
2004      95-99     132545.46     33728.53    166273.99
2004     100-104     16750.44      3027.97     19778.41
2004     105-109       900.76       134.08      1034.84
2004     110+           23.00         0.00        23.00
2005       0        533075.77    558924.19   1091999.96
2005       1-4     2216105.68   2333712.51   4549818.19
2005       5-9     2872315.12   3013975.31   5886290.43
2005      10-14    2928428.30   3075964.58   6004392.88
2005      15-19    3231301.10   3407515.77   6638816.87
2005      20-24    3610102.61   3811181.38   7421283.99
2005      25-29    4127502.23   4298471.28   8425973.51
2005      30-34    4740366.47   4867433.29   9607799.76
2005      35-39    4214855.66   4294964.62   8509820.28
2005      40-44    3879696.15   3934992.82   7814688.97
2005      45-49    3851500.08   3873351.98   7724852.06
2005      50-54    4563725.32   4532737.06   9096462.38
2005      55-59    4922652.16   4809885.02   9732537.18
2005      60-64    4419124.10   4160538.99   8579663.09
2005      65-69    3849388.95   3484149.63   7333538.58
2005      70-74    3522419.41   2963283.53   6485702.94
2005      75-79    2939769.18   2183250.12   5123019.30
2005      80-84    2118982.11   1147725.82   3266707.93
2005      85-89    1240556.32    536767.87   1777324.19
2005      90-94     596372.22    200421.78    796794.00
2005      95-99     151090.37     37394.81    188485.18
2005     100-104     18591.93      3353.08     21945.01
2005     105-109      1066.18       132.46      1198.64
2005     110+           23.00         0.00        23.00
2006       0        514663.56    538445.46   1053109.02
2006       1-4     2173769.96   2280564.10   4454334.06
2006       5-9     2865685.78   3010668.11   5876353.89
2006      10-14    2910242.87   3057345.23   5967588.10
2006      15-19    3142256.59   3319667.36   6461923.95
2006      20-24    3484759.84   3666667.98   7151427.82
2006      25-29    3931411.93   4065206.02   7996617.95
2006      30-34    4695812.71   4829512.57   9525325.28
2006      35-39    4295940.93   4393786.94   8689727.87
2006      40-44    3922280.16   3989192.77   7911472.93
2006      45-49    3795880.57   3817168.87   7613049.44
2006      50-54    4321529.94   4296565.25   8618095.19
2006      55-59    5215368.58   5111595.85  10326964.43
2006      60-64    4313118.36   4080663.65   8393782.01
2006      65-69    3891656.23   3551248.21   7442904.44
2006      70-74    3604619.58   3049963.93   6654583.51
2006      75-79    3014412.44   2266622.24   5281034.68
2006      80-84    2211787.84   1247777.87   3459565.71
2006      85-89    1318587.28    563147.11   1881734.39
2006      90-94     634472.29    210764.21    845236.50
2006      95-99     168540.96     40641.42    209182.38
2006     100-104     21050.75      3557.14     24607.89
2006     105-109      1207.07       143.31      1350.38
2006     110+           17.00         2.00        19.00
2007       0        523246.58    551246.58   1074493.16
2007       1-4     2126276.71   2231027.40   4357304.11
2007       5-9     2855016.43   3004265.76   5859282.19
2007      10-14    2903257.54   3052260.28   5955517.82
2007      15-19    3071797.26   3240052.06   6311849.32
2007      20-24    3447783.56   3645528.77   7093312.33
2007      25-29    3795832.87   3937079.45   7732912.32
2007      30-34    4613597.27   4757347.95   9370945.22
2007      35-39    4504202.74   4620197.27   9124400.01
2007      40-44    3908673.97   3983167.13   7891841.10
2007      45-49    3781490.41   3812986.31   7594476.72
2007      50-54    4127879.46   4113375.34   8241254.80
2007      55-59    5380632.88   5273386.30  10654019.18
2007      60-64    4196389.04   3976635.61   8173024.65
2007      65-69    3988424.66   3650679.45   7639104.11
2007      70-74    3679216.44   3132210.97   6811427.41
2007      75-79    3088197.26   2343200.01   5431397.27
2007      80-84    2324186.31   1371421.93   3695608.24
2007      85-89    1387495.85    587681.36   1975177.21
2007      90-94     669060.82    220593.92    889654.74
2007      95-99     190107.73     44727.83    234835.56
2007     100-104     22977.59      3899.47     26877.06
2007     105-109      1419.57       158.22      1577.79
2007     110+           27.80         3.00        30.80
2008       0        527721.02    555814.01   1083535.03
2008       1-4     2092167.78   2196136.62   4288304.40
2008       5-9     2826330.06   2975680.10   5802010.16
2008      10-14    2895028.67   3040771.38   5935800.05
2008      15-19    3004865.08   3165918.67   6170783.75
2008      20-24    3391719.96   3594653.15   6986373.11
2008      25-29    3681739.65   3829426.52   7511166.17
2008      30-34    4460660.55   4604308.52   9064969.07
2008      35-39    4577926.01   4702072.62   9279998.63
2008      40-44    4014057.91   4097288.02   8111345.93
2008      45-49    3795809.28   3834115.22   7629924.50
2008      50-54    3956741.88   3947612.00   7904353.88
2008      55-59    5160345.84   5050260.59  10210606.43
2008      60-64    4377490.57   4162586.05   8540076.62
2008      65-69    4096652.03   3752104.78   7848756.81
2008      70-74    3719006.24   3180884.83   6899891.07
2008      75-79    3164599.65   2414492.44   5579092.09
2008      80-84    2416001.81   1483218.72   3899220.53
2008      85-89    1462983.72    618130.06   2081113.78
2008      90-94     703400.50    230839.45    934239.95
2008      95-99     209019.23     48993.29    258012.52
2008     100-104     27289.21      4532.38     31821.59
2008     105-109      1718.97       190.41      1909.38
2008     110+           36.23         3.00        39.23
2009       0        527425.78    555705.78   1083131.56
2009       1-4     2076715.97   2181370.09   4258086.06
2009       5-9     2782933.21   2928732.33   5711665.54
2009      10-14    2890847.97   3035823.95   5926671.92
2009      15-19    2950743.98   3105140.91   6055884.89
2009      20-24    3310065.84   3512116.71   6822182.55
2009      25-29    3597316.77   3755143.89   7352460.66
2009      30-34    4272234.09   4416935.80   8689169.89
2009      35-39    4657172.42   4790123.48   9447295.90
2009      40-44    4102046.23   4190243.26   8292289.49
2009      45-49    3811697.10   3858878.56   7670575.66
2009      50-54    3858512.35   3852378.81   7710891.16
2009      55-59    4846915.78   4742409.77   9589325.55
2009      60-64    4612558.32   4402349.98   9014908.30
2009      65-69    4219791.40   3864653.20   8084444.60
2009      70-74    3720065.46   3194962.99   6915028.45
2009      75-79    3233666.36   2477327.05   5710993.41
2009      80-84    2504625.28   1583314.14   4087939.42
2009      85-89    1548053.30    660346.61   2208399.91
2009      90-94     727897.44    237084.54    964981.98
2009      95-99     227730.90     52987.83    280718.73
2009     100-104     31475.39      5059.81     36535.20
2009     105-109      2046.34       194.49      2240.83
2009     110+           45.61         3.00        48.61
2010       0        519889.59    547756.54   1067646.13
2010       1-4     2076629.30   2184841.98   4261471.28
2010       5-9     2733985.74   2872720.34   5606706.08
2010      10-14    2874213.84   3019938.78   5894152.62
2010      15-19    2921898.37   3073272.01   5995170.38
2010      20-24    3216094.96   3412825.27   6628920.23
2010      25-29    3540754.34   3707941.04   7248695.38
2010      30-34    4084464.17   4225584.41   8310048.58
2010      35-39    4696091.95   4836737.89   9532829.84
2010      40-44    4178834.50   4272491.79   8451326.29
2010      45-49    3847918.46   3902294.03   7750212.49
2010      50-54    3814420.97   3809713.97   7624134.94
2010      55-59    4516310.71   4423368.98   8939679.69
2010      60-64    4852501.96   4644897.90   9497399.86
2010      65-69    4335979.27   3962403.74   8298383.01
2010      70-74    3703784.13   3193450.40   6897234.53
2010      75-79    3290931.43   2534514.06   5825445.49
2010      80-84    2586038.94   1662095.28   4248134.22
2010      85-89    1634968.27    720529.38   2355497.65
2010      90-94     756840.32    246712.51   1003552.83
2010      95-99     248481.30     58200.88    306682.18
2010     100-104     36685.01      5864.34     42549.35
2010     105-109      2287.69       237.54      2525.23
2010     110+           32.40         1.40        33.80
