##Japan,  Population size (5-year)     Last modified: 15-Dec-2010, MPv5 (May07)

1956 1680088.47 7373024.70 11080720.58 9311614.84 8597045.99 8386986.92 7602305.57 6157080.62 5089256.49 4920512.20 4382764.65 3821098.90 3219236.18 2515580.55 1973057.03 1388981.52 880908.58 378389.77 108583.07 21349.42 2032.00 130.00 15.00 3.00
1957 1610155.27 7009816.92 11383405.31 9037193.14 8728561.16 8468019.36 7757992.99 6508995.47 5163771.56 4948786.18 4535729.30 3811519.69 3333259.15 2610448.59 2011745.79 1389871.65 897520.25 410220.46 112768.21 22533.46 1974.00 133.00 14.00 3.00
1958 1520711.75 6708536.65 10910990.23 9414656.17 8907961.30 8476378.67 7911721.77 6831191.40 5309563.67 4934421.12 4620072.49 3871674.68 3444194.34 2685382.42 2046526.35 1417011.35 907273.27 426154.52 117796.45 22940.42 1955.98 132.00 7.00 1.00
1959 1599021.39 6443886.53 10229148.81 9937256.78 9143780.99 8388186.40 8031626.22 7127446.60 5535306.75 4900676.46 4694953.09 3953760.52 3531507.41 2779808.80 2076615.75 1464701.11 926498.93 447592.96 130189.19 26023.30 2189.97 153.00 3.00 1.00
1960 1585750.67 6318958.55 9518273.19 10465237.42 9379150.68 8271659.07 8104830.39 7359210.65 5824838.11 4877707.58 4755730.43 4087706.22 3594535.94 2852377.23 2111976.25 1525081.23 943266.41 466436.83 142814.00 27224.92 2587.96 149.00 6.00 1.00
1961 1558830.17 6207121.74 9014949.29 11060985.04 9133585.88 8317699.92 8200364.39 7521435.26 6083546.76 5000063.21 4797454.93 4221215.56 3614963.04 2947901.01 2178539.39 1569052.11 951608.68 478202.44 152661.53 27480.29 3004.94 140.00 7.00 1.00
1962 1554579.07 6183432.87 8573477.07 11351694.19 8876908.33 8507436.99 8305504.68 7689747.59 6438217.18 5078229.63 4832111.28 4372029.56 3604716.79 3059640.88 2265919.91 1603527.59 954678.10 490186.81 164945.26 28655.25 3197.90 147.00 10.00 1.00
1963 1583982.37 6220259.03 8198490.32 10878364.14 9259843.84 8724675.57 8359084.86 7862227.39 6766687.72 5227396.91 4825809.47 4453418.99 3671321.55 3165368.58 2337533.77 1636054.54 977286.55 498420.67 170584.45 30179.39 3155.83 133.98 9.00 1.00
1964 1627383.11 6242938.67 7980354.65 10212286.85 9774552.27 8965933.22 8331497.47 8008713.11 7072462.96 5455357.44 4799574.92 4528698.14 3758990.68 3244182.84 2425185.94 1666074.97 1016777.10 515261.24 179194.30 33844.15 3711.72 139.97 7.00 1.00
1965 1682549.29 6279181.00 7878719.51 9507627.55 10306331.22 9177292.18 8274283.40 8118555.00 7321097.43 5747113.11 4783470.54 4596216.76 3891372.47 3301696.67 2492625.31 1701910.38 1065631.86 525516.69 188116.67 37170.79 3876.33 167.96 7.00 1.00
1966 1738655.60 6388407.78 7774452.51 8995265.12 10917119.24 8908745.82 8351960.10 8246658.45 7500308.50 6011709.08 4904033.08 4643336.70 4022229.45 3326540.93 2580405.22 1760883.98 1100701.26 530917.83 192410.66 39266.97 3953.68 200.93 4.00 1.00
1967 1361811.03 6565278.76 7747676.92 8550397.62 11226340.59 8684414.17 8505525.58 8346504.50 7656244.15 6370815.00 4983371.86 4678141.29 4165250.62 3335684.29 2691829.21 1839934.81 1132844.46 546560.94 200809.65 43585.45 4266.60 221.90 4.00 1.00
1968 1896888.27 6386245.04 7800237.35 8184753.50 10751681.09 9103262.57 8701458.89 8390771.65 7817924.41 6688361.23 5142543.52 4668980.12 4251628.87 3410723.24 2801233.85 1911238.55 1167882.22 563941.04 208191.14 46283.46 4671.45 239.82 2.98 1.00
1969 1843323.23 6665163.72 7856384.97 7979987.33 10077523.42 9636439.46 8945291.56 8351838.58 7962877.86 6967849.58 5378002.22 4648374.07 4329095.28 3492050.03 2886849.99 1993548.36 1196766.49 592590.30 216639.86 48570.62 5295.45 298.56 5.97 1.00
1970 1864039.11 6820309.16 7950316.48 7883519.44 9384224.93 10151220.62 9179154.68 8284837.81 8073142.16 7184753.52 5669342.64 4651098.90 4384708.32 3619464.97 2946444.21 2061124.63 1232042.70 629859.89 223002.57 51574.79 5905.25 328.06 11.96 1.00
1971 1874585.68 6993448.27 8069455.69 7785994.76 8894623.37 10737159.61 8931173.87 8364243.22 8200928.17 7350919.55 5928240.01 4792881.50 4418157.24 3752823.63 2971095.74 2152785.71 1283679.45 653532.82 228532.53 53481.31 6417.18 347.07 13.93 0.00
1972 1999722.98 7440240.26 8143250.12 7873047.91 8584036.49 11153071.56 8758765.06 8596075.86 8380768.71 7597792.49 6316856.42 4915761.50 4509189.27 3938506.47 3016087.22 2277305.42 1366208.27 677164.48 241053.66 57776.30 7382.41 413.05 11.00 0.00
1973 2019968.27 7605716.85 8390948.88 7922425.09 8235765.37 10721627.27 9181432.99 8804944.44 8434783.81 7796951.33 6630329.50 5070284.39 4529164.21 4043552.07 3099159.62 2378859.51 1437841.59 713863.62 254227.06 61313.45 8146.58 513.11 14.00 2.00
1974 2067033.46 7784219.72 8598066.87 7979025.63 8042539.06 10087275.50 9722388.52 9064689.97 8402949.38 7964713.71 6927520.30 5295862.19 4531719.49 4135922.56 3194330.03 2460961.49 1513087.56 738454.67 271094.53 64280.10 8485.67 554.10 18.00 2.00
1975 2003522.77 7959839.73 8785690.22 8071642.50 7968088.27 9406018.91 10260041.25 9319782.01 8340757.15 8083822.39 7184041.03 5579688.36 4537841.10 4217843.01 3332120.12 2526066.58 1578545.88 769242.68 290111.12 66314.67 8770.70 565.10 23.00 2.00
1976 1895177.49 8022337.13 9013564.40 8194339.73 7880628.86 8905718.38 10876787.18 9081360.83 8420196.02 8221415.55 7374406.30 5837877.40 4668056.22 4280079.92 3478152.13 2570374.72 1661150.47 813683.08 305174.67 68738.32 9143.61 553.06 21.00 2.00
1977 1817226.95 7943966.51 9456977.44 8162536.28 7849320.35 8492647.00 11201371.59 8821385.67 8587146.72 8325248.68 7545612.52 6181344.04 4757551.52 4328723.65 3627919.76 2597986.89 1752203.18 866788.73 313316.57 72604.02 9633.84 653.10 22.00 1.00
1978 1740384.70 7738387.88 9642826.78 8410610.76 7898944.93 8150583.91 10734333.09 9221325.00 8797455.63 8372685.93 7714426.40 6501305.99 4912724.19 4339231.70 3729665.24 2684916.36 1843454.13 922136.67 336458.57 77677.24 10611.15 701.10 26.00 1.00
1979 1693313.49 7427998.74 9847866.55 8618941.76 7957812.49 7955940.88 10077301.70 9736701.29 9052077.61 8334733.72 7857051.02 6799302.92 5136720.99 4329446.47 3826417.10 2780323.06 1922280.94 989485.23 356488.54 85888.35 11675.56 783.15 22.00 2.00
1980 1625423.18 7114096.67 9962767.80 8808404.74 8059318.08 7869906.29 9382257.79 10252747.77 9294288.97 8266312.28 7962176.92 7041389.26 5418658.40 4331337.74 3908281.44 2914944.42 1989491.05 1047481.91 382218.75 96501.56 12677.87 901.17 25.00 1.00
1981 1572317.53 6824327.83 9938176.10 9039462.83 8186690.24 7780249.40 8875225.76 10857335.59 9041242.93 8339466.37 8093339.48 7217769.51 5669494.67 4463676.41 3965693.73 3052905.00 2035416.18 1103626.97 411561.25 102166.79 13362.35 943.19 29.00 1.00
1982 1519928.74 6589856.45 9765379.94 9484353.43 8153422.22 7766424.18 8458295.29 11183005.80 8783986.45 8509896.07 8205482.20 7389098.42 6003196.25 4559367.95 4023407.34 3199492.21 2073330.71 1178723.53 445611.10 107076.82 14538.08 1065.23 27.00 2.00
1983 1506172.57 6378309.48 9470647.12 9669209.77 8405924.48 7822438.68 8116362.61 10718241.43 9185186.10 8725756.74 8258254.45 7552163.30 6320095.00 4716941.64 4046719.47 3308736.55 2163078.14 1255351.49 483521.60 119071.32 16167.93 1188.31 44.00 1.00
1984 1499212.95 6201144.04 9102888.51 9870647.29 8623315.39 7878427.80 7926030.03 10064470.83 9702062.43 8981741.53 8226489.78 7692461.84 6610087.13 4937631.49 4048056.38 3410286.91 2259093.35 1316311.64 525678.13 128443.36 18417.12 1320.36 54.00 1.00
1985 1475689.75 6075745.95 8724652.94 9979041.38 8823883.74 7975039.93 7842115.36 9377102.21 10218412.28 9222588.45 8163678.62 7798494.13 6846290.65 5213434.42 4058784.68 3500482.12 2387563.53 1370491.19 563488.44 140175.74 21189.52 1479.45 64.00 1.00
1986 1421097.59 5965199.03 8402065.04 9947786.49 9047194.63 8103904.17 7741759.61 8880115.47 10820354.24 8974228.90 8238298.47 7936326.54 7017160.40 5459631.66 4195273.09 3566752.75 2520687.56 1425495.11 602822.76 155111.48 23044.70 1599.52 63.00 3.00
1987 1375595.47 5873549.47 8110746.80 9774896.21 9458372.76 8064674.34 7702840.27 8459049.94 11144984.74 8722143.63 8409691.18 8053333.39 7189453.17 5782854.58 4297060.40 3631405.33 2657567.92 1453636.69 655589.71 171637.32 24806.03 1851.57 65.00 2.00
1988 1339676.83 5747385.54 7882217.99 9480883.79 9629859.93 8289901.67 7739403.04 8108028.94 10681696.20 9124639.47 8625057.14 8111668.22 7356485.34 6089561.20 4454800.30 3665145.29 2767568.84 1541404.82 709187.89 190749.61 28336.66 2231.66 83.00 1.00
1989 1304500.51 5587629.85 7697850.97 9116093.20 9831984.48 8467581.58 7778425.60 7903699.36 10029318.06 9643073.74 8878792.87 8086219.77 7500081.53 6373078.64 4668618.56 3675581.14 2868500.18 1633211.85 751384.85 210451.36 31282.94 2530.81 112.00 3.00
1990 1243598.55 5406735.44 7551355.98 8741074.18 9954219.58 8629766.17 7847136.86 7805428.28 9340391.59 10160450.62 9120103.32 8026710.04 7610718.57 6607610.85 4933351.76 3696101.26 2961675.40 1743925.58 791029.07 228945.49 35163.05 2934.99 114.00 7.00
1991 1210975.71 5221828.93 7399506.95 8419769.80 9927506.12 8853262.78 7944435.14 7696618.29 8841138.41 10759687.97 8879131.91 8107878.82 7746887.08 6776994.03 5170539.36 3830175.09 3032577.48 1851896.49 829912.97 246476.03 39639.74 3162.15 110.00 7.00
1992 1217233.51 5074198.81 7243347.66 8125387.41 9744164.01 9300027.80 7916407.27 7657785.10 8429739.18 11087246.60 8639268.96 8283926.85 7867914.81 6940935.82 5481913.02 3929744.83 3098050.17 1982353.26 853848.59 272362.65 44136.81 3470.39 135.02 4.00
1993 1203517.33 4960903.50 7071282.68 7893660.56 9449773.55 9483312.08 8158142.96 7699118.66 8084904.75 10635314.20 9043779.29 8505053.68 7931083.36 7102310.05 5770075.43 4080447.88 3130648.46 2068942.54 917545.72 297682.91 49766.49 4058.57 141.01 6.00
1994 1183859.04 4870635.71 6867832.87 7705296.11 9094035.14 9672176.75 8361099.38 7747413.85 7886690.09 9994587.08 9564586.21 8762387.68 7915359.58 7239497.76 6035824.49 4279964.08 3147411.75 2151871.13 987984.79 321196.47 55931.11 4639.77 183.01 6.00
1995 1219248.61 4799026.31 6650816.87 7552885.67 8732898.93 9773731.52 8540153.79 7830984.61 7797235.93 9312876.02 10089398.19 9004781.65 7869206.07 7347565.83 6257836.30 4528534.49 3173915.61 2244626.41 1067971.30 342730.23 61749.88 5322.99 233.04 8.00
1996 1183180.67 4763624.28 6456299.05 7394248.78 8418615.93 9752446.62 8748786.15 7942483.33 7698547.09 8819318.36 10692915.52 8764180.14 7957012.18 7484798.62 6415929.17 4751118.87 3301611.77 2320634.04 1145453.77 363952.21 67657.73 6160.32 230.00 9.00
1997 1185246.58 4734268.49 6294849.31 7245860.26 8119413.69 9633660.28 9178378.08 7907830.13 7658227.41 8410512.33 11014276.71 8522506.85 8126106.86 7606194.52 6571142.47 5039816.44 3404657.54 2389827.08 1244037.08 383743.40 77567.32 7103.52 287.05 13.00
1998 1190495.89 4715495.89 6154087.66 7076882.19 7890884.92 9378468.50 9369841.09 8144112.32 7694468.48 8063164.38 10559416.45 8918394.52 8334358.91 7669991.79 6725150.69 5304575.36 3548383.56 2455577.16 1319975.79 425530.43 87560.51 8230.52 331.06 12.00
1999 1190761.64 4718504.12 6039550.68 6877649.30 7705104.10 9046504.11 9584887.69 8343865.75 7738224.66 7860561.65 9918756.17 9429416.43 8579750.69 7658306.85 6857435.63 5551347.95 3734589.05 2495584.69 1396850.40 472823.04 97741.40 9823.37 392.07 9.00
2000 1173699.32 4707674.87 5981554.72 6659583.50 7548264.90 8647327.28 9682979.02 8516255.61 7815136.26 7767895.46 9230801.43 9938921.38 8810531.40 7621380.77 6965742.80 5758482.28 3966386.84 2535918.25 1472559.04 518135.87 105567.91 10991.44 469.09 11.00
2001 1162058.91 4685979.78 5968659.20 6454914.16 7383292.22 8223403.69 9584294.90 8726107.40 7935389.83 7680013.27 8731576.18 10515057.96 8581272.77 7742728.08 7121922.63 5919921.86 4203673.26 2661820.82 1548451.18 571261.65 116727.90 12599.51 564.12 15.00
2002 1163756.16 4674010.96 5947512.32 6298093.15 7235106.86 7987895.89 9444939.73 9169887.67 7914079.46 7651975.35 8342506.86 10842780.81 8357775.34 7923624.66 7273684.94 6076895.90 4476334.25 2770125.78 1615008.36 631992.26 126959.86 14924.54 685.95 14.00
2003 1147775.34 4652276.70 5934000.01 6165334.25 7067887.66 7784369.86 9154227.39 9345356.18 8150863.01 7692213.69 8004405.48 10386408.23 8731150.70 8111112.32 7352230.12 6227649.32 4713597.27 2899826.87 1681442.38 686098.45 146627.07 17338.62 849.43 25.00
2004 1116758.90 4610534.24 5922780.82 6058789.04 6859158.90 7616599.98 8815495.90 9533665.77 8349117.79 7742471.24 7815301.37 9760739.73 9230679.47 8348263.02 7358791.78 6364427.40 4931361.65 3068054.49 1726442.53 738986.24 166273.99 19778.41 1034.84 23.00
2005 1091999.96 4549818.19 5886290.43 6004392.88 6638816.87 7421283.99 8425973.51 9607799.76 8509820.28 7814688.97 7724852.06 9096462.38 9732537.18 8579663.09 7333538.58 6485702.94 5123019.30 3266707.93 1777324.19 796794.00 188485.18 21945.01 1198.64 23.00
2006 1053109.02 4454334.06 5876353.89 5967588.10 6461923.95 7151427.82 7996617.95 9525325.28 8689727.87 7911472.93 7613049.44 8618095.19 10326964.43 8393782.01 7442904.44 6654583.51 5281034.68 3459565.71 1881734.39 845236.50 209182.38 24607.89 1350.38 19.00

##END Japan,  Population size (5-year)     Last modified: 15-Dec-2010, MPv5 (May07)
