##Norway, Death rates (period 5x1)     Last modified: 25-Jun-2010, MPv5 (May07)

1956 0.020192 0.001559 0.000516 0.000367 0.000642 0.000832 0.000867 0.001066 0.001365 0.002034 0.003288 0.005454 0.008430 0.013716 0.022215 0.038817 0.066388 0.109310 0.175710 0.288646 0.412975 0.365123 0.000000 .
1957 0.019243 0.001454 0.000530 0.000418 0.000721 0.000870 0.000980 0.001102 0.001451 0.002190 0.003471 0.005229 0.008534 0.013913 0.022404 0.038140 0.065973 0.110278 0.182071 0.277644 0.426852 0.565130 0.387097 .
1958 0.019055 0.001442 0.000489 0.000346 0.000565 0.000934 0.000932 0.001021 0.001400 0.002176 0.003466 0.005521 0.008681 0.013986 0.022583 0.039216 0.066733 0.111520 0.181314 0.296045 0.395320 0.388664 0.491803 .
1959 0.017975 0.001208 0.000534 0.000416 0.000718 0.000848 0.000943 0.001119 0.001384 0.002333 0.003305 0.005209 0.008637 0.014372 0.023574 0.038139 0.064856 0.108863 0.179554 0.285931 0.446620 0.621145 0.412214 .
1960 0.017926 0.001371 0.000521 0.000339 0.000646 0.000826 0.000917 0.001087 0.001536 0.002000 0.003149 0.004915 0.008671 0.014301 0.023528 0.038623 0.067007 0.111841 0.182466 0.282527 0.444488 0.495808 0.573248 .
1961 0.017470 0.001149 0.000474 0.000332 0.000683 0.000890 0.000799 0.001133 0.001496 0.002237 0.003273 0.005288 0.008739 0.014707 0.022691 0.039393 0.065026 0.114399 0.185604 0.287737 0.433192 0.608506 0.989011 .
1962 0.017169 0.001157 0.000481 0.000356 0.000661 0.000846 0.000853 0.001045 0.001617 0.002136 0.003305 0.005552 0.008853 0.014566 0.023941 0.040256 0.065952 0.113468 0.186024 0.294950 0.440418 0.622642 0.580645 .
1963 0.016415 0.001205 0.000474 0.000368 0.000657 0.000705 0.000830 0.000952 0.001454 0.002226 0.003328 0.005489 0.009415 0.014690 0.024935 0.043261 0.073536 0.124266 0.199192 0.310337 0.465639 0.522388 0.763636 .
1964 0.016425 0.001206 0.000498 0.000294 0.000634 0.000728 0.000786 0.001042 0.001470 0.002124 0.003320 0.005371 0.008575 0.014789 0.024259 0.039298 0.068239 0.114565 0.182896 0.269793 0.411178 0.563380 0.857143 .
1965 0.016273 0.001043 0.000512 0.000369 0.000601 0.000750 0.000844 0.000995 0.001466 0.002338 0.003393 0.005549 0.008781 0.014595 0.023293 0.039302 0.065213 0.112193 0.176787 0.270508 0.382067 0.622222 2.000000 .
1966 0.013717 0.001068 0.000445 0.000309 0.000657 0.000686 0.000805 0.000907 0.001335 0.002088 0.003448 0.005371 0.008819 0.014404 0.023874 0.039733 0.065046 0.111857 0.180114 0.285958 0.430375 0.456376 0.240000 .
1967 0.014044 0.000959 0.000412 0.000371 0.000640 0.000673 0.000773 0.000968 0.001447 0.002136 0.003412 0.005562 0.008603 0.014314 0.024355 0.038731 0.065347 0.106837 0.173005 0.268473 0.413260 0.596985 0.580645 .
1968 0.013162 0.000955 0.000441 0.000289 0.000675 0.000776 0.000715 0.000957 0.001390 0.002316 0.003491 0.005435 0.008786 0.014630 0.024141 0.040206 0.066994 0.111734 0.176465 0.269690 0.378422 0.643094 0.967742 .
1969 0.013346 0.000944 0.000436 0.000360 0.000758 0.000802 0.000823 0.001036 0.001392 0.002289 0.003757 0.005562 0.009237 0.015158 0.025111 0.041145 0.067394 0.110617 0.174739 0.265179 0.382084 0.679380 1.680000 .
1970 0.012118 0.000896 0.000418 0.000276 0.000694 0.000752 0.000694 0.001018 0.001451 0.002306 0.003620 0.005566 0.009039 0.014247 0.024133 0.040058 0.065239 0.110670 0.175375 0.269207 0.380568 0.591045 0.600000 .
1971 0.012452 0.000893 0.000443 0.000332 0.000678 0.000753 0.000772 0.001058 0.001550 0.002179 0.003451 0.005381 0.008753 0.014069 0.022760 0.040037 0.065199 0.109115 0.176980 0.268095 0.396026 0.584958 0.400000 .
1972 0.011331 0.000823 0.000431 0.000314 0.000711 0.000802 0.000740 0.001006 0.001394 0.002063 0.003549 0.005318 0.008849 0.014021 0.023465 0.039151 0.063774 0.109182 0.176402 0.267850 0.383261 0.442822 0.571429 .
1973 0.011162 0.000842 0.000401 0.000297 0.000747 0.000691 0.000783 0.000948 0.001413 0.002019 0.003310 0.005647 0.008831 0.013855 0.022474 0.038828 0.065570 0.108344 0.176143 0.272160 0.390762 0.514535 0.612245 .
1974 0.009949 0.000796 0.000432 0.000279 0.000732 0.000798 0.000702 0.000930 0.001300 0.002093 0.003548 0.005523 0.008573 0.013908 0.021955 0.037629 0.061946 0.105261 0.169598 0.264709 0.377363 0.589124 1.636364 .
1975 0.010212 0.000786 0.000329 0.000379 0.000728 0.000760 0.000798 0.000760 0.001222 0.002074 0.003378 0.005542 0.008574 0.013965 0.022259 0.036783 0.062419 0.106204 0.168458 0.257648 0.376259 0.491672 1.200000 .
1976 0.009657 0.000797 0.000302 0.000285 0.000649 0.000744 0.000738 0.000921 0.001259 0.001728 0.003220 0.005629 0.008621 0.014215 0.021832 0.036433 0.060080 0.103068 0.170671 0.263325 0.382299 0.485166 1.111111 .
1977 0.008655 0.000569 0.000333 0.000279 0.000677 0.000720 0.000655 0.000830 0.001289 0.001920 0.003428 0.005595 0.008588 0.013012 0.021591 0.035410 0.060250 0.099102 0.162822 0.248267 0.371975 0.506812 1.255814 .
1978 0.008438 0.000630 0.000319 0.000244 0.000621 0.000788 0.000658 0.000815 0.001198 0.001900 0.003445 0.005181 0.008540 0.013519 0.021453 0.035559 0.060402 0.100122 0.164144 0.249353 0.352075 0.528261 1.153846 .
1979 0.008363 0.000564 0.000299 0.000249 0.000626 0.000739 0.000744 0.000779 0.001201 0.002002 0.003247 0.005579 0.008405 0.013717 0.021857 0.035038 0.060496 0.101833 0.159776 0.260157 0.388399 0.551987 1.333333 .
1980 0.007707 0.000531 0.000244 0.000248 0.000672 0.000827 0.000746 0.000908 0.001196 0.001849 0.003197 0.005292 0.008164 0.013665 0.021739 0.034464 0.057976 0.098423 0.156544 0.248638 0.355540 0.489407 0.434783 .
1981 0.007081 0.000585 0.000253 0.000224 0.000617 0.000756 0.000613 0.000728 0.001162 0.001826 0.003243 0.005244 0.008425 0.013212 0.021207 0.034564 0.056293 0.098790 0.162173 0.261039 0.379855 0.504615 0.606742 .
1982 0.007636 0.000637 0.000200 0.000276 0.000688 0.000767 0.000686 0.000714 0.001190 0.001965 0.003042 0.005083 0.008304 0.013094 0.021208 0.033585 0.055900 0.093246 0.152876 0.240482 0.358531 0.433526 0.275229 .
1983 0.007343 0.000601 0.000248 0.000214 0.000652 0.000744 0.000709 0.000825 0.001080 0.001769 0.003115 0.005338 0.008319 0.013108 0.020620 0.034043 0.054799 0.091869 0.155684 0.252225 0.378010 0.450466 0.431373 .
1984 0.007824 0.000658 0.000187 0.000174 0.000594 0.000721 0.000646 0.000804 0.001112 0.001732 0.003125 0.004753 0.008234 0.012835 0.020538 0.033603 0.054375 0.092112 0.155342 0.251687 0.375224 0.514431 0.745562 6.000000
1985 0.008030 0.000619 0.000239 0.000225 0.000671 0.000739 0.000723 0.000889 0.001168 0.001944 0.003050 0.005168 0.007971 0.013068 0.020126 0.034702 0.057212 0.092745 0.159126 0.260053 0.420607 0.668442 0.760563 .
1986 0.008395 0.000376 0.000223 0.000259 0.000766 0.000793 0.000656 0.000826 0.001220 0.001816 0.003292 0.005192 0.008547 0.013568 0.020604 0.034183 0.054657 0.088891 0.144985 0.230947 0.333620 0.416999 0.654545 0.000000
1987 0.008851 0.000394 0.000187 0.000179 0.000661 0.000798 0.000747 0.000904 0.001169 0.001918 0.003071 0.005394 0.008677 0.013734 0.021337 0.034702 0.055486 0.090508 0.145327 0.230550 0.343413 0.425498 0.679245 1.000000
1988 0.009055 0.000364 0.000212 0.000185 0.000596 0.000758 0.000699 0.000853 0.001214 0.001931 0.003315 0.005092 0.008472 0.013780 0.020504 0.034421 0.055360 0.089739 0.148776 0.227124 0.351703 0.491803 0.528000 0.000000
1989 0.008310 0.000354 0.000169 0.000200 0.000625 0.000696 0.000614 0.000955 0.001219 0.001903 0.002891 0.004847 0.008312 0.013430 0.020606 0.032867 0.054457 0.088667 0.145184 0.226261 0.342387 0.487500 1.358491 3.000000
1990 0.007399 0.000322 0.000216 0.000252 0.000625 0.000597 0.000770 0.000939 0.001301 0.001902 0.002831 0.004377 0.007950 0.013171 0.020625 0.034019 0.055603 0.089777 0.145090 0.224828 0.315403 0.426923 0.415842 .
1991 0.006736 0.000317 0.000176 0.000147 0.000557 0.000632 0.000656 0.000891 0.001281 0.001700 0.002717 0.004448 0.007835 0.012338 0.020547 0.031396 0.053601 0.087040 0.138601 0.217376 0.290387 0.436056 0.253521 .
1992 0.005493 0.000455 0.000165 0.000168 0.000551 0.000670 0.000719 0.000908 0.001050 0.001587 0.002774 0.004241 0.007314 0.011806 0.018428 0.030590 0.051342 0.086119 0.143878 0.228172 0.335750 0.472044 0.692308 .
1993 0.004847 0.000416 0.000137 0.000185 0.000515 0.000554 0.000615 0.000849 0.001143 0.001759 0.002527 0.004108 0.006778 0.011946 0.019251 0.031522 0.052154 0.088770 0.152931 0.248968 0.367145 0.485654 0.592593 6.000000
1994 0.005219 0.000291 0.000138 0.000199 0.000476 0.000552 0.000620 0.000747 0.000982 0.001669 0.002641 0.004096 0.006621 0.011127 0.018309 0.030001 0.047925 0.083324 0.139563 0.230203 0.350684 0.472906 0.923077 .
1995 0.004061 0.000267 0.000155 0.000165 0.000557 0.000606 0.000575 0.000816 0.001054 0.001522 0.002715 0.003899 0.006555 0.010851 0.018574 0.029655 0.049769 0.083181 0.146699 0.236052 0.353287 0.474348 0.795918 .
1996 0.004063 0.000280 0.000116 0.000153 0.000399 0.000541 0.000707 0.000775 0.001045 0.001514 0.002513 0.004087 0.006250 0.010363 0.017000 0.028903 0.047088 0.081838 0.136301 0.227526 0.359175 0.528755 0.283019 0.000000
1997 0.004097 0.000305 0.000189 0.000144 0.000486 0.000546 0.000682 0.000769 0.000940 0.001597 0.002446 0.003883 0.006192 0.010314 0.016548 0.028661 0.047122 0.081941 0.140081 0.235833 0.361758 0.519628 0.528000 0.000000
1998 0.003931 0.000242 0.000108 0.000145 0.000437 0.000744 0.000690 0.000861 0.001102 0.001637 0.002306 0.004112 0.005966 0.009980 0.016172 0.027118 0.046867 0.080381 0.136762 0.225320 0.337968 0.532398 0.661417 1.500000
1999 0.003942 0.000337 0.000123 0.000129 0.000531 0.000702 0.000703 0.000756 0.001000 0.001442 0.002454 0.003994 0.005599 0.009967 0.016652 0.027249 0.046497 0.081482 0.140584 0.235916 0.388241 0.511765 0.627451 0.000000
2000 0.003794 0.000260 0.000136 0.000118 0.000557 0.000715 0.000792 0.000836 0.001180 0.001557 0.002273 0.003796 0.005881 0.009150 0.015292 0.026188 0.044184 0.079348 0.137543 0.225399 0.352048 0.510050 0.532544 3.000000
2001 0.003846 0.000224 0.000104 0.000084 0.000505 0.000821 0.000723 0.000802 0.001082 0.001455 0.002304 0.003622 0.005532 0.009339 0.014940 0.025350 0.044730 0.077884 0.134118 0.229400 0.357823 0.512740 0.715232 .
2002 0.003417 0.000285 0.000149 0.000147 0.000466 0.000686 0.000726 0.000816 0.001013 0.001354 0.002046 0.003628 0.005787 0.009165 0.015302 0.025287 0.044238 0.076280 0.137851 0.234160 0.364683 0.499059 0.698630 0.000000
2003 0.003331 0.000267 0.000120 0.000161 0.000460 0.000619 0.000672 0.000752 0.000927 0.001441 0.002083 0.003313 0.005514 0.008570 0.014437 0.023887 0.040682 0.071846 0.131778 0.222306 0.346554 0.500732 0.529412 4.000000
2004 0.003253 0.000202 0.000098 0.000118 0.000436 0.000708 0.000719 0.000671 0.000932 0.001308 0.002029 0.003407 0.005334 0.008160 0.013590 0.022620 0.038538 0.071284 0.122695 0.212260 0.328263 0.438517 0.806723 6.000000
2005 0.003050 0.000212 0.000114 0.000118 0.000350 0.000700 0.000609 0.000661 0.000958 0.001268 0.002045 0.003253 0.005176 0.008176 0.013075 0.022205 0.038876 0.067589 0.123017 0.210057 0.333279 0.467532 0.400000 .
2006 0.003196 0.000182 0.000118 0.000061 0.000369 0.000575 0.000621 0.000690 0.000833 0.001106 0.002063 0.003173 0.005025 0.008355 0.012504 0.021112 0.037110 0.067973 0.120352 0.213612 0.340326 0.442489 0.549020 0.000000

##END Norway, Death rates (period 5x1)     Last modified: 25-Jun-2010, MPv5 (May07)
