##Norway,  Population size (5-year)     Last modified: 25-Jun-2010, MPv5 (May07)

1956 62380.00 242187.00 316772.00 265355.00 213693.00 203511.00 228184.00 259750.00 260950.00 248034.00 230360.00 211165.00 192636.00 158776.00 125097.00 95074.00 69619.00 40150.00 16888.00 5087.00 821.00 93.00 3.00 0.00
1957 62835.00 245362.00 307775.00 291148.00 215976.00 199081.00 220528.00 251324.00 264412.00 248434.00 234031.00 213104.00 195524.00 164650.00 129167.00 98464.00 69506.00 41867.00 16966.00 5222.00 844.00 88.00 5.00 0.00
1958 61739.00 247183.00 303404.00 306987.00 223966.00 197653.00 217043.00 243159.00 264911.00 249660.00 238697.00 214861.00 198705.00 169648.00 132205.00 101345.00 70549.00 42766.00 17691.00 5315.00 837.00 75.00 5.00 0.00
1959 61699.00 247259.00 301455.00 316947.00 234512.00 200697.00 210110.00 234755.00 265206.00 251375.00 241466.00 217358.00 200483.00 174771.00 136732.00 104015.00 70922.00 44136.00 18185.00 5223.00 876.00 86.00 5.00 0.00
1960 61669.00 247779.00 301794.00 318065.00 250174.00 204746.00 204533.00 227326.00 265908.00 249779.00 242983.00 221743.00 202819.00 178720.00 141558.00 105824.00 72283.00 45182.00 18879.00 5286.00 854.00 62.00 16.00 0.00
1961 60601.00 247366.00 302972.00 316599.00 267050.00 210635.00 197662.00 222629.00 254884.00 258215.00 243834.00 225488.00 204404.00 181973.00 146380.00 108706.00 74294.00 45217.00 19604.00 5394.00 840.00 73.00 10.00 0.00
1962 61604.00 245056.00 307151.00 306895.00 292091.00 214020.00 195206.00 216873.00 248490.00 261726.00 244753.00 229119.00 206084.00 184765.00 151134.00 111673.00 76742.00 45009.00 20273.00 5335.00 869.00 75.00 5.00 0.00
1963 61301.00 245080.00 307683.00 302837.00 307214.00 222225.00 194028.00 213659.00 240590.00 262079.00 246063.00 233784.00 207587.00 187990.00 155399.00 113891.00 79008.00 45598.00 20596.00 5512.00 891.00 63.00 5.00 0.00
1964 62403.00 244346.00 308139.00 301114.00 316854.00 232963.00 197510.00 207462.00 232572.00 262524.00 247875.00 236460.00 209962.00 189729.00 159658.00 117415.00 80320.00 45472.00 21076.00 5489.00 846.00 69.00 4.00 0.00
1965 64611.00 244915.00 308471.00 301484.00 317373.00 248064.00 201755.00 202473.00 225410.00 263408.00 246431.00 237925.00 214303.00 191887.00 162934.00 121414.00 81444.00 46286.00 21449.00 5800.00 889.00 69.00 3.00 0.00
1966 65310.00 248810.00 307064.00 302528.00 315342.00 263814.00 208040.00 196514.00 221334.00 252750.00 254834.00 238782.00 217912.00 193350.00 165996.00 125508.00 83642.00 47751.00 21466.00 6113.00 956.00 63.00 1.00 0.00
1967 65666.00 252133.00 305882.00 306662.00 306120.00 287485.00 210656.00 193638.00 215502.00 246667.00 258243.00 239532.00 221374.00 195048.00 169045.00 130202.00 86118.00 49158.00 21396.00 6342.00 922.00 82.00 3.00 0.00
1968 65519.00 256902.00 305498.00 307590.00 302118.00 303635.00 218695.00 192635.00 212315.00 238803.00 258778.00 241076.00 225685.00 196575.00 171741.00 134113.00 88182.00 50933.00 21850.00 6571.00 991.00 80.00 2.00 0.00
1969 66666.00 260503.00 306200.00 307867.00 300835.00 313545.00 229080.00 195997.00 206465.00 230606.00 259363.00 242657.00 228494.00 198737.00 173739.00 137333.00 91409.00 51815.00 22292.00 6898.00 1048.00 68.00 3.00 0.00
1970 67130.00 262931.00 309037.00 308660.00 300926.00 315243.00 244832.00 200826.00 201707.00 223690.00 260411.00 241173.00 229790.00 202588.00 175564.00 139878.00 94318.00 52676.00 22836.00 7141.00 1113.00 68.00 1.00 0.00
1971 64102.00 265047.00 313535.00 307528.00 302437.00 313534.00 260710.00 206683.00 195938.00 219587.00 249880.00 249136.00 230773.00 206093.00 176613.00 142431.00 97555.00 53948.00 23491.00 7128.00 1173.00 94.00 2.00 0.00
1972 64888.00 263720.00 318422.00 306181.00 306677.00 305247.00 285795.00 210030.00 193092.00 214107.00 243573.00 252856.00 231371.00 209471.00 178192.00 144659.00 100442.00 55479.00 24293.00 7108.00 1244.00 81.00 3.00 0.00
1973 63673.00 263287.00 323906.00 305973.00 307818.00 301772.00 302402.00 218431.00 192124.00 211092.00 235791.00 253524.00 233008.00 213563.00 179586.00 147375.00 103609.00 56612.00 25130.00 7192.00 1292.00 118.00 4.00 0.00
1974 60667.00 260509.00 328646.00 306972.00 308171.00 300498.00 312894.00 229035.00 195603.00 205385.00 228017.00 254037.00 234564.00 216359.00 181802.00 149215.00 106198.00 58871.00 25526.00 7312.00 1359.00 108.00 4.00 0.00
1975 59176.00 254382.00 331622.00 310159.00 309062.00 301178.00 315411.00 244902.00 200520.00 200712.00 221202.00 255150.00 233200.00 217607.00 185658.00 151263.00 108651.00 60879.00 26173.00 7621.00 1409.00 108.00 1.00 0.00
1976 55821.00 249653.00 331124.00 315027.00 308108.00 303001.00 315074.00 261588.00 207078.00 195140.00 217197.00 244916.00 241025.00 218600.00 188960.00 152599.00 110834.00 63057.00 27010.00 7936.00 1396.00 135.00 2.00 0.00
1977 53083.00 240801.00 330628.00 320226.00 307116.00 306853.00 306901.00 286722.00 210843.00 192646.00 212001.00 238836.00 244565.00 219060.00 192237.00 154280.00 113241.00 65305.00 27844.00 8280.00 1391.00 145.00 2.00 0.00
1978 50663.00 230520.00 329159.00 325246.00 307042.00 308129.00 303419.00 303420.00 218992.00 191666.00 208952.00 231083.00 245089.00 220873.00 195832.00 155948.00 115788.00 67549.00 28882.00 8736.00 1416.00 154.00 4.00 0.00
1979 51498.00 220321.00 323571.00 330008.00 308261.00 308830.00 302512.00 313987.00 229439.00 195135.00 203283.00 223465.00 245475.00 222452.00 198479.00 158055.00 117533.00 69738.00 30304.00 8962.00 1545.00 147.00 4.00 0.00
1980 51221.00 212291.00 315915.00 333060.00 311395.00 309928.00 302666.00 316283.00 245024.00 199975.00 198651.00 216799.00 246515.00 221129.00 199695.00 161411.00 119556.00 71442.00 31632.00 9136.00 1617.00 152.00 4.00 0.00
1981 50785.00 207730.00 307817.00 332554.00 316395.00 309259.00 304445.00 315951.00 261631.00 206247.00 193289.00 212939.00 236858.00 228607.00 200589.00 164654.00 120921.00 73311.00 33174.00 9536.00 1700.00 157.00 7.00 0.00
1982 50525.00 205634.00 296265.00 332116.00 321786.00 308827.00 309023.00 307711.00 286629.00 209984.00 190646.00 207764.00 231058.00 232005.00 201156.00 167509.00 122993.00 75195.00 34381.00 9855.00 1760.00 163.00 7.00 0.00
1983 50998.00 205707.00 283300.00 330615.00 326737.00 309305.00 310589.00 304632.00 303332.00 218043.00 189765.00 204823.00 223553.00 232460.00 202789.00 170971.00 124627.00 77613.00 35738.00 10481.00 1866.00 177.00 11.00 0.00
1984 49681.00 205270.00 273881.00 325089.00 331644.00 310374.00 311395.00 303762.00 314035.00 228561.00 193283.00 199314.00 216208.00 232949.00 204342.00 173352.00 126620.00 79932.00 37153.00 11009.00 1913.00 191.00 14.00 0.00
1985 50044.00 203803.00 265810.00 317400.00 334741.00 313325.00 312643.00 304402.00 316588.00 244214.00 198141.00 194955.00 209749.00 233857.00 203389.00 174375.00 129831.00 81950.00 38380.00 11543.00 1949.00 195.00 13.00 0.00
1986 50974.00 203210.00 260882.00 309339.00 334436.00 318690.00 312635.00 306722.00 316815.00 260887.00 204460.00 189738.00 206030.00 224653.00 210603.00 175236.00 132189.00 83505.00 39518.00 11974.00 1910.00 171.00 10.00 0.00
1987 52286.00 203513.00 258593.00 297721.00 334167.00 324831.00 312668.00 311557.00 308630.00 285982.00 208102.00 187184.00 201050.00 219161.00 213729.00 175907.00 134768.00 85231.00 41291.00 12740.00 2114.00 198.00 8.00 1.00
1988 53882.00 205294.00 259518.00 284891.00 333299.00 332147.00 315393.00 314456.00 305834.00 302777.00 216201.00 186227.00 198190.00 211938.00 214112.00 177544.00 137452.00 86929.00 42994.00 13424.00 2308.00 213.00 9.00 1.00
1989 57280.00 209687.00 258465.00 275795.00 327634.00 338047.00 318503.00 316614.00 305522.00 313450.00 226632.00 189634.00 193020.00 204947.00 214694.00 179017.00 139475.00 88318.00 44388.00 14304.00 2484.00 227.00 11.00 1.00
1990 59058.00 216395.00 257499.00 267960.00 319057.00 338529.00 321250.00 317789.00 305727.00 315411.00 241709.00 194327.00 188633.00 198883.00 215527.00 178574.00 140509.00 90724.00 45765.00 14966.00 2695.00 245.00 6.00 0.00
1991 60690.00 224171.00 257573.00 263279.00 311402.00 336947.00 325518.00 317132.00 307623.00 315058.00 257800.00 200480.00 183614.00 195584.00 207087.00 185032.00 141415.00 92843.00 46807.00 15604.00 2974.00 268.00 10.00 0.00
1992 60622.00 232523.00 259484.00 261291.00 300424.00 336902.00 331224.00 317110.00 312383.00 306893.00 282514.00 203949.00 181327.00 191131.00 202189.00 188187.00 142242.00 95003.00 48002.00 16551.00 3274.00 314.00 13.00 0.00
1993 59987.00 239850.00 262737.00 262152.00 287770.00 336171.00 336613.00 318684.00 314441.00 303887.00 298953.00 211996.00 180602.00 188724.00 196022.00 188937.00 144325.00 97147.00 49151.00 17115.00 3459.00 346.00 12.00 0.00
1994 59606.00 243499.00 270923.00 261535.00 279274.00 331265.00 341955.00 320762.00 316515.00 303693.00 309775.00 222555.00 184261.00 184094.00 189845.00 189678.00 145875.00 98699.00 49589.00 17411.00 3554.00 358.00 14.00 0.00
1995 59895.00 244031.00 279771.00 260978.00 271459.00 324022.00 344864.00 324646.00 318601.00 304904.00 312606.00 237872.00 189388.00 180239.00 184647.00 190850.00 146157.00 99955.00 51451.00 18040.00 3546.00 383.00 18.00 0.00
1996 60203.00 243089.00 289471.00 261086.00 266935.00 316149.00 343962.00 329889.00 318919.00 307415.00 312840.00 254043.00 195657.00 175892.00 181868.00 183876.00 152162.00 101264.00 52724.00 18410.00 3577.00 401.00 15.00 0.00
1997 60835.00 242214.00 297711.00 262877.00 264970.00 304755.00 343191.00 335500.00 318517.00 312243.00 304822.00 278307.00 199201.00 174006.00 178118.00 179974.00 155151.00 102735.00 54422.00 18877.00 3729.00 403.00 20.00 1.00
1998 59695.00 243102.00 304239.00 265883.00 265813.00 292586.00 342670.00 340831.00 319938.00 314104.00 301952.00 294372.00 207141.00 173506.00 176369.00 174723.00 156262.00 104702.00 55999.00 19265.00 3888.00 406.00 20.00 1.00
1999 58282.00 243681.00 306890.00 273555.00 265220.00 285016.00 338603.00 346760.00 322421.00 316164.00 301625.00 304901.00 217283.00 176975.00 172387.00 169785.00 157360.00 106522.00 57407.00 19907.00 4073.00 402.00 23.00 0.00
2000 59372.00 243015.00 308824.00 283506.00 265390.00 278732.00 332827.00 351338.00 327711.00 319024.00 303096.00 308026.00 232414.00 182190.00 168828.00 165464.00 158718.00 106545.00 58298.00 20557.00 4084.00 393.00 28.00 1.00
2001 59193.00 241761.00 308148.00 293329.00 265960.00 274936.00 326322.00 351737.00 333382.00 319473.00 305663.00 308364.00 248061.00 188281.00 164834.00 163410.00 153681.00 111687.00 59163.00 21304.00 4211.00 396.00 26.00 0.00
2002 56707.00 239654.00 308089.00 301850.00 268203.00 273003.00 315458.00 351625.00 339396.00 319559.00 310661.00 300617.00 271791.00 191632.00 163143.00 160438.00 150781.00 114284.00 60296.00 22051.00 4270.00 445.00 25.00 0.00
2003 55620.00 236974.00 308525.00 309209.00 272080.00 274913.00 304766.00 351958.00 345397.00 321609.00 312947.00 298068.00 287413.00 199197.00 162710.00 159094.00 146709.00 115710.00 61680.00 22663.00 4455.00 439.00 22.00 1.00
2004 56599.00 234290.00 307614.00 312033.00 279820.00 274198.00 296691.00 347179.00 351234.00 323995.00 315058.00 297852.00 297571.00 208964.00 166011.00 155689.00 143473.00 117513.00 63103.00 23375.00 4639.00 457.00 22.00 0.00
2005 57087.00 232059.00 306938.00 313234.00 289043.00 273906.00 290253.00 341396.00 355128.00 328678.00 317649.00 299150.00 300506.00 223616.00 171000.00 152945.00 140620.00 119258.00 64171.00 24216.00 4947.00 501.00 15.00 0.00
2006 56973.00 230410.00 306108.00 313320.00 299175.00 275008.00 287811.00 335879.00 356655.00 335270.00 318908.00 302145.00 301166.00 238922.00 177301.00 149786.00 139506.00 116650.00 68429.00 25002.00 5227.00 517.00 23.00 0.00

##END Norway,  Population size (5-year)     Last modified: 25-Jun-2010, MPv5 (May07)
