##The United States of America,  Population size (5-year)     Last modified: 13-Oct-2010, MPv5 (May07)

1956 3797706.44 14883733.61 17122280.50 13714066.18 10982402.73 10180934.25 11577852.04 12284945.20 11843764.86 11056168.85 10198281.17 8771013.06 7818886.70 6880902.93 5719578.59 4191368.73 2606019.92 1443801.44 587422.39 156210.48 29088.20 3784.68 797.63 297.02
1957 3925160.25 15212607.20 17554758.34 14415447.74 11359630.15 10160509.57 11434254.82 12216367.11 12042432.44 11187537.61 10362708.31 8950804.84 7917214.24 6975899.55 5840923.23 4324225.82 2696071.22 1500718.86 610354.97 165908.94 31060.09 3926.52 793.94 297.09
1958 4030531.54 15543704.70 17694588.94 15225260.81 11957506.86 10258758.92 11217150.69 12149449.32 12182492.71 11306144.41 10526047.20 9143918.80 8036878.43 7018391.54 5975971.28 4450475.55 2793590.45 1539609.67 637277.51 174481.21 32012.73 3938.37 772.41 293.02
1959 4085035.69 15943058.72 18144820.49 15886188.25 12654972.24 10554012.53 11042119.81 12124008.04 12352311.76 11462146.64 10717419.77 9365353.41 8223028.40 7069368.96 6108997.00 4589209.49 2908327.15 1582972.77 661131.13 183225.91 33118.71 4047.12 743.20 286.06
1960 4095587.59 16162823.50 18577694.24 16573711.90 13122610.80 10776254.80 10875857.53 11976805.48 12448093.14 11574129.21 10842885.44 9561684.78 8389846.65 7123079.25 6221981.20 4714265.84 3025111.02 1629075.12 687174.42 194377.94 34433.14 4361.52 716.98 283.97
1961 4133503.47 16298504.01 19003510.19 17381718.56 13485458.18 11045983.57 10789906.84 11821769.84 12482000.00 11723731.53 10942287.55 9766369.95 8558095.77 7177546.52 6320280.26 4841306.15 3129643.92 1686278.54 716493.39 206111.51 35697.42 4675.47 704.17 288.12
1962 4128247.26 16367210.99 19419144.83 17814641.61 14237959.19 11437589.05 10748980.82 11641736.96 12447405.47 11904263.04 11018490.81 9959117.25 8757890.97 7230765.74 6385724.66 4977673.46 3222369.65 1736953.73 748292.04 214075.74 38048.09 4926.90 730.29 261.81
1963 4048032.91 16356954.76 19818998.00 17961318.83 15119017.95 12025019.18 10795646.58 11447230.11 12353336.97 12095260.30 11092481.37 10118374.67 8987488.55 7295449.45 6427872.86 5106313.05 3304299.85 1801744.99 766844.07 224450.96 39714.36 5076.12 693.28 237.45
1964 3979591.55 16273364.42 20116214.71 18337948.69 15781607.22 12670249.33 10949775.36 11246720.52 12213780.80 12260191.80 11181743.08 10257812.90 9214766.70 7381579.42 6468248.18 5216810.26 3385779.35 1865914.72 784489.53 230730.79 40927.58 5156.01 672.44 227.83
1965 3858208.80 16135677.04 20306916.11 18798605.06 16538362.02 13174632.88 11138241.11 11092356.14 12043252.03 12360583.57 11296301.66 10388829.09 9414433.99 7502470.16 6521122.63 5302017.28 3470437.10 1947572.51 809975.45 241040.39 43777.82 5286.81 714.77 236.71
1966 3662403.38 15852660.45 20475802.38 19263869.42 17367591.38 13509786.30 11373904.12 11000893.14 11857739.70 12389495.89 11441057.81 10513455.88 9578457.51 7663713.43 6580940.23 5357416.57 3555811.27 2010116.45 843512.77 253153.61 47071.02 5459.55 759.37 248.68
1967 3502528.69 15381828.62 20553242.67 19720926.09 17801183.49 14091304.12 11733079.46 10956986.30 11665734.22 12363934.24 11621785.68 10633919.17 9708631.78 7871200.34 6647360.19 5388725.26 3648286.55 2071228.73 871597.36 264880.14 48808.25 5786.11 743.88 235.96
1968 3408079.47 14828993.37 20473560.32 20160579.29 17990416.38 14811169.86 12285432.89 11014169.86 11463210.93 12286854.78 11816788.62 10755591.16 9807710.31 8112103.59 6726205.26 5404540.62 3738513.21 2122733.83 912475.49 274390.20 52258.57 6266.30 812.65 233.91
1969 3389538.25 14254188.90 20328300.40 20499523.24 18406695.98 15412476.70 12873178.09 11182290.43 11255720.52 12160799.98 11981978.14 10891742.75 9886086.00 8352422.38 6824641.32 5415415.68 3812261.94 2207108.13 951180.62 282072.31 54001.47 6672.21 828.47 231.78
1970 3460913.11 13810057.76 20080419.05 20747804.25 18927514.74 16174610.96 13363164.38 11397800.01 11116898.62 12024326.01 12095348.17 11064132.87 9963400.28 8571988.25 6953654.49 5444125.34 3857669.62 2281309.24 999573.22 292934.77 56516.41 7229.20 869.03 246.60
1971 3555126.02 13650479.45 19656783.53 20975331.51 19473663.00 17143041.11 13766441.10 11675460.28 11066463.01 11893816.44 12134490.40 11267287.66 10047115.08 8774268.49 7097693.17 5490564.38 3929158.92 2353726.98 1044664.47 312160.29 60734.93 7934.28 966.07 250.75
1972 3453095.89 13719709.59 19121249.30 21097002.75 19970197.25 17784219.18 14535663.00 12082654.80 11079572.61 11750791.78 12077353.41 11512383.56 10121589.05 8963750.68 7286323.31 5516506.85 4019589.05 2417879.42 1085387.05 327837.95 64573.30 8380.17 1034.52 264.04
1973 3216756.16 13758898.63 18562720.54 21063405.46 20435076.72 18069060.27 15417756.16 12710063.02 11163657.54 11596284.93 11989405.47 11748764.37 10191602.75 9127197.26 7520819.20 5565627.40 4059520.55 2509196.45 1119059.83 347563.70 67380.64 8929.10 1077.30 253.74
1974 3096413.69 13571087.65 18041852.06 20969838.34 20811956.17 18516665.74 16061506.85 13371249.31 11310243.86 11436778.08 11898846.56 11901654.79 10307213.70 9262673.97 7750810.98 5661134.25 4096079.46 2560647.99 1174923.23 366665.83 69808.71 9158.46 1108.14 263.82
1975 3108619.17 13194882.18 17700210.95 20778638.33 21101336.99 19038262.99 16806534.25 13888167.11 11491753.45 11265753.42 11810410.95 11964517.80 10515356.16 9362098.64 7998367.13 5748104.12 4185665.76 2619500.53 1228251.66 390647.47 73654.01 9577.76 1188.82 272.12
1976 3133950.68 12734857.51 17634106.85 20365731.50 21351849.32 19556657.52 17680860.29 14278904.10 11734410.98 11161460.27 11711819.18 11969495.88 10765328.76 9450643.85 8225254.79 5852180.84 4295635.62 2696460.45 1286155.02 415896.26 80946.19 10348.77 1263.98 285.44
1977 3197723.29 12392704.08 17601805.48 19794202.72 21477997.27 20054706.84 18178005.48 15045191.77 12097583.57 11169060.28 11570794.52 11917863.00 11038419.17 9545115.08 8404736.98 6032813.72 4379594.53 2771404.02 1335190.47 437564.36 86533.75 11002.63 1287.18 283.85
1978 3302564.39 12346668.47 17415183.55 19211200.00 21456443.82 20530095.89 18383054.79 15940263.01 12682016.44 11256679.45 11424304.11 11840424.65 11309824.64 9636635.63 8559186.30 6258805.50 4492715.07 2802624.41 1408440.08 461084.67 94678.57 11745.61 1339.73 287.16
1979 3376136.98 12523315.06 17122013.67 18681849.31 21390876.69 20921978.09 18831172.59 16590517.81 13322739.73 11421772.63 11281304.11 11769380.81 11504709.58 9776246.59 8686663.01 6480802.75 4647709.59 2856630.26 1457939.69 495231.00 102470.90 12281.45 1357.71 298.58
1980 3493111.86 12765010.51 16773207.12 18340381.66 21228148.00 21241249.35 19381818.58 17352923.85 13835031.00 11625032.75 11128798.15 11710314.65 11596232.62 10004712.99 8777826.46 6716460.29 4777060.96 2879618.87 1512975.23 530903.98 112265.92 13378.67 1429.30 298.83
1981 3591816.00 13087529.00 16290949.00 18271275.00 20834469.00 21542685.00 19981227.00 18240376.00 14239360.00 11841959.00 11052910.00 11653755.00 11595926.00 10245223.00 8854802.00 6919838.00 4895680.00 2983443.42 1565024.55 558629.48 119311.87 14552.01 1501.98 299.68
1982 3612294.00 13473429.00 15931913.00 18250322.00 20225712.00 21695056.00 20463960.00 18739435.00 14994771.00 12234829.00 11012435.00 11518668.00 11489290.00 10488767.00 8946633.00 7072417.00 5031681.00 3019119.68 1618534.27 585975.77 127437.10 15859.06 1520.83 290.90
1983 3653657.00 13727050.00 15998236.00 18006628.00 19642145.00 21652704.00 20934521.00 18902787.00 15887473.00 12813369.00 11119776.00 11282576.00 11475139.00 10601673.00 9073094.00 7221335.00 5171258.00 3121741.71 1646026.29 625758.18 135642.23 17682.31 1562.01 287.31
1984 3602483.00 14031391.00 16175576.00 17647583.00 19138850.00 21589798.00 21299723.00 19293417.00 16492121.00 13402572.00 11383106.00 11034718.00 11409962.00 10730894.00 9168917.00 7355263.00 5310009.00 3208082.44 1686268.76 650610.79 147364.82 19171.97 1606.50 269.64
1985 3622443.00 14133867.00 16489224.00 17247867.00 18757122.00 21421016.00 21563945.00 19772201.00 17273188.00 13890562.00 11522723.00 10920729.00 11282227.00 10875203.00 9270892.00 7472848.00 5446869.00 3330764.46 1697356.44 676039.69 158265.74 20667.96 1636.85 265.14
1986 3702183.00 14196303.00 16886678.00 16711631.00 18770309.00 21015525.00 21795103.00 20307209.00 18090704.00 14256223.00 11705097.00 10855828.00 11190151.00 10896518.00 9440613.00 7559456.00 5583771.00 3395129.44 1768582.01 700834.86 167222.28 22013.68 1751.72 256.61
1987 3684415.00 14311544.00 17289997.00 16347564.00 18774058.00 20442297.00 21893265.00 20761452.00 18629554.00 15043991.00 12072286.00 10803885.00 11064772.00 10801770.00 9662960.00 7638849.00 5717192.00 3513454.79 1790402.70 725159.03 174606.91 23231.26 1893.55 249.39
1988 3724622.00 14377619.00 17586738.00 16432994.00 18593497.00 19899374.00 21788143.00 21207797.00 18814147.00 15944539.00 12634131.00 10911642.00 10843511.00 10802186.00 9770471.00 7757657.00 5850654.00 3615323.72 1860287.92 734397.76 184990.84 24016.19 2012.29 221.49
1989 3807937.00 14529014.00 17853326.00 16629342.00 18299500.00 19437797.00 21656301.00 21537434.00 19229138.00 16579533.00 13197376.00 11169586.00 10606679.00 10754364.00 9893982.00 7853697.00 5972821.00 3721061.46 1912432.88 753538.82 190171.87 25782.49 2110.81 213.30
1990 3921797.00 14745231.00 17989163.00 16970124.00 17964649.00 19134225.00 21420214.00 21773922.00 19724454.00 17396881.00 13663835.00 11299853.00 10501649.00 10651717.00 10031631.00 7959848.00 6084158.00 3818042.16 1997715.91 756323.32 197453.81 27492.80 2247.97 202.88
1991 4021630.00 15005365.00 18119874.00 17557546.00 17419501.00 19152623.00 20971230.00 22189050.00 20242066.00 18350542.00 14015388.00 11531897.00 10449737.00 10627959.00 10069840.00 8136829.00 6220312.00 3939272.48 2053269.36 800859.41 207630.20 29380.90 2300.95 221.69
1992 3980519.00 15397107.00 18372071.00 17986513.00 17195685.00 19215820.00 20738011.00 22365470.00 20960555.00 18739347.00 14843164.00 11880659.00 10466459.00 10552610.00 9999724.00 8384588.00 6351174.00 4038033.94 2137571.41 817022.84 216926.73 30665.12 2412.80 247.21
1993 3934978.00 15712212.00 18521474.00 18480671.00 17348301.00 19107803.00 20245223.00 22539440.00 21466270.00 19021080.00 15743602.00 12536588.00 10610002.00 10387177.00 10034036.00 8579423.00 6445961.00 4159390.13 2215310.48 861096.91 222375.92 32822.99 2570.39 241.56
1994 3866867.00 15901921.00 18822114.00 18876486.00 17658025.00 18826377.00 19868008.00 22595839.00 21945394.00 19424259.00 16419778.00 13152991.00 10897842.00 10200513.00 10032162.00 8718132.00 6547815.00 4260703.49 2286127.00 891467.09 228213.01 33528.92 2650.19 223.81
1995 3817688.00 15901971.00 19221535.00 19125688.00 18065848.00 18516473.00 19629997.00 22551824.00 22276944.00 20007971.00 17190592.00 13649226.00 11074535.00 10150993.00 9984230.00 8857790.00 6643831.00 4388654.15 2349189.32 929373.21 228768.73 34700.19 2831.45 227.98
1996 3763632.00 15740889.00 19635215.00 19257490.00 18717624.00 17999110.00 19798576.00 22070009.00 22728895.00 20472011.00 18199340.00 14064901.00 11329080.00 10113357.00 9984587.00 8884925.00 6804057.00 4484920.91 2421126.31 954014.22 241177.57 35790.59 2885.33 231.07
1997 3753685.00 15573205.00 20068322.00 19537775.00 19156013.00 17836769.00 19883203.00 21721053.00 22816842.00 21121931.00 18617781.00 14911001.00 11662676.00 10134366.00 9920208.00 8834107.00 7014720.00 4583852.13 2481753.09 986851.92 244466.76 36717.28 2790.87 229.46
1998 3738125.00 15438234.00 20397151.00 19693503.00 19617737.00 18031840.00 19879652.00 21159981.00 22914994.00 21585812.00 18934343.00 15835549.00 12290585.00 10292875.00 9767643.00 8879317.00 7172892.00 4675540.87 2554493.68 1017424.52 255694.03 36558.33 2826.18 216.34
1999 3792391.00 15348473.00 20576819.00 20008857.00 19981966.00 18360958.00 19691923.00 20735637.00 22911983.00 22023200.00 19373319.00 16539921.00 12883516.00 10582894.00 9590883.00 8893808.00 7290343.00 4808335.23 2624710.43 1048704.57 263725.57 37068.75 2833.85 199.67
2000 3803453.00 15354521.00 20579076.00 20426607.00 20204559.00 18801973.00 19484196.00 20495860.00 22824546.00 22323560.00 20003509.00 17348744.00 13359299.00 10759762.00 9540654.00 8863526.00 7403844.00 4898551.98 2699095.80 1069760.74 268916.37 37103.57 2858.73 200.73
2001 4000551.00 15276644.00 20346125.00 20760731.00 20260040.00 19499741.00 19066409.00 20640240.00 22466265.00 22719260.00 20485880.00 18247893.00 13750785.00 10977670.00 9511610.00 8838461.00 7465228.00 5040422.31 2765004.17 1095950.89 272687.21 37833.75 2850.68 204.16
2002 4004039.00 15460014.00 20104883.00 21003699.00 20315567.00 20092146.00 18882303.00 20778815.00 22048230.00 22900846.00 21032162.00 18678577.00 14537724.00 11289144.00 9566223.00 8746048.00 7435263.00 5239202.23 2830981.93 1121900.57 278164.45 37825.84 2795.90 166.25
2003 4000029.00 15701882.00 19812306.00 21168447.00 20395358.00 20566822.00 18976290.00 20794340.00 21598737.00 22944606.00 21534599.00 18885371.00 15429776.00 11833014.00 9642480.00 8667511.00 7466565.00 5373013.00 2898247.50 1153041.05 284546.55 38594.81 2699.07 153.94
2004 4069235.00 15858672.00 19695320.00 21192849.00 20577135.00 20891435.00 19344235.00 20600528.00 21193786.00 23036574.00 21951075.00 19264552.00 16106885.00 12374742.00 9876403.00 8539677.00 7458543.00 5475537.00 3001243.34 1189374.28 291523.54 39120.26 2661.56 136.44
2005 4093702.00 16154675.00 19545965.00 21020091.00 20882381.00 21038605.00 19797688.00 20300033.00 20968567.00 23004710.00 22291259.00 19770885.00 16952469.00 12826883.00 10030148.00 8518728.00 7394947.00 5615633.00 3085398.03 1243391.61 303136.98 40520.32 2664.02 142.35
2006 4118926.00 16239477.00 19633858.00 20753380.00 21198772.00 21034788.00 20407950.00 19840114.00 21099285.00 22665832.00 22679060.00 20264833.00 17821940.00 13191116.00 10256274.00 8520041.00 7420747.00 5681820.00 3235331.53 1289198.96 314884.88 41536.73 2752.80 130.77

##END The United States of America,  Population size (5-year)     Last modified: 13-Oct-2010, MPv5 (May07)
