  2.0290000e-002  1.1470000e-003  5.3100000e-004  4.0200000e-004  7.6600000e-004  9.6800000e-004  1.0420000e-003  1.3560000e-003  1.7230000e-003  2.5430000e-003  3.8000000e-003  6.4180000e-003  9.9940000e-003  1.6275000e-002  2.6735000e-002  4.5148000e-002  7.7547000e-002  1.2849800e-001
  1.8958000e-002  1.0520000e-003  5.8100000e-004  4.3500000e-004  7.7600000e-004  1.0850000e-003  1.1140000e-003  1.3590000e-003  1.6890000e-003  2.4580000e-003  3.7820000e-003  6.0970000e-003  1.0202000e-002  1.6114000e-002  2.7007000e-002  4.6084000e-002  7.8040000e-002  1.3247800e-001
  1.8478000e-002  9.9000000e-004  4.4100000e-004  4.1800000e-004  6.3200000e-004  9.1000000e-004  1.0120000e-003  1.2330000e-003  1.6550000e-003  2.3780000e-003  3.8190000e-003  5.8990000e-003  9.5430000e-003  1.5620000e-002  2.6709000e-002  4.5380000e-002  7.5732000e-002  1.3160700e-001
  1.7805000e-002  1.0050000e-003  5.4400000e-004  3.6800000e-004  7.0600000e-004  8.9900000e-004  9.5400000e-004  1.1220000e-003  1.6450000e-003  2.3310000e-003  3.6570000e-003  5.9440000e-003  9.7770000e-003  1.5502000e-002  2.5612000e-002  4.4037000e-002  7.4572000e-002  1.2578200e-001
  1.7562000e-002  9.7200000e-004  4.9000000e-004  3.4100000e-004  7.6100000e-004  8.4000000e-004  9.4300000e-004  1.2690000e-003  1.5730000e-003  2.3360000e-003  3.6140000e-003  5.7710000e-003  9.2970000e-003  1.5410000e-002  2.5784000e-002  4.4106000e-002  7.4823000e-002  1.2739800e-001
  1.7886000e-002  9.5000000e-004  5.1100000e-004  4.2400000e-004  7.0000000e-004  8.4200000e-004  9.4700000e-004  1.2080000e-003  1.5070000e-003  2.2800000e-003  3.6000000e-003  5.8650000e-003  9.5060000e-003  1.5998000e-002  2.6096000e-002  4.4351000e-002  7.7060000e-002  1.2864400e-001
  1.5948000e-002  9.1700000e-004  4.3900000e-004  3.6500000e-004  7.0800000e-004  7.3800000e-004  8.7200000e-004  1.0660000e-003  1.5510000e-003  2.2140000e-003  3.4070000e-003  5.4770000e-003  8.9350000e-003  1.5026000e-002  2.5268000e-002  4.2812000e-002  7.3612000e-002  1.2516800e-001
  1.6724000e-002  8.5000000e-004  4.5800000e-004  3.1900000e-004  6.7000000e-004  8.6200000e-004  8.8700000e-004  1.0390000e-003  1.4530000e-003  2.1270000e-003  3.3990000e-003  5.3370000e-003  8.6770000e-003  1.4066000e-002  2.4278000e-002  4.2563000e-002  7.1877000e-002  1.2152700e-001
  1.6574000e-002  8.6400000e-004  4.1900000e-004  3.1700000e-004  6.4700000e-004  7.6600000e-004  9.0000000e-004  1.0780000e-003  1.4520000e-003  2.1720000e-003  3.5390000e-003  5.4000000e-003  9.1640000e-003  1.5069000e-002  2.5100000e-002  4.4587000e-002  7.5333000e-002  1.2656400e-001
  1.6084000e-002  7.9900000e-004  4.3700000e-004  3.2800000e-004  6.1700000e-004  7.5100000e-004  8.7400000e-004  1.0520000e-003  1.3640000e-003  1.9340000e-003  3.3530000e-003  5.4590000e-003  8.6860000e-003  1.4484000e-002  2.4232000e-002  4.2207000e-002  7.1928000e-002  1.2330100e-001
  1.5762000e-002  7.6500000e-004  4.4200000e-004  3.3900000e-004  6.1300000e-004  7.6100000e-004  8.3800000e-004  9.5900000e-004  1.4110000e-003  2.1640000e-003  3.2510000e-003  5.4050000e-003  8.6600000e-003  1.4727000e-002  2.4731000e-002  4.2836000e-002  7.4573000e-002  1.2689900e-001
  1.5883000e-002  6.7000000e-004  4.1400000e-004  3.2700000e-004  7.2000000e-004  8.0600000e-004  8.5400000e-004  1.0330000e-003  1.3720000e-003  1.9660000e-003  3.4540000e-003  5.1630000e-003  8.7900000e-003  1.4552000e-002  2.4216000e-002  4.0840000e-002  7.2124000e-002  1.2314200e-001
  1.4910000e-002  6.4200000e-004  3.9400000e-004  3.3400000e-004  7.1900000e-004  8.2000000e-004  8.7600000e-004  1.0130000e-003  1.5270000e-003  2.0890000e-003  3.3700000e-003  5.3650000e-003  8.7500000e-003  1.4340000e-002  2.4132000e-002  4.0763000e-002  7.0082000e-002  1.1788100e-001
  1.3446000e-002  6.5000000e-004  4.3000000e-004  3.2100000e-004  6.9000000e-004  7.6600000e-004  8.2300000e-004  1.0810000e-003  1.5670000e-003  2.1590000e-003  3.2310000e-003  5.4740000e-003  8.3550000e-003  1.4229000e-002  2.3764000e-002  4.0812000e-002  7.0027000e-002  1.1821700e-001
  1.2676000e-002  6.6100000e-004  3.9000000e-004  2.8400000e-004  6.8000000e-004  8.4600000e-004  7.4000000e-004  1.0220000e-003  1.5030000e-003  2.1650000e-003  3.2910000e-003  5.2850000e-003  8.1910000e-003  1.4004000e-002  2.3487000e-002  3.9872000e-002  6.9353000e-002  1.1506000e-001
  1.2850000e-002  5.3100000e-004  3.2700000e-004  2.7700000e-004  5.4000000e-004  7.7400000e-004  9.3200000e-004  1.1610000e-003  1.4750000e-003  2.2840000e-003  3.4080000e-003  5.2760000e-003  8.3380000e-003  1.3845000e-002  2.3444000e-002  3.9544000e-002  6.9732000e-002  1.1289800e-001
  1.2683000e-002  5.4200000e-004  4.0400000e-004  2.9900000e-004  6.5200000e-004  8.2400000e-004  8.8100000e-004  1.1930000e-003  1.5750000e-003  2.0630000e-003  3.4800000e-003  5.1970000e-003  8.5530000e-003  1.3634000e-002  2.3105000e-002  4.0405000e-002  7.0156000e-002  1.1762300e-001
  1.1482000e-002  5.5500000e-004  3.8200000e-004  2.5900000e-004  6.8700000e-004  7.5400000e-004  8.6400000e-004  1.1040000e-003  1.4630000e-003  2.2910000e-003  3.5390000e-003  5.2760000e-003  8.5220000e-003  1.4323000e-002  2.3251000e-002  4.1232000e-002  6.8432000e-002  1.1378100e-001
  1.1233000e-002  5.2900000e-004  4.0600000e-004  2.8400000e-004  7.0900000e-004  7.8300000e-004  8.3300000e-004  1.0430000e-003  1.4260000e-003  2.2190000e-003  3.4020000e-003  5.3650000e-003  8.1520000e-003  1.3622000e-002  2.2297000e-002  3.7566000e-002  6.3442000e-002  1.0619700e-001
  1.1517000e-002  4.1800000e-004  3.0800000e-004  3.4000000e-004  7.1000000e-004  7.8600000e-004  7.6900000e-004  1.0650000e-003  1.5520000e-003  2.3420000e-003  3.4820000e-003  5.3070000e-003  8.2770000e-003  1.3656000e-002  2.2318000e-002  3.8163000e-002  6.4464000e-002  1.0690800e-001
  1.0868000e-002  4.7600000e-004  3.4900000e-004  2.4800000e-004  6.8800000e-004  7.9700000e-004  8.7800000e-004  1.0690000e-003  1.4480000e-003  2.1790000e-003  3.5660000e-003  5.3610000e-003  8.3380000e-003  1.3265000e-002  2.2257000e-002  3.8166000e-002  6.4724000e-002  1.0465900e-001
  9.8380000e-003  4.2200000e-004  2.9000000e-004  2.7700000e-004  6.4100000e-004  8.0600000e-004  7.9100000e-004  1.0740000e-003  1.4670000e-003  2.2180000e-003  3.3520000e-003  5.2840000e-003  8.2500000e-003  1.3297000e-002  2.2680000e-002  3.7463000e-002  6.4237000e-002  1.0498500e-001
  9.6240000e-003  4.3800000e-004  2.9600000e-004  2.6300000e-004  6.2700000e-004  7.4200000e-004  7.5400000e-004  1.0840000e-003  1.3950000e-003  2.2530000e-003  3.4460000e-003  5.4610000e-003  8.3080000e-003  1.3257000e-002  2.2128000e-002  3.7309000e-002  6.3510000e-002  1.0371200e-001
  8.3990000e-003  4.3900000e-004  3.1700000e-004  2.7200000e-004  6.6700000e-004  8.2700000e-004  8.3300000e-004  1.0360000e-003  1.4790000e-003  2.3120000e-003  3.5750000e-003  5.3630000e-003  8.2170000e-003  1.3310000e-002  2.2283000e-002  3.6708000e-002  6.3851000e-002  1.0464500e-001
  8.1060000e-003  3.7300000e-004  2.8700000e-004  2.7100000e-004  6.3100000e-004  8.2100000e-004  8.6500000e-004  1.0400000e-003  1.5110000e-003  2.2660000e-003  3.3050000e-003  5.3790000e-003  8.4250000e-003  1.3582000e-002  2.2004000e-002  3.7432000e-002  6.3318000e-002  1.0602900e-001
  7.9470000e-003  3.8900000e-004  2.2600000e-004  2.2400000e-004  5.6200000e-004  7.6400000e-004  8.6200000e-004  9.8400000e-004  1.4770000e-003  2.3840000e-003  3.4010000e-003  5.3950000e-003  8.2080000e-003  1.3156000e-002  2.1467000e-002  3.5012000e-002  6.0411000e-002  1.0034400e-001
  7.6840000e-003  3.5500000e-004  2.5500000e-004  2.2800000e-004  6.1300000e-004  8.0300000e-004  8.4400000e-004  1.0250000e-003  1.3820000e-003  2.2270000e-003  3.3150000e-003  5.2560000e-003  8.1470000e-003  1.2840000e-002  2.1445000e-002  3.5594000e-002  6.0549000e-002  9.9767000e-002
  7.6190000e-003  4.1800000e-004  2.3700000e-004  2.1200000e-004  5.6600000e-004  7.4700000e-004  8.2000000e-004  1.0470000e-003  1.4350000e-003  2.1510000e-003  3.3260000e-003  5.4470000e-003  8.4080000e-003  1.2777000e-002  2.1105000e-002  3.5299000e-002  5.9924000e-002  9.9590000e-002
  6.9520000e-003  3.6000000e-004  2.0800000e-004  2.1200000e-004  4.6200000e-004  6.9400000e-004  8.7100000e-004  9.9300000e-004  1.3660000e-003  2.2100000e-003  3.3880000e-003  5.1700000e-003  8.1370000e-003  1.3148000e-002  2.0812000e-002  3.4727000e-002  5.8412000e-002  9.9198000e-002
  6.8360000e-003  2.6200000e-004  1.8600000e-004  1.9900000e-004  4.9400000e-004  6.7300000e-004  7.3700000e-004  9.1100000e-004  1.2620000e-003  1.9340000e-003  3.2750000e-003  4.9910000e-003  7.9310000e-003  1.2679000e-002  2.0796000e-002  3.4729000e-002  5.7329000e-002  9.7655000e-002
  6.7920000e-003  3.2800000e-004  1.7100000e-004  1.4200000e-004  4.3500000e-004  5.8600000e-004  7.6700000e-004  9.0900000e-004  1.3410000e-003  1.9040000e-003  3.1130000e-003  4.8250000e-003  7.9190000e-003  1.2407000e-002  2.0424000e-002  3.3327000e-002  5.5715000e-002  9.3939000e-002
  6.9960000e-003  2.6400000e-004  1.8100000e-004  1.5300000e-004  4.8200000e-004  6.5800000e-004  7.7400000e-004  8.6500000e-004  1.1710000e-003  1.8890000e-003  2.9370000e-003  4.9620000e-003  7.3460000e-003  1.2059000e-002  1.9786000e-002  3.2473000e-002  5.4480000e-002  9.2017000e-002
  6.4780000e-003  2.2900000e-004  1.5600000e-004  1.8200000e-004  4.3000000e-004  6.5700000e-004  7.7600000e-004  9.1600000e-004  1.2150000e-003  1.8650000e-003  2.7960000e-003  4.5910000e-003  7.4720000e-003  1.2097000e-002  1.9019000e-002  3.1597000e-002  5.4511000e-002  8.9463000e-002
  6.9330000e-003  2.9200000e-004  1.5200000e-004  1.6400000e-004  4.6600000e-004  6.2800000e-004  6.8500000e-004  9.4000000e-004  1.2220000e-003  1.7390000e-003  2.7770000e-003  4.6490000e-003  7.5560000e-003  1.1917000e-002  1.9652000e-002  3.1990000e-002  5.4876000e-002  9.1672000e-002
  6.0450000e-003  3.2500000e-004  1.5300000e-004  2.0300000e-004  4.4000000e-004  6.6100000e-004  7.4200000e-004  8.5300000e-004  1.2740000e-003  1.6980000e-003  2.9750000e-003  4.5090000e-003  7.1870000e-003  1.1454000e-002  1.9184000e-002  3.1674000e-002  5.2590000e-002  9.0093000e-002
  6.2100000e-003  3.0600000e-004  1.3500000e-004  1.6900000e-004  4.7900000e-004  6.3700000e-004  7.6800000e-004  9.1200000e-004  1.1710000e-003  1.6770000e-003  2.8400000e-003  4.6120000e-003  7.1720000e-003  1.1457000e-002  1.8212000e-002  3.1300000e-002  5.2006000e-002  8.7572000e-002
  6.0180000e-003  2.8700000e-004  1.4600000e-004  1.7800000e-004  4.6200000e-004  6.8700000e-004  7.4700000e-004  9.2300000e-004  1.2480000e-003  1.8460000e-003  2.8480000e-003  4.3560000e-003  6.9840000e-003  1.1675000e-002  1.8791000e-002  3.1034000e-002  5.2430000e-002  8.9959000e-002
  5.8750000e-003  2.9000000e-004  1.2900000e-004  1.5100000e-004  5.2500000e-004  5.7200000e-004  7.2500000e-004  8.6300000e-004  1.2700000e-003  1.7280000e-003  2.5800000e-003  4.1620000e-003  6.7720000e-003  1.0614000e-002  1.7786000e-002  2.8931000e-002  4.9670000e-002  8.3063000e-002
  6.1530000e-003  2.7700000e-004  1.5900000e-004  1.6500000e-004  4.5100000e-004  5.9800000e-004  7.0200000e-004  8.1600000e-004  1.0810000e-003  1.6810000e-003  2.6350000e-003  3.9520000e-003  7.0320000e-003  1.0730000e-002  1.7302000e-002  2.9503000e-002  5.0870000e-002  8.5969000e-002
  6.1440000e-003  2.5600000e-004  1.1400000e-004  1.4800000e-004  4.4500000e-004  5.2800000e-004  6.9100000e-004  8.4000000e-004  1.1250000e-003  1.7180000e-003  2.6320000e-003  3.9500000e-003  6.9970000e-003  1.0883000e-002  1.7549000e-002  2.8337000e-002  4.9522000e-002  8.4614000e-002
  5.3360000e-003  2.3700000e-004  1.3300000e-004  1.4600000e-004  3.4400000e-004  5.2800000e-004  5.8800000e-004  7.6800000e-004  1.0550000e-003  1.5760000e-003  2.5490000e-003  3.9480000e-003  6.4300000e-003  1.0789000e-002  1.7374000e-002  2.8342000e-002  4.8097000e-002  8.2999000e-002
  4.7540000e-003  2.4300000e-004  1.6100000e-004  1.5600000e-004  3.7600000e-004  5.3200000e-004  5.6300000e-004  7.6900000e-004  1.0870000e-003  1.5340000e-003  2.4570000e-003  3.8590000e-003  6.3410000e-003  1.0201000e-002  1.7090000e-002  2.7885000e-002  4.8634000e-002  8.4483000e-002
  4.3470000e-003  2.0700000e-004  1.0500000e-004  1.3300000e-004  3.1700000e-004  4.5900000e-004  5.9700000e-004  7.1400000e-004  1.1490000e-003  1.5900000e-003  2.4480000e-003  3.7960000e-003  6.0990000e-003  1.0005000e-002  1.5900000e-002  2.6633000e-002  4.4948000e-002  7.8773000e-002
  3.9860000e-003  1.7500000e-004  1.0700000e-004  1.2400000e-004  3.4200000e-004  4.8100000e-004  5.0400000e-004  7.2100000e-004  9.3400000e-004  1.5600000e-003  2.3930000e-003  3.7670000e-003  5.8370000e-003  9.9890000e-003  1.6114000e-002  2.6309000e-002  4.5704000e-002  7.9446000e-002
  3.8030000e-003  1.9400000e-004  1.0700000e-004  1.1700000e-004  2.7700000e-004  4.3100000e-004  5.3300000e-004  6.6800000e-004  9.2200000e-004  1.3950000e-003  2.2890000e-003  3.7690000e-003  5.6960000e-003  9.6210000e-003  1.5824000e-002  2.6101000e-002  4.3884000e-002  7.8439000e-002
