  2.1939000e-002  1.7560000e-003  6.1700000e-004  4.7000000e-004  7.2700000e-004  9.9100000e-004  1.1500000e-003  1.3020000e-003  1.6340000e-003  2.3665000e-003  3.6375000e-003  5.5635000e-003  8.7885000e-003  1.3489000e-002  2.2325500e-002  3.8914500e-002  6.4614500e-002  1.0958900e-001
  2.0292500e-002  1.6410000e-003  5.9050000e-004  4.5900000e-004  7.1400000e-004  8.8200000e-004  1.0210000e-003  1.2300000e-003  1.5235000e-003  2.2810000e-003  3.5010000e-003  5.5210000e-003  8.6620000e-003  1.3487500e-002  2.2727000e-002  3.8474500e-002  6.5389000e-002  1.0972150e-001
  1.9761000e-002  1.6070000e-003  5.5250000e-004  4.5400000e-004  6.9700000e-004  8.6150000e-004  9.9300000e-004  1.1660000e-003  1.5765000e-003  2.2515000e-003  3.3270000e-003  5.5355000e-003  8.6675000e-003  1.3614000e-002  2.2553000e-002  3.7561000e-002  6.5366500e-002  1.0818400e-001
  1.9846000e-002  1.6205000e-003  5.1200000e-004  4.0350000e-004  6.8100000e-004  8.3700000e-004  9.1850000e-004  1.1255000e-003  1.4980000e-003  2.1335000e-003  3.2805000e-003  5.4875000e-003  8.5900000e-003  1.3625500e-002  2.2222500e-002  3.7689000e-002  6.5114500e-002  1.0759400e-001
  1.9668000e-002  1.5060000e-003  5.2300000e-004  3.9250000e-004  6.8150000e-004  8.5100000e-004  9.2350000e-004  1.0840000e-003  1.4080000e-003  2.1120000e-003  3.3800000e-003  5.3420000e-003  8.4825000e-003  1.3815500e-002  2.2313000e-002  3.8482500e-002  6.6195500e-002  1.0977150e-001
  1.9102000e-002  1.4475000e-003  5.0950000e-004  3.8200000e-004  6.4300000e-004  9.0200000e-004  9.5600000e-004  1.0615000e-003  1.4255000e-003  2.1830000e-003  3.4690000e-003  5.3755000e-003  8.6075000e-003  1.3950500e-002  2.2496500e-002  3.8683500e-002  6.6362500e-002  1.1089700e-001
  1.8470000e-002  1.3250000e-003  5.1150000e-004  3.8100000e-004  6.4150000e-004  8.9100000e-004  9.3750000e-004  1.0700000e-003  1.3920000e-003  2.2545000e-003  3.3855000e-003  5.3650000e-003  8.6590000e-003  1.4180500e-002  2.3080000e-002  3.8683000e-002  6.5803500e-002  1.1019300e-001
  1.7907500e-002  1.2895000e-003  5.2750000e-004  3.7750000e-004  6.8200000e-004  8.3700000e-004  9.3000000e-004  1.1030000e-003  1.4600000e-003  2.1665000e-003  3.2270000e-003  5.0620000e-003  8.6545000e-003  1.4338000e-002  2.3553000e-002  3.8384500e-002  6.5944000e-002  1.1036100e-001
  1.7655500e-002  1.2600000e-003  4.9750000e-004  3.3550000e-004  6.6450000e-004  8.5800000e-004  8.5800000e-004  1.1100000e-003  1.5160000e-003  2.1185000e-003  3.2110000e-003  5.1015000e-003  8.7055000e-003  1.4505000e-002  2.3112500e-002  3.9010500e-002  6.6027000e-002  1.1314200e-001
  1.7279000e-002  1.1530000e-003  4.7750000e-004  3.4400000e-004  6.7200000e-004  8.6800000e-004  8.2600000e-004  1.0890000e-003  1.5565000e-003  2.1865000e-003  3.2890000e-003  5.4200000e-003  8.7965000e-003  1.4637500e-002  2.3318000e-002  3.9828000e-002  6.5496500e-002  1.1394950e-001
  1.6754500e-002  1.1810000e-003  4.7750000e-004  3.6200000e-004  6.5900000e-004  7.7550000e-004  8.4150000e-004  9.9850000e-004  1.5355000e-003  2.1815000e-003  3.3165000e-003  5.5205000e-003  9.1345000e-003  1.4629500e-002  2.4439500e-002  4.1764500e-002  6.9748000e-002  1.1886200e-001
  1.6383500e-002  1.2055000e-003  4.8600000e-004  3.3100000e-004  6.4550000e-004  7.1650000e-004  8.0800000e-004  9.9700000e-004  1.4620000e-003  2.1755000e-003  3.3240000e-003  5.4300000e-003  8.9955000e-003  1.4741500e-002  2.4599000e-002  4.1284500e-002  7.0894000e-002  1.1938050e-001
  1.6312500e-002  1.1245000e-003  5.0500000e-004  3.3150000e-004  6.1750000e-004  7.3900000e-004  8.1500000e-004  1.0185000e-003  1.4680000e-003  2.2315000e-003  3.3570000e-003  5.4600000e-003  8.6785000e-003  1.4693500e-002  2.3778000e-002  3.9304500e-002  6.6733500e-002  1.1329700e-001
  1.4964500e-002  1.0555000e-003  4.7850000e-004  3.3900000e-004  6.2900000e-004  7.1800000e-004  8.2450000e-004  9.5100000e-004  1.4005000e-003  2.2140000e-003  3.4210000e-003  5.4600000e-003  8.8005000e-003  1.4501000e-002  2.3585500e-002  3.9522000e-002  6.5135000e-002  1.1188650e-001
  1.3854000e-002  1.0135000e-003  4.2850000e-004  3.4000000e-004  6.4850000e-004  6.7950000e-004  7.8900000e-004  9.3750000e-004  1.3910000e-003  2.1125000e-003  3.4300000e-003  5.4665000e-003  8.7120000e-003  1.4360500e-002  2.4117000e-002  3.9235500e-002  6.5203000e-002  1.0913100e-001
  1.3576500e-002  9.5700000e-004  4.2650000e-004  3.3000000e-004  6.5750000e-004  7.2450000e-004  7.4400000e-004  9.6250000e-004  1.4185000e-003  2.2260000e-003  3.4515000e-003  5.4985000e-003  8.6950000e-003  1.4473500e-002  2.4251500e-002  3.9471500e-002  6.6174500e-002  1.0896400e-001
  1.3228500e-002  9.4950000e-004  4.3850000e-004  3.2450000e-004  7.1650000e-004  7.8900000e-004  7.6900000e-004  9.9650000e-004  1.3910000e-003  2.3025000e-003  3.6245000e-003  5.4985000e-003  9.0120000e-003  1.4896000e-002  2.4630000e-002  4.0679500e-002  6.7192000e-002  1.1074400e-001
  1.2709000e-002  9.2000000e-004  4.2700000e-004  3.1800000e-004  7.2600000e-004  7.7700000e-004  7.5850000e-004  1.0270000e-003  1.4215000e-003  2.2975000e-003  3.6890000e-003  5.5640000e-003  9.1390000e-003  1.4704500e-002  2.4625500e-002  4.0608000e-002  6.6313000e-002  1.1005500e-001
  1.2264000e-002  8.9450000e-004  4.3050000e-004  3.0400000e-004  6.8600000e-004  7.5250000e-004  7.3300000e-004  1.0380000e-003  1.5005000e-003  2.2425000e-003  3.5355000e-003  5.4735000e-003  8.8970000e-003  1.4159000e-002  2.3450000e-002  4.0053500e-002  6.5221500e-002  1.0907250e-001
  1.1871500e-002  8.5800000e-004  4.3700000e-004  3.2300000e-004  6.9450000e-004  7.7750000e-004  7.5600000e-004  1.0320000e-003  1.4720000e-003  2.1210000e-003  3.5000000e-003  5.3500000e-003  8.8015000e-003  1.4045500e-002  2.3116500e-002  3.9599500e-002  6.4490000e-002  1.0808650e-001
  1.1228500e-002  8.3250000e-004  4.1600000e-004  3.0550000e-004  7.2900000e-004  7.4650000e-004  7.6150000e-004  9.7700000e-004  1.4035000e-003  2.0410000e-003  3.4295000e-003  5.4830000e-003  8.8405000e-003  1.3939000e-002  2.2973000e-002  3.8996500e-002  6.4675000e-002  1.0742500e-001
  1.0539500e-002  8.1900000e-004  4.1650000e-004  2.8800000e-004  7.3950000e-004  7.4450000e-004  7.4250000e-004  9.3900000e-004  1.3565000e-003  2.0560000e-003  3.4295000e-003  5.5850000e-003  8.7030000e-003  1.3882500e-002  2.2217000e-002  3.8236500e-002  6.3761000e-002  1.0517550e-001
  1.0066500e-002  7.9100000e-004  3.8050000e-004  3.2900000e-004  7.3000000e-004  7.7900000e-004  7.5000000e-004  8.4500000e-004  1.2610000e-003  2.0835000e-003  3.4635000e-003  5.5325000e-003  8.5740000e-003  1.3937500e-002  2.2109000e-002  3.7213500e-002  6.2185000e-002  1.0383500e-001
  9.9215000e-003  7.9150000e-004  3.1550000e-004  3.3200000e-004  6.8850000e-004  7.5200000e-004  7.6800000e-004  8.4050000e-004  1.2405000e-003  1.9010000e-003  3.2990000e-003  5.5860000e-003  8.5975000e-003  1.4091000e-002  2.2048000e-002  3.6614500e-002  6.1254500e-002  1.0249550e-001
  9.1445000e-003  6.8300000e-004  3.1750000e-004  2.8200000e-004  6.6300000e-004  7.3200000e-004  6.9650000e-004  8.7550000e-004  1.2740000e-003  1.8240000e-003  3.3240000e-003  5.6125000e-003  8.6050000e-003  1.3614500e-002  2.1714000e-002  3.5928000e-002  6.0170000e-002  9.8777000e-002
  8.5360000e-003  5.9950000e-004  3.2600000e-004  2.6150000e-004  6.4900000e-004  7.5400000e-004  6.5650000e-004  8.2250000e-004  1.2435000e-003  1.9100000e-003  3.4365000e-003  5.3885000e-003  8.5645000e-003  1.3266500e-002  2.1524000e-002  3.5491000e-002  6.0332000e-002  9.7127500e-002
  8.3905000e-003  5.9700000e-004  3.0900000e-004  2.4650000e-004  6.2350000e-004  7.6350000e-004  7.0100000e-004  7.9700000e-004  1.1995000e-003  1.9510000e-003  3.3460000e-003  5.3805000e-003  8.4730000e-003  1.3619000e-002  2.1657500e-002  3.5303500e-002  6.0457500e-002  9.8339000e-002
  8.0065000e-003  5.4750000e-004  2.7150000e-004  2.4900000e-004  6.5150000e-004  7.8600000e-004  7.4650000e-004  8.5000000e-004  1.2005000e-003  1.9280000e-003  3.2260000e-003  5.4425000e-003  8.2980000e-003  1.3707500e-002  2.1815500e-002  3.4769500e-002  5.9275000e-002  9.7549000e-002
  7.3670000e-003  5.5800000e-004  2.4850000e-004  2.3650000e-004  6.4700000e-004  7.9450000e-004  6.8100000e-004  8.2450000e-004  1.1810000e-003  1.8400000e-003  3.2240000e-003  5.2750000e-003  8.3080000e-003  1.3455000e-002  2.1490000e-002  3.4533000e-002  5.7172500e-002  9.6132500e-002
  7.3515000e-003  6.1100000e-004  2.2650000e-004  2.5000000e-004  6.5250000e-004  7.6150000e-004  6.4950000e-004  7.2100000e-004  1.1760000e-003  1.8955000e-003  3.1425000e-003  5.1635000e-003  8.3655000e-003  1.3154000e-002  2.1209500e-002  3.4079500e-002  5.6104000e-002  9.3705000e-002
  7.4825000e-003  6.1900000e-004  2.2400000e-004  2.4500000e-004  6.7000000e-004  7.5550000e-004  6.9750000e-004  7.6950000e-004  1.1350000e-003  1.8670000e-003  3.0785000e-003  5.2105000e-003  8.3120000e-003  1.3102000e-002  2.0916500e-002  3.3819000e-002  5.5355500e-002  9.0614000e-002
  7.5760000e-003  6.2950000e-004  2.1750000e-004  1.9400000e-004  6.2300000e-004  7.3250000e-004  6.7750000e-004  8.1450000e-004  1.0960000e-003  1.7505000e-003  3.1200000e-003  5.0460000e-003  8.2770000e-003  1.2972500e-002  2.0582000e-002  3.3828000e-002  5.4591500e-002  9.0427000e-002
  7.9190000e-003  6.3850000e-004  2.1500000e-004  1.9950000e-004  6.3250000e-004  7.3000000e-004  6.8450000e-004  8.4650000e-004  1.1400000e-003  1.8380000e-003  3.0875000e-003  4.9610000e-003  8.1035000e-003  1.2952500e-002  2.0334500e-002  3.4158000e-002  5.5799000e-002  9.1180500e-002
  7.6845000e-003  6.0350000e-004  2.3200000e-004  2.3100000e-004  6.8700000e-004  7.8200000e-004  6.9350000e-004  8.5150000e-004  1.1610000e-003  1.8800000e-003  3.1210000e-003  5.0660000e-003  8.0180000e-003  1.3045500e-002  2.0189000e-002  3.3901500e-002  5.5629000e-002  9.0002000e-002
  7.6545000e-003  5.8400000e-004  2.1450000e-004  2.0000000e-004  6.6000000e-004  8.1650000e-004  7.0300000e-004  8.5100000e-004  1.1240000e-003  1.8500000e-003  3.1245000e-003  5.0050000e-003  8.1755000e-003  1.3063500e-002  2.0483500e-002  3.3432000e-002  5.4432000e-002  8.9262000e-002
  7.8950000e-003  5.7300000e-004  2.0750000e-004  1.7500000e-004  5.8250000e-004  7.8450000e-004  7.1150000e-004  8.6300000e-004  1.1185000e-003  1.8725000e-003  3.1465000e-003  4.9615000e-003  8.1625000e-003  1.3044000e-002  2.0202000e-002  3.3459500e-002  5.4710500e-002  8.9943500e-002
  7.5735000e-003  5.7150000e-004  1.9050000e-004  1.8550000e-004  5.6150000e-004  7.3000000e-004  6.4150000e-004  8.8150000e-004  1.1580000e-003  1.8465000e-003  3.0335000e-003  4.7760000e-003  7.9460000e-003  1.2904000e-002  1.9739000e-002  3.2551000e-002  5.3855000e-002  8.9347000e-002
  6.9115000e-003  5.6200000e-004  1.9850000e-004  2.0700000e-004  5.7450000e-004  6.4850000e-004  6.8150000e-004  9.0600000e-004  1.2385000e-003  1.8170000e-003  2.8340000e-003  4.4095000e-003  7.7235000e-003  1.2623500e-002  1.9804000e-002  3.2414000e-002  5.3918000e-002  8.9437000e-002
  6.1660000e-003  5.3950000e-004  2.0800000e-004  1.8650000e-004  5.3950000e-004  6.1600000e-004  7.1450000e-004  8.7550000e-004  1.2785000e-003  1.7090000e-003  2.7735000e-003  4.2775000e-003  7.4785000e-003  1.2131500e-002  1.9611500e-002  3.1908000e-002  5.3647500e-002  8.8670000e-002
  5.6585000e-003  4.9350000e-004  1.7900000e-004  1.5550000e-004  5.2800000e-004  6.5200000e-004  6.9350000e-004  8.8600000e-004  1.1515000e-003  1.6015000e-003  2.7420000e-003  4.3260000e-003  7.3390000e-003  1.1824000e-002  1.8918500e-002  3.0767500e-002  5.1960500e-002  8.6761000e-002
  5.1665000e-003  4.3550000e-004  1.5100000e-004  1.7650000e-004  5.3300000e-004  6.1200000e-004  6.6700000e-004  8.7850000e-004  1.0965000e-003  1.6730000e-003  2.6505000e-003  4.1745000e-003  7.0465000e-003  1.1877000e-002  1.8842500e-002  3.1061000e-002  5.1758500e-002  8.7417000e-002
  5.0295000e-003  3.5350000e-004  1.3750000e-004  1.9200000e-004  4.9550000e-004  5.5300000e-004  6.1750000e-004  7.9800000e-004  1.0625000e-003  1.7140000e-003  2.5840000e-003  4.1020000e-003  6.7000000e-003  1.1536500e-002  1.8782500e-002  3.0764000e-002  5.0049500e-002  8.6023000e-002
  4.6375000e-003  2.7900000e-004  1.4650000e-004  1.8200000e-004  5.1650000e-004  5.7900000e-004  5.9750000e-004  7.8150000e-004  1.0180000e-003  1.5955000e-003  2.6780000e-003  3.9975000e-003  6.5875000e-003  1.0988500e-002  1.8442500e-002  2.9826000e-002  4.8841500e-002  8.3224500e-002
  4.0605000e-003  2.7350000e-004  1.3550000e-004  1.5900000e-004  4.7800000e-004  5.7350000e-004  6.4100000e-004  7.9550000e-004  1.0495000e-003  1.5180000e-003  2.6140000e-003  3.9930000e-003  6.4020000e-003  1.0607000e-002  1.7786500e-002  2.9277500e-002  4.8421000e-002  8.2484000e-002
  4.0780000e-003  2.9250000e-004  1.5250000e-004  1.4850000e-004  4.4250000e-004  5.4350000e-004  6.9450000e-004  7.7200000e-004  9.9250000e-004  1.5555000e-003  2.4795000e-003  3.9850000e-003  6.2205000e-003  1.0338500e-002  1.6773500e-002  2.8782500e-002  4.7110000e-002  8.1877500e-002
