##Finland, Death rates (period 5x1)     Last modified: 16-Nov-2010, MPv5 (May07)
0.026070 	0.001494 	0.000661 	0.000516 	0.000866 	0.001201 	0.001857 	0.002173 	0.002853 	0.004129 	0.006197 	0.009653 	0.014378 	0.022169 	0.036397 	0.059823 	0.095470 	0.153681 	0.226350 	0.330308 	0.459103 	0.842105 	0.000000 	1.0009 	# 1956
0.028106 	0.002134 	0.000675 	0.000539 	0.000925 	0.001364 	0.001629 	0.002122 	0.002799 	0.003969 	0.006288 	0.009480 	0.015236 	0.023414 	0.037675 	0.060348 	0.100685 	0.154237 	0.228152 	0.367956 	0.494346 	0.724138 	0.000000 	1.0009 	# 1957
0.024171 	0.001571 	0.000524 	0.000395 	0.000723 	0.001085 	0.001459 	0.001953 	0.002743 	0.003756 	0.005784 	0.009051 	0.014468 	0.022487 	0.034852 	0.057462 	0.094923 	0.151800 	0.232387 	0.361851 	0.376702 	0.878049 	0.000000 	1.0009 	# 1958
0.024332 	0.001374 	0.000563 	0.000416 	0.000803 	0.001181 	0.001555 	0.001879 	0.002666 	0.003652 	0.005552 	0.009011 	0.013961 	0.022147 	0.035432 	0.055640 	0.092870 	0.146306 	0.223198 	0.301879 	0.384401 	0.555556 	0.000000 	1.0009 	# 1959
0.021458 	0.001078 	0.000516 	0.000440 	0.000827 	0.001111 	0.001386 	0.001888 	0.002597 	0.003680 	0.005871 	0.009159 	0.013886 	0.022383 	0.034949 	0.058563 	0.094212 	0.144452 	0.232661 	0.327185 	0.530554 	0.562500 	0.000000 	0.000000 	# 1960
0.021334 	0.001095 	0.000532 	0.000391 	0.000869 	0.001041 	0.001336 	0.001770 	0.002474 	0.003918 	0.005734 	0.009163 	0.014316 	0.022400 	0.035111 	0.057805 	0.092722 	0.151601 	0.229426 	0.324480 	0.374456 	0.779221 	1.0009 	0.000000 	# 1961
0.020795 	0.001022 	0.000493 	0.000394 	0.000781 	0.001079 	0.001428 	0.001778 	0.002627 	0.003707 	0.006061 	0.009157 	0.014949 	0.022812 	0.036572 	0.059219 	0.100619 	0.157969 	0.248772 	0.364812 	0.581091 	0.725275 	1.0009 	3.000000 	# 1962
0.018590 	0.001042 	0.000499 	0.000406 	0.000680 	0.001069 	0.001339 	0.001869 	0.002531 	0.003696 	0.005925 	0.009726 	0.014250 	0.022294 	0.036121 	0.058028 	0.092251 	0.147606 	0.230953 	0.351233 	0.466830 	0.349515 	1.0009 	1.0009 	# 1963
0.017145 	0.000990 	0.000507 	0.000380 	0.000841 	0.001111 	0.001322 	0.001629 	0.002413 	0.003734 	0.005789 	0.009135 	0.014320 	0.022781 	0.034626 	0.057596 	0.094497 	0.149426 	0.230115 	0.333477 	0.409910 	0.865979 	1.0009 	1.0009 	# 1964
0.017726 	0.000921 	0.000626 	0.000402 	0.000705 	0.001050 	0.001326 	0.001689 	0.002595 	0.003915 	0.005804 	0.009336 	0.014434 	0.022221 	0.035897 	0.058689 	0.097545 	0.160873 	0.248950 	0.370191 	0.442344 	0.626866 	1.0009 	1.0009 	# 1965
0.015346 	0.000857 	0.000540 	0.000429 	0.000769 	0.000990 	0.001192 	0.001623 	0.002424 	0.003812 	0.005811 	0.008758 	0.014303 	0.022020 	0.034993 	0.056980 	0.095253 	0.147898 	0.237199 	0.349540 	0.486486 	0.338028 	0.000000 	1.0009 	# 1966
0.015164 	0.000794 	0.000557 	0.000414 	0.000712 	0.000960 	0.001215 	0.001442 	0.002311 	0.003668 	0.005983 	0.008975 	0.014046 	0.021936 	0.034277 	0.057043 	0.092973 	0.145871 	0.229985 	0.342928 	0.439279 	0.333333 	0.857143 	1.0009 	# 1967
0.013879 	0.000983 	0.000496 	0.000329 	0.000755 	0.000943 	0.001212 	0.001562 	0.002543 	0.003746 	0.005768 	0.009135 	0.013996 	0.021727 	0.034860 	0.056870 	0.094807 	0.152571 	0.236526 	0.322254 	0.488290 	0.654545 	1.500000 	1.0009 	# 1968
0.014088 	0.000821 	0.000585 	0.000314 	0.000755 	0.000929 	0.001351 	0.001700 	0.002465 	0.004000 	0.006124 	0.009279 	0.014350 	0.022110 	0.035104 	0.056206 	0.093078 	0.148926 	0.237286 	0.346557 	0.482883 	0.526316 	1.0009 	1.0009 	# 1969
0.013551 	0.000741 	0.000500 	0.000353 	0.000838 	0.001044 	0.001091 	0.001582 	0.002498 	0.003574 	0.005682 	0.008760 	0.013390 	0.021218 	0.032711 	0.053493 	0.087273 	0.140865 	0.218057 	0.334976 	0.367615 	0.576000 	1.0009 	1.0009 	# 1970
0.012723 	0.000660 	0.000509 	0.000408 	0.000833 	0.001010 	0.001206 	0.001556 	0.002468 	0.003977 	0.006189 	0.008680 	0.013489 	0.021563 	0.033760 	0.054562 	0.088942 	0.141638 	0.223195 	0.315341 	0.400000 	0.656250 	1.0009 	1.0009 	# 1971
0.011880 	0.000664 	0.000493 	0.000388 	0.000936 	0.001092 	0.001200 	0.001555 	0.002389 	0.003821 	0.005378 	0.008146 	0.012838 	0.020037 	0.031183 	0.050285 	0.081011 	0.137177 	0.208536 	0.312676 	0.424490 	0.454545 	0.000000 	1.0009 	# 1972
0.010519 	0.000605 	0.000496 	0.000395 	0.000852 	0.001152 	0.001157 	0.001423 	0.002134 	0.003366 	0.005517 	0.008030 	0.012343 	0.019600 	0.030537 	0.049184 	0.079041 	0.125556 	0.200657 	0.285306 	0.459103 	0.557143 	0.000000 	1.0009 	# 1973
0.011564 	0.000619 	0.000401 	0.000341 	0.000883 	0.001020 	0.001185 	0.001526 	0.002060 	0.003590 	0.005746 	0.008230 	0.012641 	0.019292 	0.030166 	0.047602 	0.078578 	0.131875 	0.202603 	0.305652 	0.409503 	0.977778 	0.857143 	1.0009 	# 1974
0.009838 	0.000668 	0.000391 	0.000322 	0.000873 	0.001168 	0.001177 	0.001360 	0.002135 	0.003393 	0.005223 	0.008049 	0.011793 	0.018912 	0.029612 	0.045844 	0.075077 	0.121349 	0.191108 	0.276103 	0.426122 	0.629371 	1.200000 	1.0009 	# 1975
0.010096 	0.000471 	0.000323 	0.000265 	0.000763 	0.001048 	0.001281 	0.001343 	0.002066 	0.003137 	0.005340 	0.008180 	0.011870 	0.018484 	0.029466 	0.046263 	0.076011 	0.119891 	0.188408 	0.285035 	0.370747 	0.464088 	3.000000 	1.0009 	# 1976
0.009006 	0.000552 	0.000320 	0.000233 	0.000640 	0.000858 	0.001167 	0.001393 	0.002017 	0.003034 	0.005177 	0.007659 	0.011937 	0.018573 	0.028261 	0.044183 	0.071473 	0.114093 	0.177946 	0.266832 	0.358458 	0.594059 	1.0009 	1.0009 	# 1977
0.007536 	0.000441 	0.000308 	0.000290 	0.000650 	0.000833 	0.001031 	0.001312 	0.001904 	0.002871 	0.004763 	0.007570 	0.011276 	0.017371 	0.027018 	0.043801 	0.070298 	0.110339 	0.175803 	0.253401 	0.343103 	0.334884 	6.000000 	1.0009 	# 1978
0.007687 	0.000385 	0.000286 	0.000271 	0.000674 	0.000850 	0.001095 	0.001279 	0.001853 	0.002828 	0.004584 	0.007313 	0.011258 	0.016573 	0.026584 	0.043007 	0.068083 	0.106791 	0.164363 	0.250670 	0.398402 	0.421488 	6.000000 	1.0009 	# 1979
0.007618 	0.000373 	0.000234 	0.000220 	0.000600 	0.000880 	0.001040 	0.001333 	0.001746 	0.002685 	0.003936 	0.007023 	0.010537 	0.016546 	0.026265 	0.041996 	0.066155 	0.110518 	0.175951 	0.267446 	0.354749 	0.553191 	0.000000 	1.0009 	# 1980
0.006507 	0.000344 	0.000290 	0.000257 	0.000583 	0.000714 	0.001025 	0.001396 	0.001640 	0.002528 	0.004208 	0.006830 	0.010592 	0.016338 	0.025649 	0.040237 	0.064861 	0.107328 	0.167215 	0.261019 	0.346593 	0.360360 	0.750000 	1.0009 	# 1981
0.006047 	0.000319 	0.000219 	0.000237 	0.000529 	0.000725 	0.000958 	0.001248 	0.001622 	0.002620 	0.004027 	0.006777 	0.009963 	0.015536 	0.024261 	0.038956 	0.062558 	0.099801 	0.153741 	0.244624 	0.291787 	0.323944 	0.000000 	1.0009 	# 1982
0.006164 	0.000384 	0.000229 	0.000157 	0.000639 	0.000757 	0.000954 	0.001221 	0.001685 	0.002554 	0.003827 	0.006273 	0.010403 	0.015205 	0.024029 	0.039958 	0.064635 	0.104207 	0.158017 	0.244783 	0.364356 	0.508671 	0.800000 	1.0009 	# 1983
0.006421 	0.000309 	0.000226 	0.000191 	0.000589 	0.000795 	0.000943 	0.001202 	0.001578 	0.002538 	0.003732 	0.006075 	0.009993 	0.015465 	0.023784 	0.038328 	0.061412 	0.100032 	0.153661 	0.235283 	0.314610 	0.477396 	0.260870 	1.0009 	# 1984
0.006191 	0.000276 	0.000235 	0.000235 	0.000584 	0.000745 	0.000871 	0.001175 	0.001678 	0.002500 	0.003962 	0.006303 	0.009979 	0.015701 	0.024043 	0.039453 	0.064381 	0.106802 	0.170374 	0.263163 	0.387722 	0.622222 	0.692308 	1.0009 	# 1985
0.005735 	0.000252 	0.000161 	0.000186 	0.000599 	0.000860 	0.000966 	0.001264 	0.001755 	0.002609 	0.004111 	0.006206 	0.009726 	0.015063 	0.022966 	0.037678 	0.061563 	0.098919 	0.158162 	0.244629 	0.356987 	0.481283 	0.387097 	1.0009 	# 1986
0.006128 	0.000345 	0.000193 	0.000189 	0.000639 	0.000770 	0.001004 	0.001349 	0.001896 	0.002530 	0.003715 	0.005978 	0.009578 	0.014942 	0.023578 	0.037092 	0.060088 	0.098976 	0.160126 	0.236117 	0.382979 	0.416290 	0.266667 	1.0009 	# 1987
0.006188 	0.000266 	0.000188 	0.000203 	0.000662 	0.000871 	0.000959 	0.001315 	0.001984 	0.002718 	0.004169 	0.006079 	0.009352 	0.014561 	0.022640 	0.036566 	0.061068 	0.099448 	0.157117 	0.254513 	0.367714 	0.545455 	0.857143 	0.000000 	# 1988
0.005999 	0.000348 	0.000169 	0.000194 	0.000743 	0.000876 	0.000987 	0.001388 	0.001819 	0.002754 	0.003932 	0.005856 	0.009243 	0.014715 	0.021687 	0.035662 	0.058353 	0.097880 	0.160007 	0.249022 	0.366885 	0.407202 	0.888889 	3.000000 	# 1989
0.005685 	0.000292 	0.000208 	0.000194 	0.000767 	0.001076 	0.000927 	0.001350 	0.001849 	0.002858 	0.003918 	0.005927 	0.008765 	0.014041 	0.022008 	0.035837 	0.058009 	0.098259 	0.163556 	0.247046 	0.355348 	0.414779 	1.000000 	1.0009 	# 1990
0.005807 	0.000292 	0.000184 	0.000167 	0.000623 	0.000946 	0.000948 	0.001357 	0.002063 	0.002697 	0.003864 	0.005428 	0.008362 	0.013762 	0.021262 	0.033620 	0.057219 	0.093749 	0.158383 	0.233146 	0.356041 	0.488008 	0.818182 	1.0009 	# 1991
0.005162 	0.000192 	0.000196 	0.000191 	0.000584 	0.000868 	0.000917 	0.001215 	0.001912 	0.002690 	0.003877 	0.005410 	0.007945 	0.013418 	0.021030 	0.033535 	0.057642 	0.094305 	0.152304 	0.247354 	0.355506 	0.494336 	0.666667 	1.0009 	# 1992
0.004331 	0.000258 	0.000170 	0.000159 	0.000489 	0.000716 	0.000986 	0.001151 	0.001637 	0.002545 	0.003591 	0.005428 	0.008022 	0.012841 	0.020608 	0.033250 	0.056557 	0.096792 	0.168042 	0.255967 	0.388507 	0.536041 	0.226415 	1.0009 	# 1993
0.004694 	0.000225 	0.000133 	0.000176 	0.000563 	0.000814 	0.000906 	0.000973 	0.001667 	0.002515 	0.003545 	0.005041 	0.007223 	0.012288 	0.018743 	0.031455 	0.051629 	0.089299 	0.147070 	0.242123 	0.369231 	0.489681 	1.116279 	1.0009 	# 1994
0.003883 	0.000248 	0.000149 	0.000169 	0.000534 	0.000677 	0.000820 	0.001055 	0.001629 	0.002424 	0.003653 	0.005232 	0.007644 	0.011796 	0.019344 	0.030896 	0.052771 	0.089781 	0.151865 	0.235837 	0.361167 	0.471854 	0.882353 	1.0009 	# 1995
0.003876 	0.000203 	0.000160 	0.000198 	0.000440 	0.000744 	0.000839 	0.001061 	0.001603 	0.002475 	0.003556 	0.004722 	0.007493 	0.011120 	0.018923 	0.030217 	0.050758 	0.087428 	0.148171 	0.248957 	0.377838 	0.579572 	1.235294 	1.0009 	# 1996
0.003873 	0.000242 	0.000204 	0.000170 	0.000443 	0.000727 	0.000806 	0.000962 	0.001533 	0.002442 	0.003527 	0.005111 	0.007267 	0.010950 	0.018142 	0.029581 	0.049109 	0.085046 	0.147845 	0.243144 	0.353185 	0.606255 	0.214286 	0.000000 	# 1997
0.004074 	0.000187 	0.000101 	0.000158 	0.000473 	0.000672 	0.000729 	0.001017 	0.001449 	0.002292 	0.003553 	0.005228 	0.007091 	0.010897 	0.017817 	0.029552 	0.048516 	0.083755 	0.142205 	0.236610 	0.384824 	0.543269 	0.789474 	0.000000 	# 1998
0.003651 	0.000213 	0.000179 	0.000159 	0.000503 	0.000720 	0.000804 	0.001017 	0.001358 	0.002257 	0.003476 	0.004817 	0.007094 	0.011014 	0.016952 	0.028386 	0.046988 	0.082688 	0.145226 	0.237690 	0.347565 	0.492873 	0.800000 	0.000000 	# 1999
0.003702 	0.000173 	0.000110 	0.000148 	0.000514 	0.000798 	0.000812 	0.001025 	0.001407 	0.002257 	0.003351 	0.005072 	0.006825 	0.010395 	0.016265 	0.026922 	0.045885 	0.081866 	0.142266 	0.242027 	0.368076 	0.486762 	0.567568 	3.000000 	# 2000
0.003227 	0.000155 	0.000139 	0.000106 	0.000471 	0.000732 	0.000830 	0.000959 	0.001314 	0.002156 	0.003231 	0.004691 	0.006575 	0.010039 	0.015408 	0.025981 	0.045286 	0.077904 	0.136892 	0.234234 	0.348732 	0.532410 	0.640000 	1.0009 	# 2001
0.003027 	0.000161 	0.000129 	0.000113 	0.000466 	0.000746 	0.000673 	0.000976 	0.001325 	0.002011 	0.003094 	0.004698 	0.006551 	0.009764 	0.015255 	0.026116 	0.044109 	0.077214 	0.140278 	0.241456 	0.369362 	0.534897 	0.441176 	1.0009 	# 2002
0.003128 	0.000211 	0.000093 	0.000155 	0.000426 	0.000720 	0.000731 	0.000789 	0.001168 	0.001921 	0.003175 	0.004758 	0.006728 	0.009851 	0.014559 	0.024691 	0.043126 	0.074170 	0.135973 	0.233638 	0.355811 	0.488746 	0.211765 	1.0009 	# 2003
0.003348 	0.000210 	0.000119 	0.000112 	0.000452 	0.000753 	0.000715 	0.000777 	0.001309 	0.001993 	0.003170 	0.004912 	0.006903 	0.009839 	0.014590 	0.023499 	0.039179 	0.069457 	0.123960 	0.212659 	0.338402 	0.520812 	0.606742 	0.000000 	# 2004
0.003028 	0.000289 	0.000219 	0.000167 	0.000397 	0.000616 	0.000615 	0.000881 	0.001336 	0.001986 	0.003237 	0.005038 	0.007293 	0.009860 	0.014050 	0.022392 	0.037927 	0.067515 	0.118990 	0.212099 	0.327439 	0.546535 	1.000000 	0.857143 	# 2005
0.002874 	0.000123 	0.000113 	0.000129 	0.000506 	0.000710 	0.000637 	0.000828 	0.001152 	0.001767 	0.002976 	0.004695 	0.006881 	0.009440 	0.013745 	0.021983 	0.037311 	0.067137 	0.117006 	0.209898 	0.322240 	0.520604 	0.560000 	4.000000 	# 2006

##Japan, Death rates (period 5x1)     Last modified: 15-Dec-2010, MPv5 (May07)
0.040978 	0.003779 	0.001212 	0.000622 	0.001205 	0.002212 	0.002399 	0.002630 	0.003153 	0.004133 	0.006175 	0.009593 	0.014707 	0.023075 	0.037137 	0.061169 	0.096525 	0.150552 	0.227220 	0.334515 	0.487423 	0.565327 	0.137931 	0.315789 	# 1956
0.039897 	0.003555 	0.001143 	0.000650 	0.001227 	0.002163 	0.002349 	0.002620 	0.003127 	0.004131 	0.006208 	0.009619 	0.015133 	0.023689 	0.038529 	0.064661 	0.102528 	0.159209 	0.245623 	0.357174 	0.502430 	0.657431 	0.900000 	1.000000 	# 1957
0.036446 	0.002943 	0.000996 	0.000581 	0.001097 	0.002001 	0.002166 	0.002328 	0.002821 	0.003739 	0.005723 	0.008853 	0.013776 	0.021424 	0.034368 	0.056633 	0.089845 	0.139018 	0.206261 	0.307331 	0.412988 	0.484778 	1.034483 	0.000000 	# 1958
0.034282 	0.002810 	0.000994 	0.000582 	0.001072 	0.001831 	0.002048 	0.002281 	0.002728 	0.003645 	0.005445 	0.008588 	0.013654 	0.020948 	0.033977 	0.055991 	0.089788 	0.142198 	0.209261 	0.312283 	0.430830 	0.558598 	0.642857 	0.000000 	# 1959
0.031259 	0.002459 	0.000886 	0.000515 	0.001062 	0.001753 	0.001930 	0.002093 	0.002606 	0.003528 	0.005375 	0.008467 	0.013488 	0.021342 	0.034628 	0.057727 	0.095317 	0.149776 	0.222376 	0.335109 	0.460043 	0.649022 	0.750000 	0.000000 	# 1960
0.029127 	0.002144 	0.000809 	0.000502 	0.001013 	0.001615 	0.001785 	0.002012 	0.002473 	0.003377 	0.005120 	0.008110 	0.013179 	0.020450 	0.033556 	0.055797 	0.092982 	0.148886 	0.224891 	0.331777 	0.444212 	0.591065 	0.120000 	0.000000 	# 1961
0.027199 	0.001886 	0.000701 	0.000468 	0.000853 	0.001453 	0.001661 	0.001910 	0.002386 	0.003295 	0.005013 	0.008041 	0.012885 	0.020600 	0.033895 	0.057095 	0.097343 	0.155143 	0.235587 	0.342635 	0.488704 	0.625337 	0.500000 	0.000000 	# 1962
0.023884 	0.001620 	0.000648 	0.000410 	0.000775 	0.001303 	0.001525 	0.001777 	0.002320 	0.003154 	0.004834 	0.007509 	0.012114 	0.019443 	0.031903 	0.052661 	0.087511 	0.139755 	0.213107 	0.307264 	0.411291 	0.529721 	0.750000 	0.000000 	# 1963
0.021084 	0.001475 	0.000628 	0.000409 	0.000746 	0.001242 	0.001438 	0.001678 	0.002249 	0.003095 	0.004654 	0.007307 	0.011761 	0.019015 	0.031151 	0.052218 	0.086912 	0.139250 	0.210975 	0.307786 	0.436398 	0.658213 	0.439024 	0.857143 	# 1964
0.019684 	0.001394 	0.000579 	0.000391 	0.000695 	0.001150 	0.001343 	0.001644 	0.002172 	0.002969 	0.004654 	0.007193 	0.011610 	0.019403 	0.031936 	0.053383 	0.090366 	0.149185 	0.226847 	0.332101 	0.452536 	0.551948 	0.529412 	0.000000 	# 1965
0.016885 	0.001292 	0.000571 	0.000388 	0.000736 	0.001121 	0.001299 	0.001580 	0.002144 	0.002912 	0.004352 	0.006873 	0.011163 	0.018402 	0.030027 	0.050353 	0.083216 	0.134937 	0.208141 	0.301471 	0.429888 	0.540167 	0.923077 	0.857143 	# 1966
0.017718 	0.001152 	0.000502 	0.000378 	0.000699 	0.001068 	0.001257 	0.001491 	0.002064 	0.002825 	0.004174 	0.006576 	0.010767 	0.017785 	0.029269 	0.048923 	0.082064 	0.133886 	0.208235 	0.304818 	0.429758 	0.529351 	1.267159 	0.000000 	# 1967
0.015280 	0.001140 	0.000503 	0.000341 	0.000691 	0.001014 	0.001189 	0.001421 	0.001996 	0.002801 	0.004076 	0.006506 	0.010608 	0.017404 	0.028719 	0.048572 	0.082108 	0.133950 	0.210000 	0.310307 	0.424236 	0.499596 	0.446927 	0.000000 	# 1968
0.014483 	0.001094 	0.000498 	0.000340 	0.000732 	0.001023 	0.001172 	0.001430 	0.002026 	0.002810 	0.004061 	0.006315 	0.010295 	0.017001 	0.028623 	0.048115 	0.080112 	0.129442 	0.203785 	0.299888 	0.399366 	0.531251 	0.000000 	0.000000 	# 1969
0.013582 	0.001082 	0.000476 	0.000335 	0.000758 	0.000994 	0.001146 	0.001378 	0.001982 	0.002817 	0.003994 	0.006268 	0.010108 	0.016819 	0.028828 	0.048507 	0.080761 	0.130159 	0.208140 	0.308222 	0.418659 	0.570269 	0.475750 	1.500000 	# 1970
0.012865 	0.001009 	0.000445 	0.000302 	0.000761 	0.000958 	0.001042 	0.001300 	0.001866 	0.002702 	0.003751 	0.005850 	0.009367 	0.015573 	0.026529 	0.044080 	0.074971 	0.123923 	0.192733 	0.285908 	0.392118 	0.427383 	0.662024 	1.0009 	# 1971
0.011818 	0.000997 	0.000436 	0.000293 	0.000713 	0.000934 	0.001035 	0.001228 	0.001760 	0.002632 	0.003748 	0.005586 	0.008944 	0.014725 	0.024974 	0.042293 	0.071727 	0.118107 	0.186941 	0.279936 	0.381363 	0.392301 	0.525000 	0.000000 	# 1972
0.011581 	0.000997 	0.000427 	0.000284 	0.000704 	0.000910 	0.000956 	0.001167 	0.001717 	0.002603 	0.003709 	0.005525 	0.008718 	0.014325 	0.024476 	0.042030 	0.072963 	0.123741 	0.195134 	0.300814 	0.425519 	0.539668 	0.857143 	0.000000 	# 1973
0.010747 	0.000914 	0.000372 	0.000254 	0.000640 	0.000828 	0.000884 	0.001115 	0.001635 	0.002539 	0.003615 	0.005319 	0.008354 	0.013814 	0.023779 	0.041113 	0.071288 	0.120711 	0.194015 	0.302671 	0.430596 	0.543415 	0.523810 	0.461538 	# 1974
0.009795 	0.000849 	0.000360 	0.000252 	0.000600 	0.000802 	0.000839 	0.001064 	0.001530 	0.002429 	0.003575 	0.005146 	0.008114 	0.013026 	0.022521 	0.039644 	0.067888 	0.117033 	0.187293 	0.292454 	0.415517 	0.621667 	0.761905 	0.545455 	# 1975
0.009210 	0.000774 	0.000338 	0.000234 	0.000566 	0.000750 	0.000804 	0.000977 	0.001432 	0.002330 	0.003505 	0.005021 	0.007721 	0.012564 	0.021718 	0.038206 	0.066096 	0.114750 	0.188930 	0.288154 	0.427225 	0.507942 	0.421875 	0.750000 	# 1976
0.008802 	0.000727 	0.000324 	0.000214 	0.000524 	0.000701 	0.000763 	0.000931 	0.001373 	0.002187 	0.003456 	0.004915 	0.007299 	0.012076 	0.020586 	0.036133 	0.062807 	0.106876 	0.176801 	0.268328 	0.378186 	0.523149 	0.703448 	0.000000 	# 1977
0.008341 	0.000697 	0.000305 	0.000208 	0.000557 	0.000670 	0.000733 	0.000913 	0.001300 	0.002129 	0.003330 	0.004805 	0.007128 	0.011556 	0.019807 	0.034959 	0.061397 	0.104492 	0.171962 	0.267716 	0.372527 	0.519781 	0.720000 	0.000000 	# 1978
0.007785 	0.000646 	0.000279 	0.000193 	0.000528 	0.000647 	0.000700 	0.000853 	0.001261 	0.002014 	0.003337 	0.004760 	0.006929 	0.011051 	0.018693 	0.033258 	0.058513 	0.099419 	0.162445 	0.250339 	0.362558 	0.472991 	0.625000 	0.750000 	# 1979
0.007403 	0.000640 	0.000279 	0.000182 	0.000498 	0.000620 	0.000688 	0.000831 	0.001251 	0.001943 	0.003256 	0.004795 	0.006857 	0.011121 	0.018715 	0.033300 	0.059660 	0.102504 	0.169379 	0.269533 	0.392329 	0.517510 	0.585366 	0.000000 	# 1980
0.007042 	0.000603 	0.000260 	0.000188 	0.000502 	0.000596 	0.000652 	0.000823 	0.001193 	0.001855 	0.003117 	0.004748 	0.006750 	0.010582 	0.017921 	0.031897 	0.056976 	0.098262 	0.164521 	0.257768 	0.375435 	0.486587 	0.782609 	0.000000 	# 1981
0.006587 	0.000561 	0.000242 	0.000179 	0.000496 	0.000594 	0.000635 	0.000810 	0.001140 	0.001792 	0.003047 	0.004655 	0.006635 	0.010120 	0.017040 	0.029927 	0.053881 	0.093291 	0.152833 	0.238824 	0.345071 	0.453529 	0.493151 	1.333333 	# 1982
0.006259 	0.000524 	0.000242 	0.000172 	0.000504 	0.000622 	0.000655 	0.000809 	0.001159 	0.001808 	0.002992 	0.004776 	0.006773 	0.009976 	0.016731 	0.029431 	0.052920 	0.093662 	0.155740 	0.247934 	0.362543 	0.484805 	0.703448 	0.000000 	# 1983
0.005996 	0.000515 	0.000211 	0.000167 	0.000471 	0.000597 	0.000631 	0.000770 	0.001113 	0.001824 	0.002874 	0.004660 	0.006668 	0.009743 	0.016135 	0.027927 	0.050543 	0.090481 	0.149046 	0.237578 	0.337596 	0.475769 	0.511364 	0.857143 	# 1984
0.005453 	0.000488 	0.000209 	0.000166 	0.000472 	0.000581 	0.000607 	0.000738 	0.001058 	0.001747 	0.002771 	0.004560 	0.006579 	0.009532 	0.015690 	0.027174 	0.049405 	0.088345 	0.147819 	0.234568 	0.349230 	0.503898 	0.563969 	0.000000 	# 1985
0.005186 	0.000479 	0.000188 	0.000162 	0.000460 	0.000576 	0.000596 	0.000706 	0.001066 	0.001686 	0.002675 	0.004427 	0.006446 	0.009262 	0.014898 	0.025906 	0.046854 	0.084743 	0.142186 	0.227244 	0.336902 	0.434292 	0.713002 	0.800000 	# 1986
0.004944 	0.000459 	0.000192 	0.000150 	0.000440 	0.000551 	0.000590 	0.000688 	0.001012 	0.001584 	0.002516 	0.004185 	0.006412 	0.009245 	0.014201 	0.024654 	0.044679 	0.081097 	0.137152 	0.217801 	0.324851 	0.419069 	0.436364 	1.333333 	# 1987
0.004739 	0.000450 	0.000186 	0.000150 	0.000456 	0.000570 	0.000577 	0.000662 	0.001004 	0.001557 	0.002442 	0.004082 	0.006419 	0.009338 	0.014247 	0.024990 	0.045191 	0.082745 	0.142406 	0.228139 	0.337787 	0.476920 	0.357143 	0.000000 	# 1988
0.004493 	0.000438 	0.000191 	0.000147 	0.000444 	0.000560 	0.000564 	0.000648 	0.000958 	0.001485 	0.002402 	0.003896 	0.006295 	0.009204 	0.013986 	0.023934 	0.042567 	0.077811 	0.134843 	0.214725 	0.326576 	0.439823 	0.572254 	0.193548 	# 1989
0.004576 	0.000446 	0.000184 	0.000145 	0.000438 	0.000549 	0.000542 	0.000650 	0.000941 	0.001465 	0.002416 	0.003753 	0.006195 	0.009378 	0.013848 	0.023875 	0.042562 	0.077618 	0.137052 	0.221771 	0.328933 	0.485889 	0.646972 	0.439024 	# 1990
0.004463 	0.000410 	0.000183 	0.000131 	0.000418 	0.000530 	0.000532 	0.000634 	0.000911 	0.001502 	0.002385 	0.003722 	0.006089 	0.009296 	0.013797 	0.022958 	0.041289 	0.075245 	0.131453 	0.213375 	0.319004 	0.452081 	0.569473 	0.727273 	# 1991
0.004526 	0.000426 	0.000179 	0.000147 	0.000424 	0.000525 	0.000541 	0.000625 	0.000908 	0.001490 	0.002377 	0.003666 	0.006032 	0.009454 	0.014062 	0.022667 	0.040785 	0.073898 	0.130182 	0.210854 	0.311274 	0.427286 	0.589252 	0.193548 	# 1992
0.004331 	0.000426 	0.000180 	0.000146 	0.000387 	0.000507 	0.000503 	0.000617 	0.000899 	0.001468 	0.002369 	0.003612 	0.005908 	0.009486 	0.014141 	0.022405 	0.040489 	0.072561 	0.126157 	0.208314 	0.315575 	0.438721 	0.479602 	0.947368 	# 1993
0.004380 	0.000398 	0.000167 	0.000141 	0.000375 	0.000507 	0.000520 	0.000626 	0.000871 	0.001413 	0.002246 	0.003605 	0.005565 	0.009147 	0.013823 	0.021571 	0.038351 	0.068793 	0.120655 	0.200903 	0.300364 	0.436197 	0.523198 	0.571429 	# 1994
0.004209 	0.000416 	0.000189 	0.000159 	0.000392 	0.000521 	0.000532 	0.000651 	0.000883 	0.001415 	0.002325 	0.003711 	0.005657 	0.009218 	0.014068 	0.022091 	0.038758 	0.069187 	0.121389 	0.204466 	0.305688 	0.453359 	0.658789 	0.360000 	# 1995
0.003840 	0.000372 	0.000147 	0.000127 	0.000360 	0.000470 	0.000493 	0.000624 	0.000877 	0.001366 	0.002315 	0.003590 	0.005308 	0.008850 	0.013592 	0.020942 	0.035813 	0.063373 	0.111659 	0.185389 	0.286423 	0.393105 	0.480600 	0.089552 	# 1996
0.003708 	0.000360 	0.000141 	0.000119 	0.000354 	0.000454 	0.000500 	0.000623 	0.000857 	0.001337 	0.002270 	0.003566 	0.005265 	0.008513 	0.013374 	0.020529 	0.034774 	0.061913 	0.109223 	0.183804 	0.280884 	0.397360 	0.606172 	0.467532 	# 1997
0.003680 	0.000362 	0.000155 	0.000131 	0.000369 	0.000493 	0.000528 	0.000657 	0.000909 	0.001388 	0.002315 	0.003642 	0.005255 	0.008372 	0.013374 	0.020604 	0.033805 	0.060328 	0.105134 	0.176312 	0.274410 	0.388919 	0.547262 	0.845070 	# 1998
0.003394 	0.000331 	0.000132 	0.000128 	0.000353 	0.000485 	0.000534 	0.000668 	0.000902 	0.001398 	0.002309 	0.003575 	0.005444 	0.008242 	0.013284 	0.020911 	0.034348 	0.060695 	0.107023 	0.181223 	0.284977 	0.402687 	0.583151 	0.508475 	# 1999
0.003281 	0.000307 	0.000124 	0.000114 	0.000321 	0.000479 	0.000500 	0.000650 	0.000895 	0.001358 	0.002199 	0.003508 	0.005294 	0.007906 	0.012653 	0.019970 	0.032082 	0.056602 	0.098631 	0.166714 	0.262359 	0.378497 	0.560591 	0.545455 	# 2000
0.003096 	0.000286 	0.000119 	0.000102 	0.000317 	0.000453 	0.000496 	0.000629 	0.000892 	0.001329 	0.002150 	0.003542 	0.005135 	0.007511 	0.012153 	0.019504 	0.031278 	0.053739 	0.095403 	0.161904 	0.254916 	0.380013 	0.559593 	0.551724 	# 2001
0.003027 	0.000268 	0.000123 	0.000103 	0.000307 	0.000440 	0.000476 	0.000625 	0.000867 	0.001319 	0.002083 	0.003451 	0.005086 	0.007323 	0.011671 	0.019024 	0.030681 	0.052108 	0.092256 	0.156404 	0.248347 	0.373533 	0.458903 	0.313043 	# 2002
0.002973 	0.000249 	0.000112 	0.000108 	0.000306 	0.000427 	0.000510 	0.000638 	0.000873 	0.001347 	0.002097 	0.003430 	0.005051 	0.007231 	0.011444 	0.018889 	0.030598 	0.051688 	0.091948 	0.156512 	0.250452 	0.371043 	0.489285 	0.666667 	# 2003
0.002828 	0.000253 	0.000103 	0.000098 	0.000286 	0.000431 	0.000483 	0.000624 	0.000879 	0.001295 	0.002073 	0.003323 	0.004906 	0.007280 	0.011101 	0.018238 	0.030278 	0.050646 	0.088332 	0.151205 	0.244174 	0.374146 	0.498880 	0.617647 	# 2004
0.002759 	0.000254 	0.000111 	0.000099 	0.000275 	0.000463 	0.000508 	0.000623 	0.000869 	0.001303 	0.002056 	0.003272 	0.004946 	0.007341 	0.010947 	0.018400 	0.030646 	0.051788 	0.090343 	0.155174 	0.252977 	0.379369 	0.514902 	0.937500 	# 2005
0.002693 	0.000244 	0.000104 	0.000096 	0.000279 	0.000445 	0.000502 	0.000596 	0.000830 	0.001274 	0.002013 	0.003130 	0.004871 	0.007038 	0.010518 	0.017435 	0.029739 	0.049855 	0.086412 	0.150207 	0.242102 	0.367829 	0.535516 	0.871863 	# 2006

##The United States of America, Death rates (period 5x1)     Last modified: 13-Oct-2010, MPv5 (May07)
0.027952 	0.001104 	0.000490 	0.000456 	0.000968 	0.001355 	0.001332 	0.001646 	0.002319 	0.003756 	0.005929 	0.009251 	0.014226 	0.021155 	0.031671 	0.046818 	0.073031 	0.111700 	0.171125 	0.244585 	0.327036 	0.345493 	0.270636 	0.258526 	# 1956
0.028116 	0.001118 	0.000499 	0.000479 	0.000996 	0.001326 	0.001348 	0.001698 	0.002404 	0.003803 	0.005981 	0.009589 	0.014322 	0.021798 	0.032640 	0.047713 	0.073205 	0.112707 	0.175005 	0.250897 	0.345178 	0.372575 	0.301643 	0.260248 	# 1957
0.028027 	0.001118 	0.000483 	0.000444 	0.000918 	0.001263 	0.001291 	0.001642 	0.002329 	0.003694 	0.005850 	0.009460 	0.013971 	0.021297 	0.031889 	0.046987 	0.072649 	0.112929 	0.173338 	0.251626 	0.336401 	0.370652 	0.336535 	0.265293 	# 1958
0.027401 	0.001070 	0.000494 	0.000457 	0.000928 	0.001256 	0.001289 	0.001642 	0.002305 	0.003620 	0.005819 	0.009278 	0.013875 	0.020924 	0.031131 	0.046162 	0.071121 	0.110849 	0.170931 	0.247452 	0.327127 	0.352606 	0.313288 	0.284732 	# 1959
0.026866 	0.001090 	0.000488 	0.000435 	0.000916 	0.001224 	0.001313 	0.001614 	0.002340 	0.003688 	0.005904 	0.009379 	0.013785 	0.021470 	0.031368 	0.046853 	0.071540 	0.111844 	0.171729 	0.251629 	0.338607 	0.385219 	0.323390 	0.262597 	# 1960
0.026056 	0.001018 	0.000457 	0.000424 	0.000868 	0.001200 	0.001260 	0.001593 	0.002295 	0.003597 	0.005720 	0.009124 	0.013194 	0.021007 	0.030695 	0.045027 	0.069638 	0.109183 	0.168736 	0.245059 	0.333052 	0.362018 	0.306432 	0.295306 	# 1961
0.025725 	0.000994 	0.000457 	0.000417 	0.000886 	0.001223 	0.001279 	0.001605 	0.002365 	0.003628 	0.005803 	0.009248 	0.013390 	0.021225 	0.031083 	0.045431 	0.070773 	0.110645 	0.172873 	0.250308 	0.344817 	0.380026 	0.327370 	0.326052 	# 1962
0.025684 	0.001016 	0.000453 	0.000412 	0.000903 	0.001245 	0.001321 	0.001633 	0.002410 	0.003671 	0.005890 	0.009314 	0.013690 	0.021596 	0.031341 	0.046208 	0.071898 	0.112078 	0.175445 	0.256057 	0.354489 	0.392665 	0.323477 	0.311733 	# 1963
0.025388 	0.000986 	0.000447 	0.000416 	0.000939 	0.001262 	0.001334 	0.001693 	0.002421 	0.003700 	0.005810 	0.009241 	0.013364 	0.021320 	0.030301 	0.044541 	0.069454 	0.107641 	0.167372 	0.244288 	0.332203 	0.377030 	0.334981 	0.214436 	# 1964
0.024628 	0.000963 	0.000439 	0.000406 	0.000951 	0.001272 	0.001337 	0.001678 	0.002425 	0.003706 	0.005830 	0.009245 	0.013364 	0.021185 	0.030459 	0.044283 	0.069813 	0.107780 	0.168420 	0.245210 	0.333917 	0.382392 	0.326153 	0.206085 	# 1965
0.023806 	0.000967 	0.000445 	0.000411 	0.001034 	0.001316 	0.001363 	0.001700 	0.002420 	0.003749 	0.005889 	0.009246 	0.013556 	0.020952 	0.030624 	0.044940 	0.069822 	0.107708 	0.167259 	0.246156 	0.332808 	0.387164 	0.374190 	0.298277 	# 1966
0.022811 	0.000894 	0.000430 	0.000406 	0.001016 	0.001352 	0.001362 	0.001678 	0.002455 	0.003705 	0.005825 	0.009054 	0.013422 	0.020431 	0.029862 	0.044174 	0.067858 	0.104536 	0.162289 	0.239439 	0.322197 	0.362542 	0.277721 	0.237045 	# 1967
0.022381 	0.000897 	0.000445 	0.000417 	0.001081 	0.001421 	0.001436 	0.001730 	0.002516 	0.003835 	0.005981 	0.009206 	0.013822 	0.020927 	0.030781 	0.045316 	0.069595 	0.106566 	0.165565 	0.247127 	0.333210 	0.360818 	0.346288 	0.269998 	# 1968
0.021862 	0.000876 	0.000441 	0.000414 	0.001133 	0.001475 	0.001453 	0.001743 	0.002522 	0.003847 	0.005877 	0.008921 	0.013614 	0.020149 	0.030139 	0.044099 	0.067470 	0.103912 	0.160694 	0.238480 	0.327677 	0.355945 	0.328690 	0.216884 	# 1969
0.021233 	0.000841 	0.000423 	0.000405 	0.001096 	0.001455 	0.001433 	0.001713 	0.002476 	0.003778 	0.005843 	0.008848 	0.013572 	0.019914 	0.029563 	0.043543 	0.066243 	0.100178 	0.153624 	0.227810 	0.310204 	0.351311 	0.292204 	0.229834 	# 1970
0.019359 	0.000821 	0.000421 	0.000401 	0.001103 	0.001458 	0.001423 	0.001685 	0.002423 	0.003681 	0.005693 	0.008608 	0.013237 	0.019541 	0.028509 	0.043052 	0.065548 	0.099142 	0.154821 	0.229281 	0.318274 	0.350868 	0.317123 	0.223847 	# 1971
0.018009 	0.000808 	0.000408 	0.000404 	0.001105 	0.001452 	0.001417 	0.001669 	0.002362 	0.003645 	0.005742 	0.008527 	0.013219 	0.019608 	0.028720 	0.043775 	0.065982 	0.099571 	0.153589 	0.226956 	0.319048 	0.368744 	0.357212 	0.273132 	# 1972
0.017573 	0.000794 	0.000411 	0.000403 	0.001111 	0.001452 	0.001411 	0.001650 	0.002348 	0.003554 	0.005640 	0.008346 	0.013039 	0.019253 	0.027970 	0.042981 	0.064590 	0.099066 	0.153655 	0.229385 	0.324878 	0.374709 	0.349495 	0.278516 	# 1973
0.016977 	0.000735 	0.000371 	0.000384 	0.001049 	0.001375 	0.001348 	0.001564 	0.002182 	0.003395 	0.005408 	0.008101 	0.012357 	0.018645 	0.026851 	0.041924 	0.061243 	0.095311 	0.148462 	0.220989 	0.314164 	0.373472 	0.312613 	0.283226 	# 1974
0.016157 	0.000699 	0.000350 	0.000355 	0.001002 	0.001362 	0.001335 	0.001494 	0.002090 	0.003249 	0.005134 	0.007855 	0.011883 	0.018006 	0.025711 	0.040359 	0.058586 	0.090780 	0.138804 	0.208193 	0.294500 	0.360253 	0.343612 	0.288496 	# 1975
0.015220 	0.000685 	0.000343 	0.000342 	0.000960 	0.001289 	0.001278 	0.001400 	0.001977 	0.003128 	0.004989 	0.007703 	0.011594 	0.017872 	0.025320 	0.039299 	0.057806 	0.090070 	0.140239 	0.213177 	0.305342 	0.373854 	0.362399 	0.269410 	# 1976
0.014431 	0.000672 	0.000333 	0.000346 	0.000999 	0.001308 	0.001275 	0.001397 	0.001941 	0.003040 	0.004827 	0.007548 	0.011241 	0.017428 	0.024707 	0.038429 	0.055709 	0.087427 	0.134166 	0.203584 	0.288513 	0.357036 	0.367737 	0.298021 	# 1977
0.013741 	0.000678 	0.000327 	0.000337 	0.000990 	0.001318 	0.001273 	0.001362 	0.001899 	0.002954 	0.004723 	0.007441 	0.011001 	0.017256 	0.024508 	0.037860 	0.055015 	0.087027 	0.134535 	0.204637 	0.293812 	0.377557 	0.368564 	0.283677 	# 1978
0.013278 	0.000641 	0.000312 	0.000317 	0.000990 	0.001311 	0.001299 	0.001363 	0.001849 	0.002832 	0.004533 	0.007199 	0.010707 	0.016522 	0.023944 	0.036423 	0.053458 	0.084364 	0.129794 	0.195695 	0.282900 	0.363846 	0.351779 	0.291746 	# 1979
0.012835 	0.000634 	0.000307 	0.000307 	0.000986 	0.001323 	0.001308 	0.001378 	0.001828 	0.002793 	0.004490 	0.007139 	0.010871 	0.016417 	0.024539 	0.036729 	0.054526 	0.086558 	0.133887 	0.204788 	0.296772 	0.398787 	0.386981 	0.293472 	# 1980
0.012008 	0.000606 	0.000290 	0.000296 	0.000901 	0.001232 	0.001278 	0.001376 	0.001776 	0.002708 	0.004402 	0.006966 	0.010720 	0.016049 	0.024040 	0.035857 	0.052732 	0.084362 	0.130665 	0.197508 	0.287300 	0.378928 	0.397237 	0.321576 	# 1981
0.011658 	0.000582 	0.000283 	0.000282 	0.000855 	0.001151 	0.001188 	0.001314 	0.001706 	0.002554 	0.004196 	0.006728 	0.010440 	0.015859 	0.023697 	0.035329 	0.052579 	0.082711 	0.127333 	0.190616 	0.279991 	0.364334 	0.379070 	0.357170 	# 1982
0.011186 	0.000562 	0.000265 	0.000274 	0.000811 	0.001081 	0.001145 	0.001289 	0.001638 	0.002506 	0.004048 	0.006666 	0.010471 	0.015865 	0.023571 	0.035613 	0.052989 	0.083336 	0.129433 	0.196852 	0.287485 	0.376911 	0.397505 	0.399546 	# 1983
0.010945 	0.000524 	0.000254 	0.000283 	0.000803 	0.001098 	0.001131 	0.001315 	0.001674 	0.002515 	0.003993 	0.006514 	0.010313 	0.015776 	0.023297 	0.035327 	0.052428 	0.082311 	0.128528 	0.195812 	0.287528 	0.384076 	0.442135 	0.352258 	# 1984
0.010920 	0.000518 	0.000250 	0.000281 	0.000803 	0.001078 	0.001141 	0.001354 	0.001722 	0.002515 	0.003984 	0.006467 	0.010257 	0.015742 	0.023179 	0.035396 	0.052638 	0.082938 	0.130110 	0.199945 	0.292928 	0.369317 	0.462431 	0.420788 	# 1985
0.010522 	0.000525 	0.000239 	0.000285 	0.000865 	0.001144 	0.001213 	0.001464 	0.001825 	0.002520 	0.003906 	0.006351 	0.009919 	0.015558 	0.022903 	0.035140 	0.051978 	0.081584 	0.127961 	0.197783 	0.290879 	0.381921 	0.441300 	0.399183 	# 1986
0.010358 	0.000521 	0.000247 	0.000271 	0.000836 	0.001111 	0.001214 	0.001487 	0.001865 	0.002489 	0.003855 	0.006293 	0.009824 	0.015348 	0.022660 	0.034565 	0.051318 	0.080723 	0.127108 	0.197451 	0.293386 	0.406738 	0.443906 	0.440554 	# 1987
0.010321 	0.000514 	0.000246 	0.000276 	0.000869 	0.001126 	0.001235 	0.001513 	0.001926 	0.002512 	0.003848 	0.006142 	0.009827 	0.015256 	0.022536 	0.034224 	0.051205 	0.081649 	0.128659 	0.201629 	0.300281 	0.410115 	0.451890 	0.395909 	# 1988
0.010250 	0.000498 	0.000241 	0.000274 	0.000859 	0.001085 	0.001251 	0.001552 	0.001945 	0.002535 	0.003788 	0.006002 	0.009617 	0.014821 	0.021997 	0.033162 	0.049978 	0.079061 	0.123728 	0.193726 	0.294558 	0.404333 	0.470707 	0.455912 	# 1989
0.009648 	0.000466 	0.000221 	0.000257 	0.000888 	0.001098 	0.001254 	0.001525 	0.001957 	0.002489 	0.003748 	0.005849 	0.009345 	0.014557 	0.021630 	0.032391 	0.048963 	0.077459 	0.120957 	0.190219 	0.284830 	0.389049 	0.498446 	0.439016 	# 1990
0.009182 	0.000475 	0.000215 	0.000256 	0.000885 	0.001102 	0.001222 	0.001533 	0.001969 	0.002565 	0.003718 	0.005729 	0.009235 	0.014312 	0.021379 	0.031986 	0.048027 	0.076642 	0.119643 	0.188676 	0.285339 	0.397381 	0.482465 	0.321376 	# 1991
0.008742 	0.000435 	0.000203 	0.000244 	0.000835 	0.001051 	0.001187 	0.001522 	0.001985 	0.002607 	0.003697 	0.005612 	0.008977 	0.013987 	0.021076 	0.031467 	0.047169 	0.075183 	0.117981 	0.184986 	0.280369 	0.393384 	0.438191 	0.439633 	# 1992
0.008572 	0.000447 	0.000210 	0.000254 	0.000857 	0.001080 	0.001201 	0.001576 	0.002043 	0.002691 	0.003686 	0.005649 	0.008960 	0.014114 	0.021271 	0.031741 	0.048152 	0.077275 	0.122952 	0.193125 	0.296148 	0.421600 	0.521118 	0.495878 	# 1993
0.008246 	0.000428 	0.000197 	0.000248 	0.000856 	0.001069 	0.001184 	0.001591 	0.002070 	0.002726 	0.003721 	0.005626 	0.008731 	0.013882 	0.020828 	0.031331 	0.047067 	0.076295 	0.121428 	0.191945 	0.292695 	0.415932 	0.491094 	0.444138 	# 1994
0.007798 	0.000404 	0.000195 	0.000251 	0.000821 	0.001049 	0.001151 	0.001572 	0.002066 	0.002757 	0.003709 	0.005585 	0.008629 	0.013709 	0.020472 	0.031179 	0.046934 	0.075896 	0.122395 	0.193762 	0.297736 	0.422809 	0.531944 	0.503083 	# 1995
0.007574 	0.000380 	0.000190 	0.000235 	0.000775 	0.000993 	0.001045 	0.001390 	0.001867 	0.002575 	0.003642 	0.005337 	0.008416 	0.013536 	0.020106 	0.030918 	0.046500 	0.075454 	0.121813 	0.194056 	0.296554 	0.430990 	0.540155 	0.459388 	# 1996
0.007481 	0.000355 	0.000180 	0.000225 	0.000736 	0.000963 	0.000970 	0.001225 	0.001670 	0.002400 	0.003467 	0.005191 	0.008195 	0.013109 	0.019791 	0.030435 	0.045935 	0.074485 	0.121575 	0.195661 	0.297059 	0.430284 	0.544582 	0.489961 	# 1997
0.007529 	0.000341 	0.000172 	0.000215 	0.000697 	0.000926 	0.000918 	0.001163 	0.001625 	0.002368 	0.003416 	0.005009 	0.007998 	0.012752 	0.019612 	0.030301 	0.045571 	0.074299 	0.121501 	0.195888 	0.300063 	0.434032 	0.563339 	0.530665 	# 1998
0.007350 	0.000342 	0.000169 	0.000204 	0.000686 	0.000908 	0.000904 	0.001133 	0.001610 	0.002366 	0.003461 	0.005009 	0.007995 	0.012569 	0.019521 	0.029957 	0.046062 	0.074251 	0.124347 	0.202039 	0.312539 	0.434661 	0.580933 	0.488697 	# 1999
0.007179 	0.000325 	0.000159 	0.000202 	0.000670 	0.000927 	0.000917 	0.001107 	0.001596 	0.002383 	0.003499 	0.005030 	0.007877 	0.012340 	0.019082 	0.029323 	0.045436 	0.073019 	0.122986 	0.202659 	0.312931 	0.446992 	0.570792 	0.416534 	# 2000
0.006884 	0.000332 	0.000153 	0.000192 	0.000668 	0.000945 	0.000960 	0.001134 	0.001658 	0.002402 	0.003550 	0.005113 	0.007745 	0.012094 	0.018689 	0.028753 	0.044804 	0.071676 	0.121512 	0.199771 	0.312572 	0.443156 	0.587729 	0.625086 	# 2001
0.007000 	0.000312 	0.000151 	0.000196 	0.000679 	0.000946 	0.000949 	0.001126 	0.001620 	0.002434 	0.003575 	0.005129 	0.007706 	0.011930 	0.018286 	0.028422 	0.044323 	0.071177 	0.120643 	0.201144 	0.314205 	0.448618 	0.588790 	0.529874 	# 2002
0.006941 	0.000315 	0.000147 	0.000192 	0.000664 	0.000964 	0.000953 	0.001114 	0.001592 	0.002410 	0.003596 	0.005170 	0.007569 	0.011831 	0.017915 	0.027747 	0.043584 	0.069670 	0.117604 	0.197615 	0.313468 	0.454722 	0.586979 	0.679525 	# 2003
0.006840 	0.000299 	0.000147 	0.000187 	0.000661 	0.000941 	0.000959 	0.001081 	0.001516 	0.002321 	0.003523 	0.005113 	0.007331 	0.011393 	0.017283 	0.026701 	0.041856 	0.067374 	0.111184 	0.187340 	0.294586 	0.425857 	0.573196 	0.609690 	# 2004
0.006921 	0.000294 	0.000145 	0.000180 	0.000651 	0.000976 	0.000974 	0.001114 	0.001494 	0.002337 	0.003531 	0.005203 	0.007333 	0.011365 	0.016983 	0.026548 	0.041575 	0.067086 	0.111261 	0.189535 	0.300812 	0.432406 	0.568930 	0.650166 	# 2005
0.006813 	0.000284 	0.000139 	0.000166 	0.000646 	0.001008 	0.001016 	0.001123 	0.001493 	0.002299 	0.003485 	0.005154 	0.007383 	0.010933 	0.016522 	0.025510 	0.040267 	0.065060 	0.106066 	0.181255 	0.286235 	0.415231 	0.545200 	0.589785 	# 2006

