##Finland,  Population size (5-year)     Last modified: 16-Nov-2010, MPv5 (May07)
87530.00 	354462.00 	496112.00 	374650.00 	324166.00 	302524.00 	317279.00 	300967.00 	261643.00 	280874.00 	281187.00 	236158.00 	195136.00 	151381.00 	120754.00 	85611.00 	52763.00 	26134.00 	7883.00 	1711.00 	177.00 	9.00 	1.00 	0.00 	# 1956
87058.00 	352158.00 	484250.00 	392192.00 	343580.00 	300083.00 	316113.00 	302853.00 	268967.00 	272719.00 	283922.00 	242635.00 	202150.00 	154360.00 	123389.00 	88775.00 	53114.00 	26750.00 	8480.00 	1673.00 	201.00 	10.00 	1.00 	0.00 	# 1957
84909.00 	346815.00 	472826.00 	435893.00 	335621.00 	300980.00 	312608.00 	305122.00 	273345.00 	265418.00 	285075.00 	250372.00 	208545.00 	158800.00 	123714.00 	91257.00 	54103.00 	27423.00 	9075.00 	1596.00 	207.00 	7.00 	1.00 	0.00 	# 1958
79523.00 	343113.00 	458260.00 	466408.00 	337004.00 	309348.00 	302682.00 	306106.00 	280029.00 	261714.00 	283397.00 	257872.00 	211703.00 	167066.00 	123662.00 	93887.00 	55943.00 	27802.00 	9601.00 	1492.00 	226.00 	6.00 	1.00 	0.00 	# 1959
81362.00 	335021.00 	447423.00 	489632.00 	340805.00 	317166.00 	295263.00 	308043.00 	293874.00 	249854.00 	279648.00 	264218.00 	217905.00 	173639.00 	126508.00 	94832.00 	57869.00 	28577.00 	10016.00 	1739.00 	250.00 	11.00 	1.00 	0.00 	# 1960
79219.00 	329369.00 	439421.00 	492178.00 	372438.00 	312651.00 	289347.00 	308535.00 	294434.00 	256081.00 	273220.00 	270526.00 	222817.00 	178185.00 	131423.00 	95949.00 	59214.00 	29354.00 	10132.00 	2004.00 	220.00 	11.00 	0.00 	1.00 	# 1961
80364.00 	320682.00 	435900.00 	479852.00 	389381.00 	333144.00 	285578.00 	306156.00 	295812.00 	262566.00 	265010.00 	272903.00 	228700.00 	184471.00 	133975.00 	98144.00 	61620.00 	29281.00 	10471.00 	2138.00 	236.00 	14.00 	0.00 	1.00 	# 1962
79815.00 	317411.00 	427423.00 	469664.00 	432203.00 	326462.00 	287379.00 	302312.00 	298096.00 	267207.00 	257652.00 	274237.00 	235821.00 	190485.00 	137621.00 	98549.00 	62743.00 	29991.00 	10561.00 	2203.00 	203.00 	14.00 	0.00 	0.00 	# 1963
80744.00 	317773.00 	418452.00 	455546.00 	461508.00 	328469.00 	296656.00 	292680.00 	299400.00 	273915.00 	254397.00 	272306.00 	242896.00 	193370.00 	144896.00 	98543.00 	64753.00 	31137.00 	10762.00 	2266.00 	199.00 	19.00 	0.00 	0.00 	# 1964
78579.00 	316865.00 	409937.00 	444659.00 	482133.00 	328422.00 	302512.00 	284318.00 	301534.00 	287385.00 	242740.00 	268655.00 	248828.00 	198959.00 	150676.00 	100989.00 	65612.00 	32098.00 	11064.00 	2374.00 	246.00 	12.00 	0.00 	0.00 	# 1965
75740.00 	315151.00 	401860.00 	435402.00 	482168.00 	355180.00 	296260.00 	278204.00 	302010.00 	287844.00 	248616.00 	262382.00 	254676.00 	203467.00 	154593.00 	104832.00 	66132.00 	32490.00 	11167.00 	2294.00 	282.00 	10.00 	0.00 	0.00 	# 1966
75633.00 	310355.00 	394866.00 	432183.00 	469889.00 	369813.00 	316327.00 	275173.00 	300202.00 	289725.00 	255289.00 	254870.00 	256956.00 	209212.00 	160366.00 	107108.00 	67430.00 	33880.00 	11066.00 	2381.00 	276.00 	13.00 	1.00 	0.00 	# 1967
75197.00 	306959.00 	390958.00 	423583.00 	460406.00 	411093.00 	310722.00 	278281.00 	296830.00 	292048.00 	259816.00 	247905.00 	258224.00 	216031.00 	165781.00 	110133.00 	67980.00 	35197.00 	11475.00 	2477.00 	297.00 	18.00 	1.00 	0.00 	# 1968
71487.00 	301059.00 	391813.00 	414568.00 	445639.00 	437405.00 	311451.00 	287529.00 	287550.00 	293081.00 	266180.00 	244665.00 	256640.00 	222666.00 	168317.00 	116118.00 	67753.00 	35627.00 	11944.00 	2594.00 	274.00 	18.00 	0.00 	0.00 	# 1969
64826.00 	291217.00 	387365.00 	406068.00 	431099.00 	449217.00 	307109.00 	293692.00 	280349.00 	294473.00 	278883.00 	233190.00 	253044.00 	228245.00 	173398.00 	121140.00 	70163.00 	35864.00 	12326.00 	2651.00 	283.00 	20.00 	0.00 	0.00 	# 1970
60983.00 	278461.00 	381160.00 	397946.00 	421170.00 	445099.00 	331031.00 	287969.00 	274525.00 	294269.00 	278969.00 	238497.00 	247313.00 	233456.00 	177463.00 	124708.00 	73386.00 	36472.00 	12904.00 	2677.00 	325.00 	23.00 	0.00 	0.00 	# 1971
60474.00 	267238.00 	377381.00 	390916.00 	421729.00 	442138.00 	349107.00 	307110.00 	272543.00 	293090.00 	281004.00 	245325.00 	240178.00 	236036.00 	182572.00 	129587.00 	75406.00 	37729.00 	13589.00 	2700.00 	357.00 	19.00 	0.00 	0.00 	# 1972
58356.00 	256507.00 	373815.00 	387100.00 	415882.00 	438754.00 	392432.00 	301316.00 	274999.00 	290604.00 	283842.00 	249662.00 	234660.00 	237316.00 	189244.00 	134349.00 	78691.00 	38445.00 	14368.00 	2869.00 	380.00 	23.00 	1.00 	0.00 	# 1973
56312.00 	246187.00 	367418.00 	388333.00 	408523.00 	431100.00 	423755.00 	304540.00 	284590.00 	282789.00 	285700.00 	256655.00 	231831.00 	236530.00 	195521.00 	137329.00 	83682.00 	39614.00 	14895.00 	3193.00 	376.00 	24.00 	1.00 	0.00 	# 1974
62649.00 	238314.00 	356256.00 	386406.00 	401987.00 	423889.00 	448938.00 	308712.00 	293098.00 	277097.00 	288314.00 	269687.00 	221509.00 	233781.00 	201301.00 	142136.00 	87915.00 	41340.00 	15226.00 	3452.00 	397.00 	21.00 	1.00 	0.00 	# 1975
65355.00 	238040.00 	344339.00 	382810.00 	395592.00 	417130.00 	453205.00 	336666.00 	289668.00 	272812.00 	289296.00 	270631.00 	227320.00 	229056.00 	206729.00 	146285.00 	91519.00 	43977.00 	15890.00 	3705.00 	417.00 	25.00 	1.00 	0.00 	# 1976
66228.00 	241371.00 	330742.00 	378715.00 	388147.00 	412670.00 	442278.00 	351868.00 	307526.00 	270335.00 	287696.00 	272526.00 	233769.00 	222691.00 	209487.00 	151465.00 	95712.00 	46111.00 	16891.00 	4020.00 	432.00 	34.00 	0.00 	0.00 	# 1977
64988.00 	247584.00 	316985.00 	375674.00 	384881.00 	403364.00 	431733.00 	390943.00 	300265.00 	272488.00 	285251.00 	275440.00 	238210.00 	218000.00 	211576.00 	157916.00 	100184.00 	48695.50 	17735.00 	4420.50 	525.00 	32.00 	0.00 	0.00 	# 1978
63466.00 	256068.00 	302337.00 	367915.00 	385677.00 	394116.00 	419225.00 	417783.00 	301461.00 	281075.00 	277222.00 	276817.00 	244946.00 	215630.00 	211140.00 	163582.00 	102993.00 	52593.00 	18602.50 	4721.50 	626.00 	39.00 	0.00 	0.00 	# 1979
62985.00 	257978.00 	298770.00 	356276.00 	383390.00 	386877.00 	409745.00 	439882.00 	304190.00 	288906.00 	271437.00 	279478.00 	257433.00 	206367.00 	209455.00 	168901.00 	107204.00 	56099.00 	20157.00 	4956.00 	698.00 	42.00 	0.00 	0.00 	# 1980
62656.00 	256875.00 	300578.00 	345100.00 	380152.00 	381371.00 	403524.00 	443722.00 	331554.00 	285468.00 	267664.00 	280688.00 	258819.00 	212225.00 	205910.00 	173942.00 	111050.00 	58752.00 	21599.00 	5296.00 	730.00 	50.00 	2.00 	0.00 	# 1981
63260.00 	254690.00 	306505.00 	332337.00 	377548.00 	377248.00 	402619.00 	435921.00 	347609.00 	303812.00 	265612.00 	279769.00 	260998.00 	218653.00 	200716.00 	177266.00 	115794.00 	62104.00 	22998.00 	5743.00 	845.00 	61.00 	1.00 	0.00 	# 1982
65943.00 	253853.00 	314107.00 	318137.00 	374333.00 	376229.00 	397110.00 	429239.00 	388276.00 	297042.00 	267837.00 	277378.00 	263763.00 	222943.00 	196742.00 	179800.00 	121183.00 	65644.00 	24934.00 	6137.00 	997.00 	82.00 	2.00 	0.00 	# 1983
66666.00 	256760.00 	322441.00 	304473.00 	367489.00 	379836.00 	391373.00 	419156.00 	416687.00 	298954.00 	276757.00 	270091.00 	265476.00 	229757.00 	195262.00 	179773.00 	126097.00 	67866.00 	27184.00 	6649.00 	1015.00 	87.00 	3.00 	0.00 	# 1984
64973.00 	260338.00 	324668.00 	301526.00 	356320.00 	379548.00 	386743.00 	411379.00 	439954.00 	302189.00 	284840.00 	264891.00 	268257.00 	241852.00 	187069.00 	179077.00 	131128.00 	71157.00 	29280.00 	7339.00 	1111.00 	96.00 	5.00 	0.00 	# 1985
62526.00 	262216.00 	323446.00 	303344.00 	345381.00 	377268.00 	382333.00 	405916.00 	444575.00 	329792.00 	281599.00 	261536.00 	269654.00 	243344.00 	192869.00 	176323.00 	135202.00 	73692.00 	30554.00 	7886.00 	1152.00 	86.00 	4.00 	0.00 	# 1986
60495.00 	261071.00 	321314.00 	308733.00 	332536.00 	374244.00 	377477.00 	404391.00 	436309.00 	345642.00 	299754.00 	259572.00 	269110.00 	245621.00 	199157.00 	172367.00 	138222.00 	77258.00 	32599.00 	8464.00 	1284.00 	96.00 	7.00 	0.00 	# 1987
59511.00 	255369.00 	322414.00 	315649.00 	318025.00 	370748.00 	375276.00 	397877.00 	428782.00 	385651.00 	292980.00 	261688.00 	267091.00 	248274.00 	203126.00 	169502.00 	140626.00 	81225.00 	34291.00 	9154.00 	1324.00 	123.00 	8.00 	0.00 	# 1988
62875.00 	248189.00 	325332.00 	323585.00 	304154.00 	363775.00 	377764.00 	391222.00 	417907.00 	413394.00 	294692.00 	270273.00 	260096.00 	250160.00 	209574.00 	168554.00 	140883.00 	84978.00 	35641.00 	9909.00 	1433.00 	111.00 	4.00 	1.00 	# 1989
63043.00 	246376.00 	327075.00 	325775.00 	301284.00 	353391.00 	377940.00 	386877.00 	410165.00 	436378.00 	297913.00 	278177.00 	255274.00 	252983.00 	220838.00 	161743.00 	140896.00 	88688.00 	37456.00 	10581.00 	1565.00 	128.00 	5.00 	0.00 	# 1990
65276.00 	247209.00 	326827.00 	324891.00 	303383.00 	343608.00 	376821.00 	383326.00 	405368.00 	441173.00 	325282.00 	275265.00 	252434.00 	254650.00 	222601.00 	167296.00 	139532.00 	91747.00 	38920.00 	11191.00 	1712.00 	155.00 	3.00 	0.00 	# 1991
65170.00 	252586.00 	324511.00 	323331.00 	309680.00 	332830.00 	376431.00 	380129.00 	405035.00 	433899.00 	341453.00 	293585.00 	251058.00 	254554.00 	225198.00 	173336.00 	136969.00 	94426.00 	40878.00 	12122.00 	1842.00 	162.00 	4.00 	0.00 	# 1992
66473.00 	258286.00 	318487.00 	325034.00 	317075.00 	319454.00 	374213.00 	378982.00 	399440.00 	427055.00 	381240.00 	287170.00 	253661.00 	253161.00 	228027.00 	177469.00 	135183.00 	96699.00 	43301.00 	12628.00 	1992.00 	161.00 	8.00 	0.00 	# 1993
64596.00 	261844.00 	315622.00 	328667.00 	325595.00 	306405.00 	368480.00 	382300.00 	393435.00 	417037.00 	409135.00 	289144.00 	262399.00 	247125.00 	230284.00 	183669.00 	134943.00 	97115.00 	45044.00 	13038.00 	2105.00 	162.00 	9.00 	0.00 	# 1994
64855.00 	262847.00 	313943.00 	330599.00 	327902.00 	303187.00 	357733.00 	382020.00 	388699.00 	409270.00 	431795.00 	292435.00 	270468.00 	243283.00 	233739.00 	193957.00 	130265.00 	97974.00 	47833.00 	13735.00 	2251.00 	189.00 	4.00 	0.00 	# 1995
62811.00 	262059.00 	316643.00 	330257.00 	327118.00 	305051.00 	347131.00 	379987.00 	384742.00 	404232.00 	436449.00 	319111.00 	267867.00 	240951.00 	235870.00 	196407.00 	135771.00 	97530.00 	49900.00 	14573.00 	2375.00 	212.00 	7.00 	0.00 	# 1996
60448.00 	259724.00 	320975.00 	327420.00 	325344.00 	310629.00 	334569.00 	377527.00 	380187.00 	403081.00 	428832.00 	334890.00 	285534.00 	240005.00 	236340.00 	199273.00 	141399.00 	96444.00 	51893.00 	15248.00 	2559.00 	203.00 	4.00 	0.00 	# 1997
59035.00 	253698.00 	327353.00 	321264.00 	326932.00 	317870.00 	320816.00 	374399.00 	378530.00 	397190.00 	421934.00 	373934.00 	279074.00 	242832.00 	235617.00 	202451.00 	145669.00 	96161.00 	53626.50 	16195.50 	2718.00 	208.00 	5.00 	1.00 	# 1998
56768.00 	248168.00 	328311.00 	317898.00 	330273.00 	326044.00 	307320.00 	367975.00 	381393.00 	391075.00 	411958.00 	401144.00 	281074.00 	251425.00 	230291.00 	205111.00 	151523.00 	97060.50 	54604.50 	17310.00 	2808.00 	209.00 	6.00 	1.00 	# 1999
57393.00 	240129.00 	329375.00 	316104.00 	332206.00 	328066.00 	304448.00 	357565.00 	380939.00 	386486.00 	404445.00 	423566.00 	284194.00 	259218.00 	227163.00 	208620.00 	160330.00 	94100.00 	55425.50 	18342.00 	3061.00 	235.50 	9.00 	1.00 	# 2000
56550.00 	234725.00 	326424.00 	318634.00 	331778.00 	327230.00 	306202.00 	346890.00 	378646.00 	382265.00 	399427.00 	428147.00 	310083.00 	256916.00 	225524.00 	211265.00 	163283.00 	98791.00 	55781.00 	19166.50 	3190.50 	252.00 	14.00 	0.00 	# 2001
55909.00 	230883.00 	321777.00 	323018.00 	329220.00 	325599.00 	312190.00 	335071.00 	376538.00 	378091.00 	398557.00 	420940.00 	325664.00 	274073.00 	225223.00 	212474.00 	166355.00 	103707.50 	55692.00 	20258.00 	3425.00 	270.00 	11.00 	0.00 	# 2002
55396.00 	227799.00 	314463.00 	329351.00 	323130.00 	327262.00 	319485.00 	321645.00 	373457.00 	376608.00 	393036.00 	414266.00 	363817.00 	268016.00 	228179.00 	212476.00 	169477.00 	107511.00 	55972.00 	21040.00 	3629.00 	301.00 	12.00 	0.00 	# 2003
56440.00 	226697.00 	306715.00 	330245.00 	319754.00 	330871.00 	327973.00 	308602.00 	367428.00 	379711.00 	387053.00 	404572.00 	390583.00 	269893.00 	236582.00 	208415.00 	172779.00 	112768.00 	56915.50 	21509.00 	3922.00 	319.00 	16.00 	0.00 	# 2004
57602.00 	226091.00 	299434.00 	331433.00 	318105.00 	333364.00 	330853.00 	306354.00 	357316.00 	379466.00 	382724.00 	397493.00 	412327.00 	273109.00 	244189.00 	206336.00 	177097.00 	120243.00 	56076.00 	22428.50 	4245.50 	334.00 	14.00 	1.00 	# 2005
57620.00 	227329.00 	293416.00 	328539.00 	320942.00 	333936.00 	331174.00 	308990.00 	347754.00 	377782.00 	379095.00 	392973.00 	416888.00 	297977.00 	242434.00 	205764.00 	180520.00 	123858.00 	60507.50 	23132.00 	4611.00 	334.00 	10.00 	1.00 	# 2006

##Japan,  Population size (5-year)     Last modified: 15-Dec-2010, MPv5 (May07)
1680088.47 	7373024.70 	11080720.58 	9311614.84 	8597045.99 	8386986.92 	7602305.57 	6157080.62 	5089256.49 	4920512.20 	4382764.65 	3821098.90 	3219236.18 	2515580.55 	1973057.03 	1388981.52 	880908.58 	378389.77 	108583.07 	21349.42 	2032.00 	130.00 	15.00 	3.00 	# 1956
1610155.27 	7009816.92 	11383405.31 	9037193.14 	8728561.16 	8468019.36 	7757992.99 	6508995.47 	5163771.56 	4948786.18 	4535729.30 	3811519.69 	3333259.15 	2610448.59 	2011745.79 	1389871.65 	897520.25 	410220.46 	112768.21 	22533.46 	1974.00 	133.00 	14.00 	3.00 	# 1957
1520711.75 	6708536.65 	10910990.23 	9414656.17 	8907961.30 	8476378.67 	7911721.77 	6831191.40 	5309563.67 	4934421.12 	4620072.49 	3871674.68 	3444194.34 	2685382.42 	2046526.35 	1417011.35 	907273.27 	426154.52 	117796.45 	22940.42 	1955.98 	132.00 	7.00 	1.00 	# 1958
1599021.39 	6443886.53 	10229148.81 	9937256.78 	9143780.99 	8388186.40 	8031626.22 	7127446.60 	5535306.75 	4900676.46 	4694953.09 	3953760.52 	3531507.41 	2779808.80 	2076615.75 	1464701.11 	926498.93 	447592.96 	130189.19 	26023.30 	2189.97 	153.00 	3.00 	1.00 	# 1959
1585750.67 	6318958.55 	9518273.19 	10465237.42 	9379150.68 	8271659.07 	8104830.39 	7359210.65 	5824838.11 	4877707.58 	4755730.43 	4087706.22 	3594535.94 	2852377.23 	2111976.25 	1525081.23 	943266.41 	466436.83 	142814.00 	27224.92 	2587.96 	149.00 	6.00 	1.00 	# 1960
1558830.17 	6207121.74 	9014949.29 	11060985.04 	9133585.88 	8317699.92 	8200364.39 	7521435.26 	6083546.76 	5000063.21 	4797454.93 	4221215.56 	3614963.04 	2947901.01 	2178539.39 	1569052.11 	951608.68 	478202.44 	152661.53 	27480.29 	3004.94 	140.00 	7.00 	1.00 	# 1961
1554579.07 	6183432.87 	8573477.07 	11351694.19 	8876908.33 	8507436.99 	8305504.68 	7689747.59 	6438217.18 	5078229.63 	4832111.28 	4372029.56 	3604716.79 	3059640.88 	2265919.91 	1603527.59 	954678.10 	490186.81 	164945.26 	28655.25 	3197.90 	147.00 	10.00 	1.00 	# 1962
1583982.37 	6220259.03 	8198490.32 	10878364.14 	9259843.84 	8724675.57 	8359084.86 	7862227.39 	6766687.72 	5227396.91 	4825809.47 	4453418.99 	3671321.55 	3165368.58 	2337533.77 	1636054.54 	977286.55 	498420.67 	170584.45 	30179.39 	3155.83 	133.98 	9.00 	1.00 	# 1963
1627383.11 	6242938.67 	7980354.65 	10212286.85 	9774552.27 	8965933.22 	8331497.47 	8008713.11 	7072462.96 	5455357.44 	4799574.92 	4528698.14 	3758990.68 	3244182.84 	2425185.94 	1666074.97 	1016777.10 	515261.24 	179194.30 	33844.15 	3711.72 	139.97 	7.00 	1.00 	# 1964
1682549.29 	6279181.00 	7878719.51 	9507627.55 	10306331.22 	9177292.18 	8274283.40 	8118555.00 	7321097.43 	5747113.11 	4783470.54 	4596216.76 	3891372.47 	3301696.67 	2492625.31 	1701910.38 	1065631.86 	525516.69 	188116.67 	37170.79 	3876.33 	167.96 	7.00 	1.00 	# 1965
1738655.60 	6388407.78 	7774452.51 	8995265.12 	10917119.24 	8908745.82 	8351960.10 	8246658.45 	7500308.50 	6011709.08 	4904033.08 	4643336.70 	4022229.45 	3326540.93 	2580405.22 	1760883.98 	1100701.26 	530917.83 	192410.66 	39266.97 	3953.68 	200.93 	4.00 	1.00 	# 1966
1361811.03 	6565278.76 	7747676.92 	8550397.62 	11226340.59 	8684414.17 	8505525.58 	8346504.50 	7656244.15 	6370815.00 	4983371.86 	4678141.29 	4165250.62 	3335684.29 	2691829.21 	1839934.81 	1132844.46 	546560.94 	200809.65 	43585.45 	4266.60 	221.90 	4.00 	1.00 	# 1967
1896888.27 	6386245.04 	7800237.35 	8184753.50 	10751681.09 	9103262.57 	8701458.89 	8390771.65 	7817924.41 	6688361.23 	5142543.52 	4668980.12 	4251628.87 	3410723.24 	2801233.85 	1911238.55 	1167882.22 	563941.04 	208191.14 	46283.46 	4671.45 	239.82 	2.98 	1.00 	# 1968
1843323.23 	6665163.72 	7856384.97 	7979987.33 	10077523.42 	9636439.46 	8945291.56 	8351838.58 	7962877.86 	6967849.58 	5378002.22 	4648374.07 	4329095.28 	3492050.03 	2886849.99 	1993548.36 	1196766.49 	592590.30 	216639.86 	48570.62 	5295.45 	298.56 	5.97 	1.00 	# 1969
1864039.11 	6820309.16 	7950316.48 	7883519.44 	9384224.93 	10151220.62 	9179154.68 	8284837.81 	8073142.16 	7184753.52 	5669342.64 	4651098.90 	4384708.32 	3619464.97 	2946444.21 	2061124.63 	1232042.70 	629859.89 	223002.57 	51574.79 	5905.25 	328.06 	11.96 	1.00 	# 1970
1874585.68 	6993448.27 	8069455.69 	7785994.76 	8894623.37 	10737159.61 	8931173.87 	8364243.22 	8200928.17 	7350919.55 	5928240.01 	4792881.50 	4418157.24 	3752823.63 	2971095.74 	2152785.71 	1283679.45 	653532.82 	228532.53 	53481.31 	6417.18 	347.07 	13.93 	0.00 	# 1971
1999722.98 	7440240.26 	8143250.12 	7873047.91 	8584036.49 	11153071.56 	8758765.06 	8596075.86 	8380768.71 	7597792.49 	6316856.42 	4915761.50 	4509189.27 	3938506.47 	3016087.22 	2277305.42 	1366208.27 	677164.48 	241053.66 	57776.30 	7382.41 	413.05 	11.00 	0.00 	# 1972 
2019968.27 	7605716.85 	8390948.88 	7922425.09 	8235765.37 	10721627.27 	9181432.99 	8804944.44 	8434783.81 	7796951.33 	6630329.50 	5070284.39 	4529164.21 	4043552.07 	3099159.62 	2378859.51 	1437841.59 	713863.62 	254227.06 	61313.45 	8146.58 	513.11 	14.00 	2.00 	# 1973
2067033.46 	7784219.72 	8598066.87 	7979025.63 	8042539.06 	10087275.50 	9722388.52 	9064689.97 	8402949.38 	7964713.71 	6927520.30 	5295862.19 	4531719.49 	4135922.56 	3194330.03 	2460961.49 	1513087.56 	738454.67 	271094.53 	64280.10 	8485.67 	554.10 	18.00 	2.00 	# 1974
2003522.77 	7959839.73 	8785690.22 	8071642.50 	7968088.27 	9406018.91 	10260041.25 	9319782.01 	8340757.15 	8083822.39 	7184041.03 	5579688.36 	4537841.10 	4217843.01 	3332120.12 	2526066.58 	1578545.88 	769242.68 	290111.12 	66314.67 	8770.70 	565.10 	23.00 	2.00 	# 1975
1895177.49 	8022337.13 	9013564.40 	8194339.73 	7880628.86 	8905718.38 	10876787.18 	9081360.83 	8420196.02 	8221415.55 	7374406.30 	5837877.40 	4668056.22 	4280079.92 	3478152.13 	2570374.72 	1661150.47 	813683.08 	305174.67 	68738.32 	9143.61 	553.06 	21.00 	2.00 	# 1976
1817226.95 	7943966.51 	9456977.44 	8162536.28 	7849320.35 	8492647.00 	11201371.59 	8821385.67 	8587146.72 	8325248.68 	7545612.52 	6181344.04 	4757551.52 	4328723.65 	3627919.76 	2597986.89 	1752203.18 	866788.73 	313316.57 	72604.02 	9633.84 	653.10 	22.00 	1.00 	# 1977
1740384.70 	7738387.88 	9642826.78 	8410610.76 	7898944.93 	8150583.91 	10734333.09 	9221325.00 	8797455.63 	8372685.93 	7714426.40 	6501305.99 	4912724.19 	4339231.70 	3729665.24 	2684916.36 	1843454.13 	922136.67 	336458.57 	77677.24 	10611.15 	701.10 	26.00 	1.00 	# 1978
1693313.49 	7427998.74 	9847866.55 	8618941.76 	7957812.49 	7955940.88 	10077301.70 	9736701.29 	9052077.61 	8334733.72 	7857051.02 	6799302.92 	5136720.99 	4329446.47 	3826417.10 	2780323.06 	1922280.94 	989485.23 	356488.54 	85888.35 	11675.56 	783.15 	22.00 	2.00 	# 1979
1625423.18 	7114096.67 	9962767.80 	8808404.74 	8059318.08 	7869906.29 	9382257.79 	10252747.77 	9294288.97 	8266312.28 	7962176.92 	7041389.26 	5418658.40 	4331337.74 	3908281.44 	2914944.42 	1989491.05 	1047481.91 	382218.75 	96501.56 	12677.87 	901.17 	25.00 	1.00 	# 1980
1572317.53 	6824327.83 	9938176.10 	9039462.83 	8186690.24 	7780249.40 	8875225.76 	10857335.59 	9041242.93 	8339466.37 	8093339.48 	7217769.51 	5669494.67 	4463676.41 	3965693.73 	3052905.00 	2035416.18 	1103626.97 	411561.25 	102166.79 	13362.35 	943.19 	29.00 	1.00 	# 1981
1519928.74 	6589856.45 	9765379.94 	9484353.43 	8153422.22 	7766424.18 	8458295.29 	11183005.80 	8783986.45 	8509896.07 	8205482.20 	7389098.42 	6003196.25 	4559367.95 	4023407.34 	3199492.21 	2073330.71 	1178723.53 	445611.10 	107076.82 	14538.08 	1065.23 	27.00 	2.00 	# 1982
1506172.57 	6378309.48 	9470647.12 	9669209.77 	8405924.48 	7822438.68 	8116362.61 	10718241.43 	9185186.10 	8725756.74 	8258254.45 	7552163.30 	6320095.00 	4716941.64 	4046719.47 	3308736.55 	2163078.14 	1255351.49 	483521.60 	119071.32 	16167.93 	1188.31 	44.00 	1.00 	# 1983
1499212.95 	6201144.04 	9102888.51 	9870647.29 	8623315.39 	7878427.80 	7926030.03 	10064470.83 	9702062.43 	8981741.53 	8226489.78 	7692461.84 	6610087.13 	4937631.49 	4048056.38 	3410286.91 	2259093.35 	1316311.64 	525678.13 	128443.36 	18417.12 	1320.36 	54.00 	1.00 	# 1984
1475689.75 	6075745.95 	8724652.94 	9979041.38 	8823883.74 	7975039.93 	7842115.36 	9377102.21 	10218412.28 	9222588.45 	8163678.62 	7798494.13 	6846290.65 	5213434.42 	4058784.68 	3500482.12 	2387563.53 	1370491.19 	563488.44 	140175.74 	21189.52 	1479.45 	64.00 	1.00 	# 1985
1421097.59 	5965199.03 	8402065.04 	9947786.49 	9047194.63 	8103904.17 	7741759.61 	8880115.47 	10820354.24 	8974228.90 	8238298.47 	7936326.54 	7017160.40 	5459631.66 	4195273.09 	3566752.75 	2520687.56 	1425495.11 	602822.76 	155111.48 	23044.70 	1599.52 	63.00 	3.00 	# 1986
1375595.47 	5873549.47 	8110746.80 	9774896.21 	9458372.76 	8064674.34 	7702840.27 	8459049.94 	11144984.74 	8722143.63 	8409691.18 	8053333.39 	7189453.17 	5782854.58 	4297060.40 	3631405.33 	2657567.92 	1453636.69 	655589.71 	171637.32 	24806.03 	1851.57 	65.00 	2.00 	# 1987
1339676.83 	5747385.54 	7882217.99 	9480883.79 	9629859.93 	8289901.67 	7739403.04 	8108028.94 	10681696.20 	9124639.47 	8625057.14 	8111668.22 	7356485.34 	6089561.20 	4454800.30 	3665145.29 	2767568.84 	1541404.82 	709187.89 	190749.61 	28336.66 	2231.66 	83.00 	1.00 	# 1988
1304500.51 	5587629.85 	7697850.97 	9116093.20 	9831984.48 	8467581.58 	7778425.60 	7903699.36 	10029318.06 	9643073.74 	8878792.87 	8086219.77 	7500081.53 	6373078.64 	4668618.56 	3675581.14 	2868500.18 	1633211.85 	751384.85 	210451.36 	31282.94 	2530.81 	112.00 	3.00 	# 1989
1243598.55 	5406735.44 	7551355.98 	8741074.18 	9954219.58 	8629766.17 	7847136.86 	7805428.28 	9340391.59 	10160450.62 	9120103.32 	8026710.04 	7610718.57 	6607610.85 	4933351.76 	3696101.26 	2961675.40 	1743925.58 	791029.07 	228945.49 	35163.05 	2934.99 	114.00 	7.00 	# 1990
1210975.71 	5221828.93 	7399506.95 	8419769.80 	9927506.12 	8853262.78 	7944435.14 	7696618.29 	8841138.41 	10759687.97 	8879131.91 	8107878.82 	7746887.08 	6776994.03 	5170539.36 	3830175.09 	3032577.48 	1851896.49 	829912.97 	246476.03 	39639.74 	3162.15 	110.00 	7.00 	# 1991
1217233.51 	5074198.81 	7243347.66 	8125387.41 	9744164.01 	9300027.80 	7916407.27 	7657785.10 	8429739.18 	11087246.60 	8639268.96 	8283926.85 	7867914.81 	6940935.82 	5481913.02 	3929744.83 	3098050.17 	1982353.26 	853848.59 	272362.65 	44136.81 	3470.39 	135.02 	4.00 	# 1992
1203517.33 	4960903.50 	7071282.68 	7893660.56 	9449773.55 	9483312.08 	8158142.96 	7699118.66 	8084904.75 	10635314.20 	9043779.29 	8505053.68 	7931083.36 	7102310.05 	5770075.43 	4080447.88 	3130648.46 	2068942.54 	917545.72 	297682.91 	49766.49 	4058.57 	141.01 	6.00 	# 1993
1183859.04 	4870635.71 	6867832.87 	7705296.11 	9094035.14 	9672176.75 	8361099.38 	7747413.85 	7886690.09 	9994587.08 	9564586.21 	8762387.68 	7915359.58 	7239497.76 	6035824.49 	4279964.08 	3147411.75 	2151871.13 	987984.79 	321196.47 	55931.11 	4639.77 	183.01 	6.00 	# 1994
1219248.61 	4799026.31 	6650816.87 	7552885.67 	8732898.93 	9773731.52 	8540153.79 	7830984.61 	7797235.93 	9312876.02 	10089398.19 	9004781.65 	7869206.07 	7347565.83 	6257836.30 	4528534.49 	3173915.61 	2244626.41 	1067971.30 	342730.23 	61749.88 	5322.99 	233.04 	8.00 	# 1995
1183180.67 	4763624.28 	6456299.05 	7394248.78 	8418615.93 	9752446.62 	8748786.15 	7942483.33 	7698547.09 	8819318.36 	10692915.52 	8764180.14 	7957012.18 	7484798.62 	6415929.17 	4751118.87 	3301611.77 	2320634.04 	1145453.77 	363952.21 	67657.73 	6160.32 	230.00 	9.00 	# 1996
1185246.58 	4734268.49 	6294849.31 	7245860.26 	8119413.69 	9633660.28 	9178378.08 	7907830.13 	7658227.41 	8410512.33 	11014276.71 	8522506.85 	8126106.86 	7606194.52 	6571142.47 	5039816.44 	3404657.54 	2389827.08 	1244037.08 	383743.40 	77567.32 	7103.52 	287.05 	13.00 	# 1997
1190495.89 	4715495.89 	6154087.66 	7076882.19 	7890884.92 	9378468.50 	9369841.09 	8144112.32 	7694468.48 	8063164.38 	10559416.45 	8918394.52 	8334358.91 	7669991.79 	6725150.69 	5304575.36 	3548383.56 	2455577.16 	1319975.79 	425530.43 	87560.51 	8230.52 	331.06 	12.00 	# 1998
1190761.64 	4718504.12 	6039550.68 	6877649.30 	7705104.10 	9046504.11 	9584887.69 	8343865.75 	7738224.66 	7860561.65 	9918756.17 	9429416.43 	8579750.69 	7658306.85 	6857435.63 	5551347.95 	3734589.05 	2495584.69 	1396850.40 	472823.04 	97741.40 	9823.37 	392.07 	9.00 	# 1999
1173699.32 	4707674.87 	5981554.72 	6659583.50 	7548264.90 	8647327.28 	9682979.02 	8516255.61 	7815136.26 	7767895.46 	9230801.43 	9938921.38 	8810531.40 	7621380.77 	6965742.80 	5758482.28 	3966386.84 	2535918.25 	1472559.04 	518135.87 	105567.91 	10991.44 	469.09 	11.00 	# 2000
1162058.91 	4685979.78 	5968659.20 	6454914.16 	7383292.22 	8223403.69 	9584294.90 	8726107.40 	7935389.83 	7680013.27 	8731576.18 	10515057.96 	8581272.77 	7742728.08 	7121922.63 	5919921.86 	4203673.26 	2661820.82 	1548451.18 	571261.65 	116727.90 	12599.51 	564.12 	15.00 	# 2001
1163756.16 	4674010.96 	5947512.32 	6298093.15 	7235106.86 	7987895.89 	9444939.73 	9169887.67 	7914079.46 	7651975.35 	8342506.86 	10842780.81 	8357775.34 	7923624.66 	7273684.94 	6076895.90 	4476334.25 	2770125.78 	1615008.36 	631992.26 	126959.86 	14924.54 	685.95 	14.00 	# 2002
1147775.34 	4652276.70 	5934000.01 	6165334.25 	7067887.66 	7784369.86 	9154227.39 	9345356.18 	8150863.01 	7692213.69 	8004405.48 	10386408.23 	8731150.70 	8111112.32 	7352230.12 	6227649.32 	4713597.27 	2899826.87 	1681442.38 	686098.45 	146627.07 	17338.62 	849.43 	25.00 	# 2003
1116758.90 	4610534.24 	5922780.82 	6058789.04 	6859158.90 	7616599.98 	8815495.90 	9533665.77 	8349117.79 	7742471.24 	7815301.37 	9760739.73 	9230679.47 	8348263.02 	7358791.78 	6364427.40 	4931361.65 	3068054.49 	1726442.53 	738986.24 	166273.99 	19778.41 	1034.84 	23.00 	# 2004
1091999.96 	4549818.19 	5886290.43 	6004392.88 	6638816.87 	7421283.99 	8425973.51 	9607799.76 	8509820.28 	7814688.97 	7724852.06 	9096462.38 	9732537.18 	8579663.09 	7333538.58 	6485702.94 	5123019.30 	3266707.93 	1777324.19 	796794.00 	188485.18 	21945.01 	1198.64 	23.00 	# 2005
1053109.02 	4454334.06 	5876353.89 	5967588.10 	6461923.95 	7151427.82 	7996617.95 	9525325.28 	8689727.87 	7911472.93 	7613049.44 	8618095.19 	10326964.43 	8393782.01 	7442904.44 	6654583.51 	5281034.68 	3459565.71 	1881734.39 	845236.50 	209182.38 	24607.89 	1350.38 	19.00 	# 2006

##The United States of America,  Population size (5-year)     Last modified: 13-Oct-2010, MPv5 (May07)
3797706.44 	14883733.61 	17122280.50 	13714066.18 	10982402.73 	10180934.25 	11577852.04 	12284945.20 	11843764.86 	11056168.85 	10198281.17 	8771013.06 	7818886.70 	6880902.93 	5719578.59 	4191368.73 	2606019.92 	1443801.44 	587422.39 	156210.48 	29088.20 	3784.68 	797.63 	297.02 	# 1956
3925160.25 	15212607.20 	17554758.34 	14415447.74 	11359630.15 	10160509.57 	11434254.82 	12216367.11 	12042432.44 	11187537.61 	10362708.31 	8950804.84 	7917214.24 	6975899.55 	5840923.23 	4324225.82 	2696071.22 	1500718.86 	610354.97 	165908.94 	31060.09 	3926.52 	793.94 	297.09 	# 1957
4030531.54 	15543704.70 	17694588.94 	15225260.81 	11957506.86 	10258758.92 	11217150.69 	12149449.32 	12182492.71 	11306144.41 	10526047.20 	9143918.80 	8036878.43 	7018391.54 	5975971.28 	4450475.55 	2793590.45 	1539609.67 	637277.51 	174481.21 	32012.73 	3938.37 	772.41 	293.02 	# 1958
4085035.69 	15943058.72 	18144820.49 	15886188.25 	12654972.24 	10554012.53 	11042119.81 	12124008.04 	12352311.76 	11462146.64 	10717419.77 	9365353.41 	8223028.40 	7069368.96 	6108997.00 	4589209.49 	2908327.15 	1582972.77 	661131.13 	183225.91 	33118.71 	4047.12 	743.20 	286.06 	# 1959 
4095587.59 	16162823.50 	18577694.24 	16573711.90 	13122610.80 	10776254.80 	10875857.53 	11976805.48 	12448093.14 	11574129.21 	10842885.44 	9561684.78 	8389846.65 	7123079.25 	6221981.20 	4714265.84 	3025111.02 	1629075.12 	687174.42 	194377.94 	34433.14 	4361.52 	716.98 	283.97 	# 1960
4133503.47 	16298504.01 	19003510.19 	17381718.56 	13485458.18 	11045983.57 	10789906.84 	11821769.84 	12482000.00 	11723731.53 	10942287.55 	9766369.95 	8558095.77 	7177546.52 	6320280.26 	4841306.15 	3129643.92 	1686278.54 	716493.39 	206111.51 	35697.42 	4675.47 	704.17 	288.12 	# 1961
4128247.26 	16367210.99 	19419144.83 	17814641.61 	14237959.19 	11437589.05 	10748980.82 	11641736.96 	12447405.47 	11904263.04 	11018490.81 	9959117.25 	8757890.97 	7230765.74 	6385724.66 	4977673.46 	3222369.65 	1736953.73 	748292.04 	214075.74 	38048.09 	4926.90 	730.29 	261.81 	# 1962
4048032.91 	16356954.76 	19818998.00 	17961318.83 	15119017.95 	12025019.18 	10795646.58 	11447230.11 	12353336.97 	12095260.30 	11092481.37 	10118374.67 	8987488.55 	7295449.45 	6427872.86 	5106313.05 	3304299.85 	1801744.99 	766844.07 	224450.96 	39714.36 	5076.12 	693.28 	237.45 	# 1963
3979591.55 	16273364.42 	20116214.71 	18337948.69 	15781607.22 	12670249.33 	10949775.36 	11246720.52 	12213780.80 	12260191.80 	11181743.08 	10257812.90 	9214766.70 	7381579.42 	6468248.18 	5216810.26 	3385779.35 	1865914.72 	784489.53 	230730.79 	40927.58 	5156.01 	672.44 	227.83 	# 1964
3858208.80 	16135677.04 	20306916.11 	18798605.06 	16538362.02 	13174632.88 	11138241.11 	11092356.14 	12043252.03 	12360583.57 	11296301.66 	10388829.09 	9414433.99 	7502470.16 	6521122.63 	5302017.28 	3470437.10 	1947572.51 	809975.45 	241040.39 	43777.82 	5286.81 	714.77 	236.71 	# 1965
3662403.38 	15852660.45 	20475802.38 	19263869.42 	17367591.38 	13509786.30 	11373904.12 	11000893.14 	11857739.70 	12389495.89 	11441057.81 	10513455.88 	9578457.51 	7663713.43 	6580940.23 	5357416.57 	3555811.27 	2010116.45 	843512.77 	253153.61 	47071.02 	5459.55 	759.37 	248.68 	# 1966
3502528.69 	15381828.62 	20553242.67 	19720926.09 	17801183.49 	14091304.12 	11733079.46 	10956986.30 	11665734.22 	12363934.24 	11621785.68 	10633919.17 	9708631.78 	7871200.34 	6647360.19 	5388725.26 	3648286.55 	2071228.73 	871597.36 	264880.14 	48808.25 	5786.11 	743.88 	235.96 	# 1967
3408079.47 	14828993.37 	20473560.32 	20160579.29 	17990416.38 	14811169.86 	12285432.89 	11014169.86 	11463210.93 	12286854.78 	11816788.62 	10755591.16 	9807710.31 	8112103.59 	6726205.26 	5404540.62 	3738513.21 	2122733.83 	912475.49 	274390.20 	52258.57 	6266.30 	812.65 	233.91 	# 1968
3389538.25 	14254188.90 	20328300.40 	20499523.24 	18406695.98 	15412476.70 	12873178.09 	11182290.43 	11255720.52 	12160799.98 	11981978.14 	10891742.75 	9886086.00 	8352422.38 	6824641.32 	5415415.68 	3812261.94 	2207108.13 	951180.62 	282072.31 	54001.47 	6672.21 	828.47 	231.78 	# 1969
3460913.11 	13810057.76 	20080419.05 	20747804.25 	18927514.74 	16174610.96 	13363164.38 	11397800.01 	11116898.62 	12024326.01 	12095348.17 	11064132.87 	9963400.28 	8571988.25 	6953654.49 	5444125.34 	3857669.62 	2281309.24 	999573.22 	292934.77 	56516.41 	7229.20 	869.03 	246.60 	# 1970
3555126.02 	13650479.45 	19656783.53 	20975331.51 	19473663.00 	17143041.11 	13766441.10 	11675460.28 	11066463.01 	11893816.44 	12134490.40 	11267287.66 	10047115.08 	8774268.49 	7097693.17 	5490564.38 	3929158.92 	2353726.98 	1044664.47 	312160.29 	60734.93 	7934.28 	966.07 	250.75 	# 1971
3453095.89 	13719709.59 	19121249.30 	21097002.75 	19970197.25 	17784219.18 	14535663.00 	12082654.80 	11079572.61 	11750791.78 	12077353.41 	11512383.56 	10121589.05 	8963750.68 	7286323.31 	5516506.85 	4019589.05 	2417879.42 	1085387.05 	327837.95 	64573.30 	8380.17 	1034.52 	264.04 	# 1972
3216756.16 	13758898.63 	18562720.54 	21063405.46 	20435076.72 	18069060.27 	15417756.16 	12710063.02 	11163657.54 	11596284.93 	11989405.47 	11748764.37 	10191602.75 	9127197.26 	7520819.20 	5565627.40 	4059520.55 	2509196.45 	1119059.83 	347563.70 	67380.64 	8929.10 	1077.30 	253.74 	# 1973
3096413.69 	13571087.65 	18041852.06 	20969838.34 	20811956.17 	18516665.74 	16061506.85 	13371249.31 	11310243.86 	11436778.08 	11898846.56 	11901654.79 	10307213.70 	9262673.97 	7750810.98 	5661134.25 	4096079.46 	2560647.99 	1174923.23 	366665.83 	69808.71 	9158.46 	1108.14 	263.82 	# 1974
3108619.17 	13194882.18 	17700210.95 	20778638.33 	21101336.99 	19038262.99 	16806534.25 	13888167.11 	11491753.45 	11265753.42 	11810410.95 	11964517.80 	10515356.16 	9362098.64 	7998367.13 	5748104.12 	4185665.76 	2619500.53 	1228251.66 	390647.47 	73654.01 	9577.76 	1188.82 	272.12 	# 1975
3133950.68 	12734857.51 	17634106.85 	20365731.50 	21351849.32 	19556657.52 	17680860.29 	14278904.10 	11734410.98 	11161460.27 	11711819.18 	11969495.88 	10765328.76 	9450643.85 	8225254.79 	5852180.84 	4295635.62 	2696460.45 	1286155.02 	415896.26 	80946.19 	10348.77 	1263.98 	285.44 	# 1976
3197723.29 	12392704.08 	17601805.48 	19794202.72 	21477997.27 	20054706.84 	18178005.48 	15045191.77 	12097583.57 	11169060.28 	11570794.52 	11917863.00 	11038419.17 	9545115.08 	8404736.98 	6032813.72 	4379594.53 	2771404.02 	1335190.47 	437564.36 	86533.75 	11002.63 	1287.18 	283.85 	# 1977
3302564.39 	12346668.47 	17415183.55 	19211200.00 	21456443.82 	20530095.89 	18383054.79 	15940263.01 	12682016.44 	11256679.45 	11424304.11 	11840424.65 	11309824.64 	9636635.63 	8559186.30 	6258805.50 	4492715.07 	2802624.41 	1408440.08 	461084.67 	94678.57 	11745.61 	1339.73 	287.16 	# 1978
3376136.98 	12523315.06 	17122013.67 	18681849.31 	21390876.69 	20921978.09 	18831172.59 	16590517.81 	13322739.73 	11421772.63 	11281304.11 	11769380.81 	11504709.58 	9776246.59 	8686663.01 	6480802.75 	4647709.59 	2856630.26 	1457939.69 	495231.00 	102470.90 	12281.45 	1357.71 	298.58 	# 1979
3493111.86 	12765010.51 	16773207.12 	18340381.66 	21228148.00 	21241249.35 	19381818.58 	17352923.85 	13835031.00 	11625032.75 	11128798.15 	11710314.65 	11596232.62 	10004712.99 	8777826.46 	6716460.29 	4777060.96 	2879618.87 	1512975.23 	530903.98 	112265.92 	13378.67 	1429.30 	298.83 	# 1980
3591816.00 	13087529.00 	16290949.00 	18271275.00 	20834469.00 	21542685.00 	19981227.00 	18240376.00 	14239360.00 	11841959.00 	11052910.00 	11653755.00 	11595926.00 	10245223.00 	8854802.00 	6919838.00 	4895680.00 	2983443.42 	1565024.55 	558629.48 	119311.87 	14552.01 	1501.98 	299.68 	# 1981
3612294.00 	13473429.00 	15931913.00 	18250322.00 	20225712.00 	21695056.00 	20463960.00 	18739435.00 	14994771.00 	12234829.00 	11012435.00 	11518668.00 	11489290.00 	10488767.00 	8946633.00 	7072417.00 	5031681.00 	3019119.68 	1618534.27 	585975.77 	127437.10 	15859.06 	1520.83 	290.90 	# 1982
3653657.00 	13727050.00 	15998236.00 	18006628.00 	19642145.00 	21652704.00 	20934521.00 	18902787.00 	15887473.00 	12813369.00 	11119776.00 	11282576.00 	11475139.00 	10601673.00 	9073094.00 	7221335.00 	5171258.00 	3121741.71 	1646026.29 	625758.18 	135642.23 	17682.31 	1562.01 	287.31 	# 1983
3602483.00 	14031391.00 	16175576.00 	17647583.00 	19138850.00 	21589798.00 	21299723.00 	19293417.00 	16492121.00 	13402572.00 	11383106.00 	11034718.00 	11409962.00 	10730894.00 	9168917.00 	7355263.00 	5310009.00 	3208082.44 	1686268.76 	650610.79 	147364.82 	19171.97 	1606.50 	269.64 	# 1984
3622443.00 	14133867.00 	16489224.00 	17247867.00 	18757122.00 	21421016.00 	21563945.00 	19772201.00 	17273188.00 	13890562.00 	11522723.00 	10920729.00 	11282227.00 	10875203.00 	9270892.00 	7472848.00 	5446869.00 	3330764.46 	1697356.44 	676039.69 	158265.74 	20667.96 	1636.85 	265.14 	# 1985
3702183.00 	14196303.00 	16886678.00 	16711631.00 	18770309.00 	21015525.00 	21795103.00 	20307209.00 	18090704.00 	14256223.00 	11705097.00 	10855828.00 	11190151.00 	10896518.00 	9440613.00 	7559456.00 	5583771.00 	3395129.44 	1768582.01 	700834.86 	167222.28 	22013.68 	1751.72 	256.61 	# 1986
3684415.00 	14311544.00 	17289997.00 	16347564.00 	18774058.00 	20442297.00 	21893265.00 	20761452.00 	18629554.00 	15043991.00 	12072286.00 	10803885.00 	11064772.00 	10801770.00 	9662960.00 	7638849.00 	5717192.00 	3513454.79 	1790402.70 	725159.03 	174606.91 	23231.26 	1893.55 	249.39 	# 1987
3724622.00 	14377619.00 	17586738.00 	16432994.00 	18593497.00 	19899374.00 	21788143.00 	21207797.00 	18814147.00 	15944539.00 	12634131.00 	10911642.00 	10843511.00 	10802186.00 	9770471.00 	7757657.00 	5850654.00 	3615323.72 	1860287.92 	734397.76 	184990.84 	24016.19 	2012.29 	221.49 	# 1988
3807937.00 	14529014.00 	17853326.00 	16629342.00 	18299500.00 	19437797.00 	21656301.00 	21537434.00 	19229138.00 	16579533.00 	13197376.00 	11169586.00 	10606679.00 	10754364.00 	9893982.00 	7853697.00 	5972821.00 	3721061.46 	1912432.88 	753538.82 	190171.87 	25782.49 	2110.81 	213.30 	# 1989
3921797.00 	14745231.00 	17989163.00 	16970124.00 	17964649.00 	19134225.00 	21420214.00 	21773922.00 	19724454.00 	17396881.00 	13663835.00 	11299853.00 	10501649.00 	10651717.00 	10031631.00 	7959848.00 	6084158.00 	3818042.16 	1997715.91 	756323.32 	197453.81 	27492.80 	2247.97 	202.88 	# 1990
4021630.00 	15005365.00 	18119874.00 	17557546.00 	17419501.00 	19152623.00 	20971230.00 	22189050.00 	20242066.00 	18350542.00 	14015388.00 	11531897.00 	10449737.00 	10627959.00 	10069840.00 	8136829.00 	6220312.00 	3939272.48 	2053269.36 	800859.41 	207630.20 	29380.90 	2300.95 	221.69 	# 1991
3980519.00 	15397107.00 	18372071.00 	17986513.00 	17195685.00 	19215820.00 	20738011.00 	22365470.00 	20960555.00 	18739347.00 	14843164.00 	11880659.00 	10466459.00 	10552610.00 	9999724.00 	8384588.00 	6351174.00 	4038033.94 	2137571.41 	817022.84 	216926.73 	30665.12 	2412.80 	247.21 	# 1992
3934978.00 	15712212.00 	18521474.00 	18480671.00 	17348301.00 	19107803.00 	20245223.00 	22539440.00 	21466270.00 	19021080.00 	15743602.00 	12536588.00 	10610002.00 	10387177.00 	10034036.00 	8579423.00 	6445961.00 	4159390.13 	2215310.48 	861096.91 	222375.92 	32822.99 	2570.39 	241.56 	# 1993
3866867.00 	15901921.00 	18822114.00 	18876486.00 	17658025.00 	18826377.00 	19868008.00 	22595839.00 	21945394.00 	19424259.00 	16419778.00 	13152991.00 	10897842.00 	10200513.00 	10032162.00 	8718132.00 	6547815.00 	4260703.49 	2286127.00 	891467.09 	228213.01 	33528.92 	2650.19 	223.81 	# 1994
3817688.00 	15901971.00 	19221535.00 	19125688.00 	18065848.00 	18516473.00 	19629997.00 	22551824.00 	22276944.00 	20007971.00 	17190592.00 	13649226.00 	11074535.00 	10150993.00 	9984230.00 	8857790.00 	6643831.00 	4388654.15 	2349189.32 	929373.21 	228768.73 	34700.19 	2831.45 	227.98 	# 1995
3763632.00 	15740889.00 	19635215.00 	19257490.00 	18717624.00 	17999110.00 	19798576.00 	22070009.00 	22728895.00 	20472011.00 	18199340.00 	14064901.00 	11329080.00 	10113357.00 	9984587.00 	8884925.00 	6804057.00 	4484920.91 	2421126.31 	954014.22 	241177.57 	35790.59 	2885.33 	231.07 	# 1996
3753685.00 	15573205.00 	20068322.00 	19537775.00 	19156013.00 	17836769.00 	19883203.00 	21721053.00 	22816842.00 	21121931.00 	18617781.00 	14911001.00 	11662676.00 	10134366.00 	9920208.00 	8834107.00 	7014720.00 	4583852.13 	2481753.09 	986851.92 	244466.76 	36717.28 	2790.87 	229.46 	# 1997
3738125.00 	15438234.00 	20397151.00 	19693503.00 	19617737.00 	18031840.00 	19879652.00 	21159981.00 	22914994.00 	21585812.00 	18934343.00 	15835549.00 	12290585.00 	10292875.00 	9767643.00 	8879317.00 	7172892.00 	4675540.87 	2554493.68 	1017424.52 	255694.03 	36558.33 	2826.18 	216.34 	# 1998
3792391.00 	15348473.00 	20576819.00 	20008857.00 	19981966.00 	18360958.00 	19691923.00 	20735637.00 	22911983.00 	22023200.00 	19373319.00 	16539921.00 	12883516.00 	10582894.00 	9590883.00 	8893808.00 	7290343.00 	4808335.23 	2624710.43 	1048704.57 	263725.57 	37068.75 	2833.85 	199.67 	# 1999
3803453.00 	15354521.00 	20579076.00 	20426607.00 	20204559.00 	18801973.00 	19484196.00 	20495860.00 	22824546.00 	22323560.00 	20003509.00 	17348744.00 	13359299.00 	10759762.00 	9540654.00 	8863526.00 	7403844.00 	4898551.98 	2699095.80 	1069760.74 	268916.37 	37103.57 	2858.73 	200.73 	# 2000
4000551.00 	15276644.00 	20346125.00 	20760731.00 	20260040.00 	19499741.00 	19066409.00 	20640240.00 	22466265.00 	22719260.00 	20485880.00 	18247893.00 	13750785.00 	10977670.00 	9511610.00 	8838461.00 	7465228.00 	5040422.31 	2765004.17 	1095950.89 	272687.21 	37833.75 	2850.68 	204.16 	# 2001
4004039.00 	15460014.00 	20104883.00 	21003699.00 	20315567.00 	20092146.00 	18882303.00 	20778815.00 	22048230.00 	22900846.00 	21032162.00 	18678577.00 	14537724.00 	11289144.00 	9566223.00 	8746048.00 	7435263.00 	5239202.23 	2830981.93 	1121900.57 	278164.45 	37825.84 	2795.90 	166.25 	# 2002
4000029.00 	15701882.00 	19812306.00 	21168447.00 	20395358.00 	20566822.00 	18976290.00 	20794340.00 	21598737.00 	22944606.00 	21534599.00 	18885371.00 	15429776.00 	11833014.00 	9642480.00 	8667511.00 	7466565.00 	5373013.00 	2898247.50 	1153041.05 	284546.55 	38594.81 	2699.07 	153.94 	# 2003
4069235.00 	15858672.00 	19695320.00 	21192849.00 	20577135.00 	20891435.00 	19344235.00 	20600528.00 	21193786.00 	23036574.00 	21951075.00 	19264552.00 	16106885.00 	12374742.00 	9876403.00 	8539677.00 	7458543.00 	5475537.00 	3001243.34 	1189374.28 	291523.54 	39120.26 	2661.56 	136.44 	# 2004
4093702.00 	16154675.00 	19545965.00 	21020091.00 	20882381.00 	21038605.00 	19797688.00 	20300033.00 	20968567.00 	23004710.00 	22291259.00 	19770885.00 	16952469.00 	12826883.00 	10030148.00 	8518728.00 	7394947.00 	5615633.00 	3085398.03 	1243391.61 	303136.98 	40520.32 	2664.02 	142.35 	# 2005
4118926.00 	16239477.00 	19633858.00 	20753380.00 	21198772.00 	21034788.00 	20407950.00 	19840114.00 	21099285.00 	22665832.00 	22679060.00 	20264833.00 	17821940.00 	13191116.00 	10256274.00 	8520041.00 	7420747.00 	5681820.00 	3235331.53 	1289198.96 	314884.88 	41536.73 	2752.80 	130.77 	# 2006

