  2.3263000e-002  1.7620000e-003  6.5000000e-004  4.9000000e-004  7.0000000e-004  1.0990000e-003  1.2740000e-003  1.2910000e-003  1.7430000e-003  2.4410000e-003  3.6540000e-003  5.6350000e-003  8.8390000e-003  1.3697000e-002  2.2076000e-002  3.9445000e-002  6.5359000e-002  1.1018800e-001
  2.0615000e-002  1.7500000e-003  5.8400000e-004  4.5000000e-004  7.5400000e-004  8.8300000e-004  1.0260000e-003  1.3130000e-003  1.5250000e-003  2.2920000e-003  3.6210000e-003  5.4920000e-003  8.7380000e-003  1.3281000e-002  2.2575000e-002  3.8384000e-002  6.3870000e-002  1.0899000e-001
  1.9970000e-002  1.5320000e-003  5.9700000e-004  4.6800000e-004  6.7400000e-004  8.8100000e-004  1.0160000e-003  1.1470000e-003  1.5220000e-003  2.2700000e-003  3.3810000e-003  5.5500000e-003  8.5860000e-003  1.3694000e-002  2.2879000e-002  3.8565000e-002  6.6908000e-002  1.1045300e-001
  1.9552000e-002  1.6820000e-003  5.0800000e-004  4.4000000e-004  7.2000000e-004  8.4200000e-004  9.7000000e-004  1.1850000e-003  1.6310000e-003  2.2330000e-003  3.2730000e-003  5.5210000e-003  8.7490000e-003  1.3534000e-002  2.2227000e-002  3.6557000e-002  6.3825000e-002  1.0591500e-001
  2.0140000e-002  1.5590000e-003  5.1600000e-004  3.6700000e-004  6.4200000e-004  8.3200000e-004  8.6700000e-004  1.0660000e-003  1.3650000e-003  2.0340000e-003  3.2880000e-003  5.4540000e-003  8.4310000e-003  1.3717000e-002  2.2218000e-002  3.8821000e-002  6.6404000e-002  1.0927300e-001
  1.9196000e-002  1.4530000e-003  5.3000000e-004  4.1800000e-004  7.2100000e-004  8.7000000e-004  9.8000000e-004  1.1020000e-003  1.4510000e-003  2.1900000e-003  3.4720000e-003  5.2300000e-003  8.5340000e-003  1.3914000e-002  2.2408000e-002  3.8144000e-002  6.5987000e-002  1.1027000e-001
  1.9008000e-002  1.4420000e-003  4.8900000e-004  3.4600000e-004  5.6500000e-004  9.3400000e-004  9.3200000e-004  1.0210000e-003  1.4000000e-003  2.1760000e-003  3.4660000e-003  5.5210000e-003  8.6810000e-003  1.3987000e-002  2.2585000e-002  3.9223000e-002  6.6738000e-002  1.1152400e-001
  1.7932000e-002  1.2080000e-003  5.3400000e-004  4.1600000e-004  7.1800000e-004  8.4800000e-004  9.4300000e-004  1.1190000e-003  1.3840000e-003  2.3330000e-003  3.3050000e-003  5.2090000e-003  8.6370000e-003  1.4374000e-002  2.3575000e-002  3.8143000e-002  6.4869000e-002  1.0886200e-001
  1.7883000e-002  1.3710000e-003  5.2100000e-004  3.3900000e-004  6.4600000e-004  8.2600000e-004  9.1700000e-004  1.0870000e-003  1.5360000e-003  2.0000000e-003  3.1490000e-003  4.9150000e-003  8.6720000e-003  1.4302000e-002  2.3531000e-002  3.8626000e-002  6.7019000e-002  1.1186000e-001
  1.7428000e-002  1.1490000e-003  4.7400000e-004  3.3200000e-004  6.8300000e-004  8.9000000e-004  7.9900000e-004  1.1330000e-003  1.4960000e-003  2.2370000e-003  3.2730000e-003  5.2880000e-003  8.7390000e-003  1.4708000e-002  2.2694000e-002  3.9395000e-002  6.5035000e-002  1.1442400e-001
  1.7130000e-002  1.1570000e-003  4.8100000e-004  3.5600000e-004  6.6100000e-004  8.4600000e-004  8.5300000e-004  1.0450000e-003  1.6170000e-003  2.1360000e-003  3.3050000e-003  5.5520000e-003  8.8540000e-003  1.4567000e-002  2.3942000e-002  4.0261000e-002  6.5958000e-002  1.1347500e-001
  1.6379000e-002  1.2050000e-003  4.7400000e-004  3.6800000e-004  6.5700000e-004  7.0500000e-004  8.3000000e-004  9.5200000e-004  1.4540000e-003  2.2270000e-003  3.3280000e-003  5.4890000e-003  9.4150000e-003  1.4692000e-002  2.4937000e-002  4.3268000e-002  7.3538000e-002  1.2424900e-001
  1.6388000e-002  1.2060000e-003  4.9800000e-004  2.9400000e-004  6.3400000e-004  7.2800000e-004  7.8600000e-004  1.0420000e-003  1.4700000e-003  2.1240000e-003  3.3200000e-003  5.3710000e-003  8.5760000e-003  1.4791000e-002  2.4261000e-002  3.9301000e-002  6.8250000e-002  1.1451200e-001
  1.6237000e-002  1.0430000e-003  5.1200000e-004  3.6900000e-004  6.0100000e-004  7.5000000e-004  8.4400000e-004  9.9500000e-004  1.4660000e-003  2.3390000e-003  3.3940000e-003  5.5490000e-003  8.7810000e-003  1.4596000e-002  2.3295000e-002  3.9308000e-002  6.5217000e-002  1.1208200e-001
  1.3692000e-002  1.0680000e-003  4.4500000e-004  3.0900000e-004  6.5700000e-004  6.8600000e-004  8.0500000e-004  9.0700000e-004  1.3350000e-003  2.0890000e-003  3.4480000e-003  5.3710000e-003  8.8200000e-003  1.4406000e-002  2.3876000e-002  3.9736000e-002  6.5053000e-002  1.1169100e-001
  1.4016000e-002  9.5900000e-004  4.1200000e-004  3.7100000e-004  6.4000000e-004  6.7300000e-004  7.7300000e-004  9.6800000e-004  1.4470000e-003  2.1360000e-003  3.4120000e-003  5.5620000e-003  8.6040000e-003  1.4315000e-002  2.4358000e-002  3.8735000e-002  6.5353000e-002  1.0657100e-001
  1.3137000e-002  9.5500000e-004  4.4100000e-004  2.8900000e-004  6.7500000e-004  7.7600000e-004  7.1500000e-004  9.5700000e-004  1.3900000e-003  2.3160000e-003  3.4910000e-003  5.4350000e-003  8.7860000e-003  1.4632000e-002  2.4145000e-002  4.0208000e-002  6.6996000e-002  1.1135700e-001
  1.3320000e-002  9.4400000e-004  4.3600000e-004  3.6000000e-004  7.5800000e-004  8.0200000e-004  8.2300000e-004  1.0360000e-003  1.3920000e-003  2.2890000e-003  3.7580000e-003  5.5620000e-003  9.2380000e-003  1.5160000e-002  2.5115000e-002  4.1151000e-002  6.7388000e-002  1.1013100e-001
  1.2098000e-002  8.9600000e-004  4.1800000e-004  2.7600000e-004  6.9400000e-004  7.5200000e-004  6.9400000e-004  1.0180000e-003  1.4510000e-003  2.3060000e-003  3.6200000e-003  5.5660000e-003  9.0400000e-003  1.4249000e-002  2.4136000e-002  4.0065000e-002  6.5238000e-002  1.0997900e-001
  1.2430000e-002  8.9300000e-004  4.4300000e-004  3.3200000e-004  6.7800000e-004  7.5300000e-004  7.7200000e-004  1.0580000e-003  1.5500000e-003  2.1790000e-003  3.4510000e-003  5.3810000e-003  8.7540000e-003  1.4069000e-002  2.2764000e-002  4.0042000e-002  6.5205000e-002  1.0816600e-001
  1.1313000e-002  8.2300000e-004  4.3100000e-004  3.1400000e-004  7.1100000e-004  8.0200000e-004  7.4000000e-004  1.0060000e-003  1.3940000e-003  2.0630000e-003  3.5490000e-003  5.3190000e-003  8.8490000e-003  1.4022000e-002  2.3469000e-002  3.9157000e-002  6.3775000e-002  1.0800700e-001
  1.1144000e-002  8.4200000e-004  4.0100000e-004  2.9700000e-004  7.4700000e-004  6.9100000e-004  7.8300000e-004  9.4800000e-004  1.4130000e-003  2.0190000e-003  3.3100000e-003  5.6470000e-003  8.8320000e-003  1.3856000e-002  2.2477000e-002  3.8836000e-002  6.5575000e-002  1.0684300e-001
  9.9350000e-003  7.9600000e-004  4.3200000e-004  2.7900000e-004  7.3200000e-004  7.9800000e-004  7.0200000e-004  9.3000000e-004  1.3000000e-003  2.0930000e-003  3.5490000e-003  5.5230000e-003  8.5740000e-003  1.3909000e-002  2.1957000e-002  3.7637000e-002  6.1947000e-002  1.0350800e-001
  1.0198000e-002  7.8600000e-004  3.2900000e-004  3.7900000e-004  7.2800000e-004  7.6000000e-004  7.9800000e-004  7.6000000e-004  1.2220000e-003  2.0740000e-003  3.3780000e-003  5.5420000e-003  8.5740000e-003  1.3966000e-002  2.2261000e-002  3.6790000e-002  6.2423000e-002  1.0416200e-001
  9.6450000e-003  7.9700000e-004  3.0200000e-004  2.8500000e-004  6.4900000e-004  7.4400000e-004  7.3800000e-004  9.2100000e-004  1.2590000e-003  1.7280000e-003  3.2200000e-003  5.6300000e-003  8.6210000e-003  1.4216000e-002  2.1835000e-002  3.6439000e-002  6.0086000e-002  1.0082900e-001
  8.6440000e-003  5.6900000e-004  3.3300000e-004  2.7900000e-004  6.7700000e-004  7.2000000e-004  6.5500000e-004  8.3000000e-004  1.2890000e-003  1.9200000e-003  3.4280000e-003  5.5950000e-003  8.5890000e-003  1.3013000e-002  2.1593000e-002  3.5417000e-002  6.0254000e-002  9.6725000e-002
  8.4280000e-003  6.3000000e-004  3.1900000e-004  2.4400000e-004  6.2100000e-004  7.8800000e-004  6.5800000e-004  8.1500000e-004  1.1980000e-003  1.9000000e-003  3.4450000e-003  5.1820000e-003  8.5400000e-003  1.3520000e-002  2.1455000e-002  3.5565000e-002  6.0410000e-002  9.7530000e-002
  8.3530000e-003  5.6400000e-004  2.9900000e-004  2.4900000e-004  6.2600000e-004  7.3900000e-004  7.4400000e-004  7.7900000e-004  1.2010000e-003  2.0020000e-003  3.2470000e-003  5.5790000e-003  8.4060000e-003  1.3718000e-002  2.1860000e-002  3.5042000e-002  6.0505000e-002  9.9148000e-002
  7.6600000e-003  5.3100000e-004  2.4400000e-004  2.4900000e-004  6.7700000e-004  8.3300000e-004  7.4900000e-004  9.2100000e-004  1.2000000e-003  1.8540000e-003  3.2050000e-003  5.3060000e-003  8.1900000e-003  1.3697000e-002  2.1771000e-002  3.4497000e-002  5.8045000e-002  9.5950000e-002
  7.0740000e-003  5.8500000e-004  2.5300000e-004  2.2400000e-004  6.1700000e-004  7.5600000e-004  6.1300000e-004  7.2800000e-004  1.1620000e-003  1.8260000e-003  3.2430000e-003  5.2440000e-003  8.4260000e-003  1.3213000e-002  2.1209000e-002  3.4569000e-002  5.6300000e-002  9.6315000e-002
  7.6290000e-003  6.3700000e-004  2.0000000e-004  2.7600000e-004  6.8800000e-004  7.6700000e-004  6.8600000e-004  7.1400000e-004  1.1900000e-003  1.9650000e-003  3.0420000e-003  5.0830000e-003  8.3050000e-003  1.3095000e-002  2.1210000e-002  3.3590000e-002  5.5908000e-002  9.1095000e-002
  7.3360000e-003  6.0100000e-004  2.4800000e-004  2.1400000e-004  6.5200000e-004  7.4400000e-004  7.0900000e-004  8.2500000e-004  1.0800000e-003  1.7690000e-003  3.1150000e-003  5.3380000e-003  8.3190000e-003  1.3109000e-002  2.0623000e-002  3.4048000e-002  5.4803000e-002  9.0133000e-002
  7.8160000e-003  6.5800000e-004  1.8700000e-004  1.7400000e-004  5.9400000e-004  7.2100000e-004  6.4600000e-004  8.0400000e-004  1.1120000e-003  1.7320000e-003  3.1250000e-003  4.7540000e-003  8.2350000e-003  1.2836000e-002  2.0541000e-002  3.3608000e-002  5.4380000e-002  9.0721000e-002
  8.0220000e-003  6.1900000e-004  2.4300000e-004  2.2500000e-004  6.7100000e-004  7.3900000e-004  7.2300000e-004  8.8900000e-004  1.1680000e-003  1.9440000e-003  3.0500000e-003  5.1680000e-003  7.9720000e-003  1.3069000e-002  2.0128000e-002  3.4708000e-002  5.7218000e-002  9.1640000e-002
  7.3470000e-003  5.8800000e-004  2.2100000e-004  2.3700000e-004  7.0300000e-004  8.2500000e-004  6.6400000e-004  8.1400000e-004  1.1540000e-003  1.8160000e-003  3.1920000e-003  4.9640000e-003  8.0640000e-003  1.3022000e-002  2.0250000e-002  3.3095000e-002  5.4040000e-002  8.8364000e-002
  7.9620000e-003  5.8000000e-004  2.0800000e-004  1.6300000e-004  6.1700000e-004  8.0800000e-004  7.4200000e-004  8.8800000e-004  1.0940000e-003  1.8840000e-003  3.0570000e-003  5.0460000e-003  8.2870000e-003  1.3105000e-002  2.0717000e-002  3.3769000e-002  5.4824000e-002  9.0160000e-002
  7.8280000e-003  5.6600000e-004  2.0700000e-004  1.8700000e-004  5.4800000e-004  7.6100000e-004  6.8100000e-004  8.3800000e-004  1.1430000e-003  1.8610000e-003  3.2360000e-003  4.8770000e-003  8.0380000e-003  1.2983000e-002  1.9687000e-002  3.3150000e-002  5.4597000e-002  8.9727000e-002
  7.3190000e-003  5.7700000e-004  1.7400000e-004  1.8400000e-004  5.7500000e-004  6.9900000e-004  6.0200000e-004  9.2500000e-004  1.1730000e-003  1.8320000e-003  2.8310000e-003  4.6750000e-003  7.8540000e-003  1.2825000e-002  1.9791000e-002  3.1952000e-002  5.3113000e-002  8.8967000e-002
  6.5040000e-003  5.4700000e-004  2.2300000e-004  2.3000000e-004  5.7400000e-004  5.9800000e-004  7.6100000e-004  8.8700000e-004  1.3040000e-003  1.8020000e-003  2.8370000e-003  4.1440000e-003  7.5930000e-003  1.2422000e-002  1.9817000e-002  3.2876000e-002  5.4723000e-002  8.9907000e-002
  5.8280000e-003  5.3200000e-004  1.9300000e-004  1.4300000e-004  5.0500000e-004  6.3400000e-004  6.6800000e-004  8.6400000e-004  1.2530000e-003  1.6160000e-003  2.7100000e-003  4.4110000e-003  7.3640000e-003  1.1841000e-002  1.9406000e-002  3.0940000e-002  5.2572000e-002  8.7433000e-002
  5.4890000e-003  4.5500000e-004  1.6500000e-004  1.6800000e-004  5.5100000e-004  6.7000000e-004  7.1900000e-004  9.0800000e-004  1.0500000e-003  1.5870000e-003  2.7740000e-003  4.2410000e-003  7.3140000e-003  1.1807000e-002  1.8431000e-002  3.0595000e-002  5.1349000e-002  8.6089000e-002
  4.8440000e-003  4.1600000e-004  1.3700000e-004  1.8500000e-004  5.1500000e-004  5.5400000e-004  6.1500000e-004  8.4900000e-004  1.1430000e-003  1.7590000e-003  2.5270000e-003  4.1080000e-003  6.7790000e-003  1.1947000e-002  1.9254000e-002  3.1527000e-002  5.2168000e-002  8.8745000e-002
  5.2150000e-003  2.9100000e-004  1.3800000e-004  1.9900000e-004  4.7600000e-004  5.5200000e-004  6.2000000e-004  7.4700000e-004  9.8200000e-004  1.6690000e-003  2.6410000e-003  4.0960000e-003  6.6210000e-003  1.1126000e-002  1.8311000e-002  3.0001000e-002  4.7931000e-002  8.3301000e-002
  4.0600000e-003  2.6700000e-004  1.5500000e-004  1.6500000e-004  5.5700000e-004  6.0600000e-004  5.7500000e-004  8.1600000e-004  1.0540000e-003  1.5220000e-003  2.7150000e-003  3.8990000e-003  6.5540000e-003  1.0851000e-002  1.8574000e-002  2.9651000e-002  4.9752000e-002  8.3148000e-002
  4.0610000e-003  2.8000000e-004  1.1600000e-004  1.5300000e-004  3.9900000e-004  5.4100000e-004  7.0700000e-004  7.7500000e-004  1.0450000e-003  1.5140000e-003  2.5130000e-003  4.0870000e-003  6.2500000e-003  1.0363000e-002  1.6999000e-002  2.8904000e-002  4.7090000e-002  8.1820000e-002
