  6.0270000e+004  2.4742200e+005  3.0070800e+005  2.2057850e+005  2.0012100e+005  2.2194050e+005  2.5072400e+005  2.6771300e+005  2.5187350e+005  2.3946250e+005  2.1869850e+005  2.0391550e+005  1.7610050e+005  1.4201750e+005  1.1496000e+005  8.9960000e+004  6.4308000e+004  3.5402000e+004
  6.1508500e+004  2.4257250e+005  3.1309850e+005  2.2990050e+005  2.0083800e+005  2.1695150e+005  2.4218700e+005  2.6816300e+005  2.5344400e+005  2.4326500e+005  2.2096400e+005  2.0640550e+005  1.8152200e+005  1.4616950e+005  1.1840000e+005  9.0792500e+004  6.6250000e+004  3.6627500e+004
  6.1636000e+004  2.4139900e+005  3.1840800e+005  2.4265200e+005  2.0474950e+005  2.1114050e+005  2.3434350e+005  2.6895950e+005  2.5327450e+005  2.4583400e+005  2.2435400e+005  2.0858850e+005  1.8654450e+005  1.5121250e+005  1.2123750e+005  9.1818000e+004  6.8288500e+004  3.7772000e+004
  6.1942000e+004  2.4191050e+005  3.1785650e+005  2.5780100e+005  2.1036250e+005  2.0599350e+005  2.2946250e+005  2.6466100e+005  2.5660250e+005  2.4745200e+005  2.2841850e+005  2.1048700e+005  1.9071600e+005  1.5631950e+005  1.2371100e+005  9.3828500e+004  6.9337000e+004  3.9293500e+004
  6.2607500e+004  2.4377450e+005  3.1227350e+005  2.7825150e+005  2.1483450e+005  2.0129600e+005  2.2435600e+005  2.5553700e+005  2.6268100e+005  2.4823400e+005  2.3219550e+005  2.1213450e+005  1.9408000e+005  1.6171300e+005  1.2713200e+005  9.6769000e+004  6.9562500e+004  4.1000500e+004
  6.2287000e+004  2.4627250e+005  3.0558950e+005  2.9906750e+005  2.1997100e+005  1.9836700e+005  2.1878550e+005  2.4724150e+005  2.6466150e+005  2.4904700e+005  2.3636400e+005  2.1398250e+005  1.9711450e+005  1.6714900e+005  1.3068600e+005  9.9904500e+004  7.0027500e+004  4.2306500e+004
  6.1719000e+004  2.4722100e+005  3.0242950e+005  3.1196700e+005  2.2923900e+005  1.9917500e+005  2.1357650e+005  2.3895700e+005  2.6505850e+005  2.5051750e+005  2.4008150e+005  2.1610950e+005  1.9959400e+005  1.7220950e+005  1.3446850e+005  1.0268000e+005  7.0735500e+004  4.3437000e+004
  6.1684000e+004  2.4751900e+005  3.0162450e+005  3.1750600e+005  2.4234300e+005  2.0272150e+005  2.0732150e+005  2.3104050e+005  2.6555700e+005  2.5057700e+005  2.4222450e+005  2.1955050e+005  2.0165100e+005  1.7674550e+005  1.3914500e+005  1.0491950e+005  7.1602500e+004  4.4643000e+004
  6.1135000e+004  2.4757250e+005  3.0238300e+005  3.1733200e+005  2.5861200e+005  2.0769050e+005  2.0109750e+005  2.2497750e+005  2.6039600e+005  2.5399700e+005  2.4340850e+005  2.2361550e+005  2.0361150e+005  1.8034650e+005  1.4396900e+005  1.0726500e+005  7.3288500e+004  4.5184500e+004
  6.1102500e+004  2.4621100e+005  3.0506150e+005  3.1174700e+005  2.7957050e+005  2.1232750e+005  1.9643400e+005  2.1975100e+005  2.5168700e+005  2.5997050e+005  2.4429350e+005  2.2730350e+005  2.0524400e+005  1.8336900e+005  1.4875700e+005  1.1018950e+005  7.5518000e+004  4.5098000e+004
  6.1452500e+004  2.4506800e+005  3.0741700e+005  3.0486600e+005  2.9965250e+005  2.1812250e+005  1.9461700e+005  2.1526600e+005  2.4454000e+005  2.6190250e+005  2.4540800e+005  2.3145150e+005  2.0683550e+005  1.8637750e+005  1.5326650e+005  1.1278200e+005  7.7875000e+004  4.5292000e+004
  6.1852000e+004  2.4471300e+005  3.0791100e+005  3.0197550e+005  3.1203400e+005  2.2759400e+005  1.9576900e+005  2.1056050e+005  2.3658100e+005  2.6230150e+005  2.4696900e+005  2.3512200e+005  2.0877450e+005  1.8885950e+005  1.5752850e+005  1.1565300e+005  7.9664000e+004  4.5533000e+004
  6.3507000e+004  2.4463050e+005  3.0830500e+005  3.0129900e+005  3.1711350e+005  2.4051350e+005  1.9963250e+005  2.0496750e+005  2.2899100e+005  2.6296600e+005  2.4715300e+005  2.3719250e+005  2.1213250e+005  1.9080800e+005  1.6129600e+005  1.1941450e+005  8.0882000e+004  4.5892500e+004
  6.4960500e+004  2.4686250e+005  3.0776750e+005  3.0200600e+005  3.1635750e+005  2.5593900e+005  2.0489750e+005  1.9949350e+005  2.2337200e+005  2.5807900e+005  2.5063250e+005  2.3835350e+005  2.1610750e+005  1.9261850e+005  1.6446500e+005  1.2346100e+005  8.2543000e+004  4.7048500e+004
  6.5488000e+004  2.5047150e+005  3.0647300e+005  3.0459500e+005  3.1073100e+005  2.7564950e+005  2.0934800e+005  1.9507600e+005  2.1841800e+005  2.4970850e+005  2.5653850e+005  2.3915700e+005  2.1964300e+005  1.9419900e+005  1.6752050e+005  1.2785500e+005  8.4880000e+004  4.8508500e+004
  6.5592500e+004  2.5451750e+005  3.0569000e+005  3.0712600e+005  3.0411900e+005  2.9556000e+005  2.1467550e+005  1.9313650e+005  2.1390850e+005  2.4273500e+005  2.5851050e+005  2.4030400e+005  2.2352950e+005  1.9581150e+005  1.7039300e+005  1.3215750e+005  8.7150000e+004  5.0149000e+004
  6.6092500e+004  2.5870250e+005  3.0584900e+005  3.0772850e+005  3.0147650e+005  3.0859000e+005  2.2388750e+005  1.9431600e+005  2.0939000e+005  2.3470450e+005  2.5907050e+005  2.4186650e+005  2.2708950e+005  1.9765600e+005  1.7274000e+005  1.3572300e+005  8.9795500e+004  5.1532000e+004
  6.6898000e+004  2.6171700e+005  3.0761850e+005  3.0826350e+005  3.0088050e+005  3.1439400e+005  2.3695600e+005  1.9841150e+005  2.0408600e+005  2.2714800e+005  2.5988700e+005  2.4191500e+005  2.2914200e+005  2.0066250e+005  1.7465150e+005  1.3860550e+005  9.2863500e+004  5.2469500e+004
  6.5616000e+004  2.6398900e+005  3.1128600e+005  3.0809400e+005  3.0168150e+005  3.1438850e+005  2.5277100e+005  2.0375450e+005  1.9882250e+005  2.2163850e+005  2.5514550e+005  2.4515450e+005  2.3028150e+005  2.0434050e+005  1.7608850e+005  1.4115450e+005  9.5936500e+004  5.3633500e+004
  6.4495000e+004  2.6438350e+005  3.1597850e+005  3.0685450e+005  3.0455700e+005  3.0939050e+005  2.7325250e+005  2.0835650e+005  1.9451500e+005  2.1684700e+005  2.4672650e+005  2.5099600e+005  2.3107200e+005  2.0778200e+005  1.7740250e+005  1.4354500e+005  9.8998500e+004  5.5167500e+004
  6.4280500e+004  2.6350350e+005  3.2116400e+005  3.0607700e+005  3.0724750e+005  3.0350950e+005  2.9409850e+005  2.1423050e+005  1.9260800e+005  2.1259950e+005  2.3968200e+005  2.5319000e+005  2.3218950e+005  2.1151700e+005  1.7888900e+005  1.4601700e+005  1.0202550e+005  5.6647500e+004
  6.2170000e+004  2.6189800e+005  3.2627600e+005  3.0647250e+005  3.0799450e+005  3.0113500e+005  3.0764800e+005  2.2373300e+005  1.9386350e+005  2.0823850e+005  2.3190400e+005  2.5378050e+005  2.3378600e+005  2.1496100e+005  1.8069400e+005  1.4829500e+005  1.0490350e+005  5.8533500e+004
  5.9921500e+004  2.5744550e+005  3.3013400e+005  3.0856550e+005  3.0861650e+005  3.0083800e+005  3.1415250e+005  2.3696850e+005  1.9806150e+005  2.0304850e+005  2.2460950e+005  2.5459350e+005  2.3388200e+005  2.1698300e+005  1.8373000e+005  1.5023900e+005  1.0742450e+005  6.0870000e+004
  5.7498500e+004  2.5201750e+005  3.3137300e+005  3.1259300e+005  3.0858500e+005  3.0208950e+005  3.1524250e+005  2.5324500e+005  2.0379900e+005  1.9792600e+005  2.1919950e+005  2.5003300e+005  2.3711250e+005  2.1810350e+005  1.8730900e+005  1.5193100e+005  1.0974250e+005  6.3166500e+004
  5.4452000e+004  2.4522700e+005  3.3087600e+005  3.1762650e+005  3.0761200e+005  3.0492700e+005  3.1098750e+005  2.7415500e+005  2.0896050e+005  1.9389300e+005  2.1459900e+005  2.4187600e+005  2.4279500e+005  2.1883000e+005  1.9059850e+005  1.5343950e+005  1.1203750e+005  6.5587500e+004
  5.1873000e+004  2.3566050e+005  3.2989350e+005  3.2273600e+005  3.0707900e+005  3.0749100e+005  3.0516000e+005  2.9507100e+005  2.1491750e+005  1.9215600e+005  2.1047650e+005  2.3495950e+005  2.4482700e+005  2.1996650e+005  1.9403450e+005  1.5511400e+005  1.1451450e+005  6.8040000e+004
  5.1080500e+004  2.2542050e+005  3.2636500e+005  3.2762700e+005  3.0765150e+005  3.0847950e+005  3.0296550e+005  3.0870350e+005  2.2421550e+005  1.9340050e+005  2.0611750e+005  2.2727400e+005  2.4528200e+005  2.2166250e+005  1.9715550e+005  1.5700150e+005  1.1666050e+005  7.0450500e+004
  5.1359500e+004  2.1630600e+005  3.1974300e+005  3.3153400e+005  3.0982800e+005  3.0937900e+005  3.0258900e+005  3.1513500e+005  2.3723150e+005  1.9755500e+005  2.0096700e+005  2.2013200e+005  2.4599500e+005  2.2179050e+005  1.9908700e+005  1.5973300e+005  1.1854450e+005  7.2481500e+004
  5.1003000e+004  2.1001050e+005  3.1186600e+005  3.3280700e+005  3.1389500e+005  3.0959350e+005  3.0355550e+005  3.1611700e+005  2.5332750e+005  2.0311100e+005  1.9597000e+005  2.1486900e+005  2.4168650e+005  2.2486800e+005  2.0014200e+005  1.6303250e+005  1.2023850e+005  7.4294500e+004
  5.0655000e+004  2.0668200e+005  3.0204100e+005  3.3233500e+005  3.1909050e+005  3.0904300e+005  3.0673400e+005  3.1183100e+005  2.7413000e+005  2.0811550e+005  1.9196750e+005  2.1035150e+005  2.3395800e+005  2.3030600e+005  2.0087250e+005  1.6608150e+005  1.2195700e+005  7.6150500e+004
  5.0761500e+004  2.0567050e+005  2.8978250e+005  3.3136550e+005  3.2426150e+005  3.0906600e+005  3.0980600e+005  3.0617150e+005  2.9498050e+005  2.1401350e+005  1.9020550e+005  2.0629350e+005  2.2730550e+005  2.3223250e+005  2.0197250e+005  1.6924000e+005  1.2381000e+005  7.8197000e+004
  5.0339500e+004  2.0548850e+005  2.7859050e+005  3.2785200e+005  3.2919050e+005  3.0983950e+005  3.1099200e+005  3.0419700e+005  3.0868350e+005  2.2330200e+005  1.9152400e+005  2.0206850e+005  2.1988050e+005  2.3270450e+005  2.0356550e+005  1.7216150e+005  1.2562350e+005  8.0282500e+004
  4.9862500e+004  2.0453650e+005  2.6984550e+005  3.2124450e+005  3.3319250e+005  3.1184950e+005  3.1201900e+005  3.0408200e+005  3.1531150e+005  2.3638750e+005  1.9571200e+005  1.9713450e+005  2.1297850e+005  2.3340300e+005  2.0386550e+005  1.7386350e+005  1.2822550e+005  8.2172500e+004
  5.0509000e+004  2.0350650e+005  2.6334600e+005  3.1336950e+005  3.3458850e+005  3.1600750e+005  3.1263900e+005  3.0556200e+005  3.1670150e+005  2.5255050e+005  2.0130050e+005  1.9234650e+005  2.0788950e+005  2.2925500e+005  2.0699600e+005  1.7480550e+005  1.3101000e+005  8.3715000e+004
  5.1630000e+004  2.0336150e+005  2.5973750e+005  3.0353000e+005  3.3430150e+005  3.2176050e+005  3.1265150e+005  3.0913950e+005  3.1272250e+005  2.7343450e+005  2.0628100e+005  1.8846100e+005  2.0354000e+005  2.2190700e+005  2.1216600e+005  1.7557150e+005  1.3347850e+005  8.5125000e+004
  5.3084000e+004  2.0440350e+005  2.5905550e+005  2.9130600e+005  3.3373300e+005  3.2848900e+005  3.1403050e+005  3.1300650e+005  3.0723200e+005  2.9437950e+005  2.1215150e+005  1.8670550e+005  1.9962000e+005  2.1554950e+005  2.1392050e+005  1.7672550e+005  1.3611000e+005  8.6609500e+004
  5.5581000e+004  2.0749050e+005  2.5899150e+005  2.8034300e+005  3.3046650e+005  3.3509700e+005  3.1694800e+005  3.1553500e+005  3.0567800e+005  3.0811350e+005  2.2141650e+005  1.8793050e+005  1.9560500e+005  2.0844250e+005  2.1440300e+005  1.7828050e+005  1.3846350e+005  8.7965000e+004
  5.8169000e+004  2.1304100e+005  2.5798200e+005  2.7187750e+005  3.2334550e+005  3.3828800e+005  3.1987650e+005  3.1720150e+005  3.0562450e+005  3.1443050e+005  2.3417050e+005  1.9198050e+005  1.9082650e+005  2.0191500e+005  2.1511050e+005  1.7879550e+005  1.3999200e+005  8.9843000e+004
  5.9874000e+004  2.2028300e+005  2.5753600e+005  2.6561950e+005  3.1522950e+005  3.3773800e+005  3.2338400e+005  3.1746050e+005  3.0667500e+005  3.1523450e+005  2.4975450e+005  1.9740350e+005  1.8612350e+005  1.9723350e+005  2.1130700e+005  1.8180300e+005  1.4096200e+005  9.1978500e+004
  6.0656000e+004  2.2834700e+005  2.5852850e+005  2.6228500e+005  3.0591300e+005  3.3692450e+005  3.2837100e+005  3.1712100e+005  3.1000300e+005  3.1097550e+005  2.7015700e+005  2.0221450e+005  1.8247050e+005  1.9335750e+005  2.0463800e+005  1.8660950e+005  1.4182850e+005  9.3979000e+004
  6.0304500e+004  2.3618650e+005  2.6111050e+005  2.6172150e+005  2.9409700e+005  3.3653650e+005  3.3391850e+005  3.1789700e+005  3.1341200e+005  3.0539000e+005  2.9073350e+005  2.0797250e+005  1.8096450e+005  1.8992750e+005  1.9910550e+005  1.8856200e+005  1.4328350e+005  9.6106500e+004
  5.9796500e+004  2.4167450e+005  2.6683000e+005  2.6184350e+005  2.8352200e+005  3.3371800e+005  3.3928400e+005  3.1972300e+005  3.1547800e+005  3.0379000e+005  3.0436400e+005  2.1727550e+005  1.8243150e+005  1.8640900e+005  1.9293350e+005  1.8930750e+005  1.4510000e+005  9.7945000e+004
  5.9750500e+004  2.4376500e+005  2.7534700e+005  2.6125650e+005  2.7536650e+005  3.2764350e+005  3.4340950e+005  3.2270400e+005  3.1755800e+005  3.0429850e+005  3.1119050e+005  2.3021350e+005  1.8682450e+005  1.8216650e+005  1.8724600e+005  1.9026400e+005  1.4601600e+005  9.9333000e+004
  6.0049000e+004  2.4356000e+005  2.8462100e+005  2.6103200e+005  2.6919700e+005  3.2008550e+005  3.4441300e+005  3.2726750e+005  3.1876000e+005  3.0615950e+005  3.1272300e+005  2.4595750e+005  1.9252250e+005  1.7806550e+005  1.8325750e+005  1.8736300e+005  1.4915950e+005  1.0061050e+005
  6.0519000e+004  2.4265150e+005  2.9359100e+005  2.6198150e+005  2.6595250e+005  3.1045200e+005  3.4357650e+005  3.3269450e+005  3.1871800e+005  3.0982900e+005  3.0883100e+005  2.6617500e+005  1.9742900e+005  1.7494900e+005  1.7999300e+005  1.8192500e+005  1.5365650e+005  1.0201650e+005
