  5.0518000e-002  1.8462350e-003  6.5061443e-004  4.9954002e-004  9.5526833e-004  1.4412261e-003  1.5152993e-003  1.6958356e-003  2.3045172e-003  3.1862988e-003  4.8970635e-003  7.8976849e-003  1.1935904e-002  1.8907805e-002  3.1402265e-002  5.3592780e-002  9.1159938e-002  1.4992062e-001
  4.7981952e-002  1.8399862e-003  6.3828455e-004  4.8707753e-004  9.2998225e-004  1.4978830e-003  1.4478535e-003  1.6300420e-003  2.2264588e-003  3.0205271e-003  4.8999711e-003  7.8057782e-003  1.2175194e-002  1.9284233e-002  3.2768526e-002  5.6848879e-002  9.8610724e-002  1.6038818e-001
  4.4998651e-002  1.6225780e-003  6.0549604e-004  4.6508756e-004  9.0240499e-004  1.4109393e-003  1.4368549e-003  1.6784097e-003  2.0704035e-003  2.9569807e-003  4.5892226e-003  7.6231119e-003  1.1817492e-002  1.8401880e-002  3.0490982e-002  5.2165583e-002  8.8907281e-002  1.4537292e-001
  4.3270532e-002  1.5971080e-003  6.1944262e-004  4.5032722e-004  9.2966765e-004  1.4543885e-003  1.4756298e-003  1.6403698e-003  2.0925181e-003  2.9491749e-003  4.6905495e-003  7.6235883e-003  1.1969532e-002  1.8693203e-002  3.0857261e-002  5.3477454e-002  9.2325223e-002  1.5280395e-001
  4.0739000e-002  1.5370000e-003  5.8500000e-004  4.2700000e-004  8.5200000e-004  1.3450000e-003  1.4090000e-003  1.5600000e-003  2.0110000e-003  3.0490000e-003  4.6520000e-003  7.6280000e-003  1.2329000e-002  1.9202000e-002  3.1824000e-002  5.4786000e-002  9.4257000e-002  1.5005300e-001
  3.8209000e-002  1.4820000e-003  6.0300000e-004  4.5600000e-004  9.6000000e-004  1.4180000e-003  1.4220000e-003  1.6000000e-003  2.0440000e-003  3.0230000e-003  4.6660000e-003  7.7420000e-003  1.2711000e-002  1.9838000e-002  3.2693000e-002  5.5271000e-002  9.3094000e-002  1.4562000e-001
  3.7042000e-002  1.3830000e-003  5.3200000e-004  4.1100000e-004  8.7900000e-004  1.2480000e-003  1.3350000e-003  1.4990000e-003  1.9630000e-003  2.9250000e-003  4.3350000e-003  7.3230000e-003  1.1989000e-002  1.8804000e-002  3.0114000e-002  5.1248000e-002  8.7686000e-002  1.3992000e-001
  3.5892000e-002  1.4090000e-003  5.3100000e-004  4.1400000e-004  9.1900000e-004  1.2950000e-003  1.3220000e-003  1.5000000e-003  2.0120000e-003  2.7950000e-003  4.3500000e-003  7.1700000e-003  1.1890000e-002  1.8625000e-002  3.0046000e-002  5.0209000e-002  8.5852000e-002  1.3823400e-001
  3.4770000e-002  1.3170000e-003  5.2800000e-004  3.7800000e-004  8.9700000e-004  1.2080000e-003  1.3420000e-003  1.4720000e-003  2.0520000e-003  2.7990000e-003  4.5020000e-003  7.1910000e-003  1.2119000e-002  1.9640000e-002  3.1382000e-002  5.2427000e-002  8.9629000e-002  1.4534700e-001
  3.3067000e-002  1.3450000e-003  5.4200000e-004  4.0300000e-004  9.1600000e-004  1.2350000e-003  1.2310000e-003  1.4660000e-003  1.9560000e-003  2.7440000e-003  4.4560000e-003  7.1030000e-003  1.1785000e-002  1.9133000e-002  3.0236000e-002  4.8864000e-002  8.3505000e-002  1.3544100e-001
  2.9932000e-002  1.1990000e-003  5.3000000e-004  3.8800000e-004  8.7300000e-004  1.1910000e-003  1.2220000e-003  1.4800000e-003  1.9030000e-003  2.7100000e-003  4.4610000e-003  7.0280000e-003  1.1889000e-002  1.9285000e-002  3.0186000e-002  4.9674000e-002  8.3926000e-002  1.3771400e-001
  2.7957000e-002  1.2160000e-003  5.2300000e-004  3.7400000e-004  8.7000000e-004  1.1580000e-003  1.1750000e-003  1.4350000e-003  1.8960000e-003  2.8510000e-003  4.5030000e-003  7.0530000e-003  1.1901000e-002  1.9852000e-002  3.1188000e-002  5.1005000e-002  8.6741000e-002  1.4215300e-001
  2.5856000e-002  1.0680000e-003  5.1400000e-004  4.1400000e-004  8.5700000e-004  1.2120000e-003  1.1780000e-003  1.4320000e-003  1.9430000e-003  2.8370000e-003  4.3250000e-003  6.8620000e-003  1.1492000e-002  1.9215000e-002  2.9783000e-002  4.7619000e-002  7.8932000e-002  1.2712100e-001
  2.4047000e-002  1.0730000e-003  4.9700000e-004  3.8900000e-004  8.3500000e-004  1.0850000e-003  1.1190000e-003  1.4220000e-003  1.8960000e-003  2.8250000e-003  4.2190000e-003  7.0570000e-003  1.1512000e-002  1.9585000e-002  3.1049000e-002  4.9573000e-002  8.1772000e-002  1.3357700e-001
  2.4075000e-002  1.0570000e-003  5.1200000e-004  4.1400000e-004  9.1200000e-004  1.1150000e-003  1.1480000e-003  1.3930000e-003  1.9640000e-003  2.7730000e-003  4.2730000e-003  6.9770000e-003  1.1346000e-002  1.9246000e-002  3.0901000e-002  4.9045000e-002  8.0822000e-002  1.3329000e-001
  2.2905000e-002  1.0030000e-003  5.2400000e-004  3.7600000e-004  9.1800000e-004  1.1320000e-003  1.1580000e-003  1.3650000e-003  1.9280000e-003  2.7850000e-003  4.3010000e-003  6.9100000e-003  1.1143000e-002  1.8724000e-002  3.0748000e-002  4.8315000e-002  7.9462000e-002  1.2993500e-001
  2.2590000e-002  1.0040000e-003  5.2800000e-004  3.9800000e-004  9.3100000e-004  1.0910000e-003  1.0820000e-003  1.3150000e-003  1.9570000e-003  2.8040000e-003  4.4110000e-003  7.1690000e-003  1.1220000e-002  1.9288000e-002  3.2256000e-002  5.1540000e-002  8.4295000e-002  1.4001300e-001
  2.2916000e-002  1.0420000e-003  5.2600000e-004  3.9800000e-004  1.0180000e-003  1.1090000e-003  1.1200000e-003  1.3650000e-003  2.0030000e-003  2.9670000e-003  4.5990000e-003  7.1740000e-003  1.1312000e-002  1.9581000e-002  3.3241000e-002  5.2491000e-002  8.3747000e-002  1.3432300e-001
  2.2814000e-002  9.7100000e-004  5.1800000e-004  4.0700000e-004  1.0360000e-003  1.1760000e-003  1.1700000e-003  1.3980000e-003  1.9670000e-003  2.9630000e-003  4.5400000e-003  6.8380000e-003  1.1125000e-002  1.8642000e-002  3.1805000e-002  5.1020000e-002  8.1801000e-002  1.3282900e-001
  2.3304000e-002  9.5000000e-004  5.1300000e-004  3.9600000e-004  1.0660000e-003  1.2510000e-003  1.1720000e-003  1.3590000e-003  1.9440000e-003  2.9870000e-003  4.4380000e-003  6.7420000e-003  1.0916000e-002  1.7883000e-002  3.0591000e-002  4.9559000e-002  7.9764000e-002  1.3204600e-001
  2.1817000e-002  8.6400000e-004  5.0200000e-004  3.7400000e-004  1.0910000e-003  1.2390000e-003  1.1110000e-003  1.3800000e-003  1.9310000e-003  2.9820000e-003  4.3900000e-003  6.8440000e-003  1.0867000e-002  1.7555000e-002  3.0048000e-002  4.9154000e-002  7.9372000e-002  1.2913100e-001
  2.2117000e-002  8.1800000e-004  4.6800000e-004  3.5600000e-004  9.7400000e-004  1.1290000e-003  1.0700000e-003  1.3250000e-003  1.8710000e-003  2.9930000e-003  4.4310000e-003  6.6890000e-003  1.0808000e-002  1.7136000e-002  2.9198000e-002  4.8538000e-002  7.8136000e-002  1.2787100e-001
  2.1267000e-002  7.6000000e-004  4.2100000e-004  3.1500000e-004  9.2200000e-004  1.0340000e-003  9.7800000e-004  1.3180000e-003  1.8210000e-003  2.8700000e-003  4.4420000e-003  6.8270000e-003  1.0258000e-002  1.6619000e-002  2.8515000e-002  4.7762000e-002  7.6897000e-002  1.2546900e-001
  1.9655000e-002  7.9100000e-004  4.0800000e-004  3.2200000e-004  1.0290000e-003  1.0930000e-003  9.8900000e-004  1.3340000e-003  1.8340000e-003  2.9730000e-003  4.5440000e-003  6.8900000e-003  1.0234000e-002  1.6797000e-002  2.8688000e-002  4.8356000e-002  7.9156000e-002  1.2780900e-001
  1.7707000e-002  7.2200000e-004  3.8400000e-004  3.1600000e-004  9.9000000e-004  1.0850000e-003  9.9200000e-004  1.2960000e-003  1.8200000e-003  2.8580000e-003  4.5440000e-003  6.6290000e-003  9.9670000e-003  1.6302000e-002  2.7464000e-002  4.6579000e-002  7.5656000e-002  1.2267300e-001
  1.5373000e-002  6.8400000e-004  3.8200000e-004  3.0800000e-004  9.6100000e-004  1.1150000e-003  1.0120000e-003  1.2710000e-003  1.7530000e-003  2.7010000e-003  4.4120000e-003  6.4510000e-003  9.5610000e-003  1.5720000e-002  2.5658000e-002  4.3938000e-002  7.1328000e-002  1.1515700e-001
  1.4737000e-002  7.0100000e-004  3.6500000e-004  3.0300000e-004  9.4300000e-004  1.1110000e-003  9.9700000e-004  1.2520000e-003  1.7700000e-003  2.6840000e-003  4.5820000e-003  6.4050000e-003  9.6950000e-003  1.5885000e-002  2.5407000e-002  4.3962000e-002  7.2690000e-002  1.1734700e-001
  1.3618000e-002  6.5100000e-004  3.4600000e-004  2.8300000e-004  8.5700000e-004  1.0620000e-003  9.7200000e-004  1.1510000e-003  1.7080000e-003  2.6290000e-003  4.3120000e-003  6.3910000e-003  9.8190000e-003  1.5074000e-002  2.4613000e-002  4.2063000e-002  7.0425000e-002  1.1340000e-001
  1.3041000e-002  6.2100000e-004  3.1900000e-004  2.7100000e-004  8.1700000e-004  9.9100000e-004  9.4500000e-004  1.1180000e-003  1.6560000e-003  2.5750000e-003  4.2160000e-003  6.4360000e-003  9.5750000e-003  1.4525000e-002  2.4238000e-002  4.1087000e-002  6.9499000e-002  1.1195100e-001
  1.1691000e-002  5.8000000e-004  2.9600000e-004  2.7100000e-004  8.0900000e-004  9.3200000e-004  9.2300000e-004  1.1040000e-003  1.6620000e-003  2.5150000e-003  4.0690000e-003  6.4820000e-003  9.4240000e-003  1.4323000e-002  2.3921000e-002  4.0405000e-002  6.9118000e-002  1.1225500e-001
  1.0934000e-002  5.5500000e-004  2.8200000e-004  2.3600000e-004  7.6800000e-004  9.2000000e-004  8.9400000e-004  1.0910000e-003  1.5950000e-003  2.5110000e-003  3.9170000e-003  6.4250000e-003  9.2630000e-003  1.4186000e-002  2.3716000e-002  3.9142000e-002  6.7230000e-002  1.1006900e-001
  1.0086000e-002  5.2800000e-004  2.6700000e-004  2.3500000e-004  7.5000000e-004  9.0500000e-004  8.6000000e-004  1.0210000e-003  1.5210000e-003  2.4090000e-003  3.7880000e-003  6.3860000e-003  9.2170000e-003  1.4204000e-002  2.3457000e-002  3.8235000e-002  6.6031000e-002  1.0990800e-001
  9.6040000e-003  4.6100000e-004  2.2900000e-004  2.0800000e-004  6.5800000e-004  8.0300000e-004  7.9400000e-004  9.5900000e-004  1.4550000e-003  2.2690000e-003  3.6480000e-003  5.9960000e-003  9.0820000e-003  1.4170000e-002  2.2021000e-002  3.6366000e-002  6.2738000e-002  1.0424700e-001
  8.9880000e-003  4.4500000e-004  2.3300000e-004  1.9700000e-004  5.9300000e-004  7.2700000e-004  7.5500000e-004  9.5500000e-004  1.3660000e-003  2.2550000e-003  3.6190000e-003  5.9280000e-003  9.1700000e-003  1.3702000e-002  2.1317000e-002  3.6256000e-002  6.1909000e-002  1.0422600e-001
  8.8380000e-003  4.3000000e-004  2.2100000e-004  2.0200000e-004  5.7700000e-004  7.2200000e-004  7.3500000e-004  9.2300000e-004  1.3780000e-003  2.2100000e-003  3.4720000e-003  5.6250000e-003  9.0280000e-003  1.3451000e-002  2.0629000e-002  3.5995000e-002  6.0167000e-002  1.0214800e-001
  8.4120000e-003  3.9600000e-004  1.9900000e-004  1.8900000e-004  5.5600000e-004  6.9600000e-004  7.0500000e-004  9.0900000e-004  1.3170000e-003  2.1280000e-003  3.4130000e-003  5.4930000e-003  8.9960000e-003  1.3202000e-002  2.0119000e-002  3.4590000e-002  5.7517000e-002  9.7034000e-002
  7.7120000e-003  4.2400000e-004  2.1900000e-004  1.8500000e-004  5.3000000e-004  7.1200000e-004  7.2000000e-004  9.4300000e-004  1.3440000e-003  2.0580000e-003  3.4250000e-003  5.3530000e-003  8.7570000e-003  1.3004000e-002  2.0145000e-002  3.4072000e-002  5.5752000e-002  9.4783000e-002
  7.4230000e-003  3.8700000e-004  2.0000000e-004  1.6100000e-004  5.1400000e-004  6.8300000e-004  7.1500000e-004  9.4400000e-004  1.3270000e-003  2.0670000e-003  3.3630000e-003  5.2810000e-003  8.6340000e-003  1.3036000e-002  2.0409000e-002  3.2618000e-002  5.4789000e-002  9.3878000e-002
  7.1550000e-003  3.9000000e-004  1.8900000e-004  1.5400000e-004  5.0800000e-004  7.1100000e-004  7.3700000e-004  9.5700000e-004  1.3770000e-003  2.0360000e-003  3.3450000e-003  5.1190000e-003  8.4470000e-003  1.3255000e-002  2.0054000e-002  3.1810000e-002  5.5304000e-002  9.4191000e-002
  6.6700000e-003  3.8200000e-004  1.8000000e-004  1.6300000e-004  5.2100000e-004  7.0900000e-004  7.6900000e-004  9.9300000e-004  1.3820000e-003  2.0870000e-003  3.3590000e-003  5.1460000e-003  8.1300000e-003  1.3408000e-002  1.9660000e-002  3.0582000e-002  5.4193000e-002  9.1752000e-002
  5.9950000e-003  3.4400000e-004  1.5700000e-004  1.5700000e-004  4.9800000e-004  6.9900000e-004  7.4500000e-004  9.5000000e-004  1.3540000e-003  2.0460000e-003  3.2730000e-003  5.0120000e-003  7.9020000e-003  1.3077000e-002  1.9113000e-002  2.9888000e-002  5.2986000e-002  8.7802000e-002
  5.7490000e-003  3.2900000e-004  1.6700000e-004  1.6900000e-004  5.0400000e-004  6.6000000e-004  6.9300000e-004  9.2000000e-004  1.3380000e-003  2.0660000e-003  3.3080000e-003  5.0770000e-003  7.8150000e-003  1.3098000e-002  1.9355000e-002  3.0733000e-002  5.3701000e-002  8.7989000e-002
  5.4140000e-003  3.2600000e-004  1.5300000e-004  1.5100000e-004  4.9200000e-004  6.5100000e-004  6.7400000e-004  9.1700000e-004  1.3160000e-003  2.0330000e-003  3.1760000e-003  5.0330000e-003  7.6440000e-003  1.2665000e-002  1.9233000e-002  3.0588000e-002  5.0099000e-002  8.5804000e-002
  5.2360000e-003  2.9900000e-004  1.4700000e-004  1.4800000e-004  4.9400000e-004  6.4900000e-004  6.7000000e-004  8.5700000e-004  1.2950000e-003  2.0550000e-003  3.0810000e-003  5.0270000e-003  7.5210000e-003  1.2331000e-002  1.9419000e-002  2.9983000e-002  4.8744000e-002  8.5442000e-002
  4.9950000e-003  2.6000000e-004  1.2900000e-004  1.4500000e-004  4.6300000e-004  6.4300000e-004  6.5200000e-004  8.3000000e-004  1.2290000e-003  1.9690000e-003  3.1330000e-003  4.9820000e-003  7.3170000e-003  1.2015000e-002  1.9340000e-002  2.9461000e-002  4.7322000e-002  8.5997000e-002
