  7.2780000e+005  2.8420000e+006  3.2062000e+006  4.3480000e+006  3.7602000e+006  3.5560000e+006  3.4871000e+006  3.0569000e+006  3.0284000e+006  3.8245000e+006  3.7596000e+006  3.3563000e+006  2.6835000e+006  2.2203000e+006  1.8192000e+006  1.4017000e+006  8.9660000e+005  3.7790000e+005
  7.3140000e+005  2.8935000e+006  3.1945000e+006  4.2252000e+006  3.9947000e+006  3.4956000e+006  3.5266000e+006  3.3766000e+006  2.6751000e+006  3.8096000e+006  3.8039000e+006  3.4682000e+006  2.7832000e+006  2.2661000e+006  1.8555000e+006  1.4141000e+006  9.2710000e+005  3.9930000e+005
  7.4120000e+005  2.9108000e+006  3.2205000e+006  4.0487000e+006  4.2287000e+006  3.4920000e+006  3.6044000e+006  3.5766000e+006  2.4459000e+006  3.7704000e+006  3.8488000e+006  3.5618000e+006  2.8985000e+006  2.3196000e+006  1.8962000e+006  1.4301000e+006  9.5450000e+005  4.2100000e+005
  7.5370000e+005  2.9184000e+006  3.3514000e+006  3.7284000e+006  4.4048000e+006  3.5912000e+006  3.6520000e+006  3.6126000e+006  2.4860000e+006  3.6478000e+006  3.8633000e+006  3.6391000e+006  3.0195000e+006  2.3791000e+006  1.9294000e+006  1.4548000e+006  9.7410000e+005  4.4580000e+005
  8.0465750e+005  3.0675020e+006  3.6696255e+006  3.5852270e+006  4.7471215e+006  3.9283360e+006  3.8317880e+006  3.7468265e+006  2.9099760e+006  3.6068020e+006  4.1099780e+006  3.9473050e+006  3.3665390e+006  2.6469000e+006  2.1257845e+006  1.5963495e+006  1.0562170e+006  5.2118544e+005
  8.4222600e+005  3.1167810e+006  3.7791400e+006  3.4325875e+006  4.7144080e+006  4.0569825e+006  3.7360245e+006  3.6767675e+006  3.2487885e+006  3.2324670e+006  4.0857105e+006  3.9817210e+006  3.4932015e+006  2.7322310e+006  2.1650440e+006  1.6246525e+006  1.0684720e+006  5.5012848e+005
  8.7228600e+005  3.2260610e+006  3.8742875e+006  3.4296650e+006  4.6058720e+006  4.2762745e+006  3.6264525e+006  3.6934965e+006  3.5795690e+006  2.8606715e+006  4.0861125e+006  4.0521195e+006  3.6263995e+006  2.8453075e+006  2.2218955e+006  1.6715995e+006  1.0897825e+006  5.7448103e+005
  9.0156200e+005  3.3219385e+006  3.9023280e+006  3.4449265e+006  4.4089025e+006  4.5554060e+006  3.6197065e+006  3.7582090e+006  3.7776660e+006  2.6079715e+006  4.0331725e+006  4.0945745e+006  3.7180775e+006  2.9566230e+006  2.2737290e+006  1.7141965e+006  1.1088340e+006  5.9605948e+005
  9.3312050e+005  3.4294955e+006  3.9201525e+006  3.5808290e+006  4.0686110e+006  4.7827500e+006  3.7323195e+006  3.8044270e+006  3.8080895e+006  2.6452905e+006  3.8934845e+006  4.1068070e+006  3.7976245e+006  3.0737645e+006  2.3306725e+006  1.7485765e+006  1.1321815e+006  6.1061036e+005
  9.6303100e+005  3.5412585e+006  3.9433470e+006  3.7580045e+006  3.7088270e+006  4.8765520e+006  3.9182810e+006  3.8535480e+006  3.7873270e+006  2.9398860e+006  3.6291505e+006  4.0899735e+006  3.8528845e+006  3.1960135e+006  2.4081755e+006  1.7881405e+006  1.1614255e+006  6.2251908e+005
  9.8860700e+005  3.6495020e+006  3.9968000e+006  3.8527415e+006  3.5494285e+006  4.8170355e+006  4.1555315e+006  3.8685585e+006  3.7829120e+006  3.3087360e+006  3.2645805e+006  4.0661475e+006  3.8866785e+006  3.3170470e+006  2.4909605e+006  1.8301850e+006  1.1943370e+006  6.3644099e+005
  1.0114445e+006  3.7705170e+006  4.0930285e+006  3.8963150e+006  3.5208020e+006  4.7128970e+006  4.4331470e+006  3.8075575e+006  3.8254040e+006  3.6461035e+006  2.8735490e+006  4.0373230e+006  3.9212495e+006  3.4128345e+006  2.5757245e+006  1.8701360e+006  1.2259675e+006  6.4797280e+005
  1.0355040e+006  3.8828350e+006  4.2150380e+006  3.9078320e+006  3.5292905e+006  4.5472145e+006  4.6969835e+006  3.8073730e+006  3.9058530e+006  3.8515480e+006  2.6161560e+006  3.9797650e+006  3.9539740e+006  3.4915470e+006  2.6729345e+006  1.9177640e+006  1.2621470e+006  6.6338069e+005
  1.0309705e+006  3.9878975e+006  4.3597365e+006  3.9163100e+006  3.6729630e+006  4.2385815e+006  4.9107395e+006  3.9254240e+006  3.9701320e+006  3.8893675e+006  2.6527945e+006  3.8400215e+006  3.9601835e+006  3.5596985e+006  2.7745200e+006  1.9683235e+006  1.2936945e+006  6.8335545e+005
  1.0237390e+006  4.0567055e+006  4.5153865e+006  3.9551325e+006  3.8521615e+006  3.8946390e+006  5.0425325e+006  4.0828620e+006  3.9836170e+006  3.8464370e+006  2.9367605e+006  3.5685990e+006  3.9379275e+006  3.6030450e+006  2.8735810e+006  2.0260385e+006  1.3235060e+006  7.0084240e+005
  1.0112415e+006  4.0833505e+006  4.6569695e+006  4.0287100e+006  3.9287625e+006  3.7073040e+006  4.9819580e+006  4.2481870e+006  3.9279610e+006  3.8007580e+006  3.2862950e+006  3.1964805e+006  3.9113565e+006  3.6314735e+006  2.9737605e+006  2.0882195e+006  1.3544915e+006  7.1955567e+005
  9.7306200e+005  4.0773665e+006  4.7984725e+006  4.1260550e+006  3.9680240e+006  3.6600910e+006  4.8293700e+006  4.4777320e+006  3.8395930e+006  3.8248240e+006  3.6102390e+006  2.8078320e+006  3.8813660e+006  3.6643720e+006  3.0535260e+006  2.1523905e+006  1.3811610e+006  7.3733427e+005
  9.1790950e+005  4.0222705e+006  4.9404020e+006  4.2550040e+006  4.0071500e+006  3.7278715e+006  4.7014295e+006  4.7625400e+006  3.8531785e+006  3.9087365e+006  3.8121690e+006  2.5554410e+006  3.8254990e+006  3.6942860e+006  3.1141910e+006  2.2191255e+006  1.4068485e+006  7.5164904e+005
  8.3507800e+005  3.9002315e+006  5.0225500e+006  4.3933900e+006  4.0246375e+006  3.8655600e+006  4.3549695e+006  4.9728130e+006  3.9589660e+006  3.9509580e+006  3.8278380e+006  2.5816425e+006  3.6864410e+006  3.6935560e+006  3.1727490e+006  2.2855860e+006  1.4359925e+006  7.6571697e+005
  7.7372000e+005  3.7131400e+006  5.0705545e+006  4.5450565e+006  4.0698595e+006  4.0283980e+006  3.9681000e+006  5.0944125e+006  4.1137160e+006  3.9498690e+006  3.7691425e+006  2.8494785e+006  3.4205475e+006  3.6706815e+006  3.2148740e+006  2.3590305e+006  1.4748760e+006  7.8348197e+005
  7.2496050e+005  3.5014435e+006  5.1096560e+006  4.7015495e+006  4.1703960e+006  4.1740105e+006  3.8587425e+006  5.0868570e+006  4.3362425e+006  3.9305305e+006  3.7425730e+006  3.1938075e+006  3.0653990e+006  3.6535290e+006  3.2451060e+006  2.4437295e+006  1.5187320e+006  8.0302457e+005
  6.5505900e+005  3.2653340e+006  5.0916165e+006  4.8541185e+006  4.2910895e+006  4.2683585e+006  3.8839415e+006  4.9665760e+006  4.6012775e+006  3.8682525e+006  3.7785030e+006  3.5105750e+006  2.6934290e+006  3.6336065e+006  3.2780525e+006  2.5160280e+006  1.5669020e+006  8.2344894e+005
  6.1878050e+005  3.0072520e+006  4.9951490e+006  5.0001970e+006  4.4097585e+006  4.2875840e+006  3.9232330e+006  4.7624630e+006  4.8347090e+006  3.8525405e+006  3.8433155e+006  3.6985930e+006  2.4481660e+006  3.5886070e+006  3.3072485e+006  2.5782595e+006  1.6209245e+006  8.4781388e+005
  6.0118550e+005  2.7790510e+006  4.8073050e+006  5.0963735e+006  4.5188395e+006  4.2391325e+006  4.0303970e+006  4.3794255e+006  4.9770885e+006  3.9215540e+006  3.8747380e+006  3.7175920e+006  2.4769965e+006  3.4628575e+006  3.3167685e+006  2.6349385e+006  1.6778195e+006  8.7243100e+005
  5.9079300e+005  2.5833530e+006  4.5536680e+006  5.1461775e+006  4.6470645e+006  4.2268985e+006  4.1660205e+006  3.9852540e+006  5.0482350e+006  4.0458765e+006  3.8658190e+006  3.6645915e+006  2.7373890e+006  3.2135305e+006  3.3061270e+006  2.6755065e+006  1.7395470e+006  9.0064133e+005
  5.8472400e+005  2.4380925e+006  4.2600640e+006  5.1651305e+006  4.7814545e+006  4.2788395e+006  4.2353970e+006  3.8109205e+006  4.9919965e+006  4.2327145e+006  3.8258590e+006  3.6285575e+006  3.0649600e+006  2.8787440e+006  3.2974570e+006  2.7114605e+006  1.8104085e+006  9.3629343e+005
  5.7356400e+005  2.3702295e+006  3.9320285e+006  5.1347950e+006  4.9257030e+006  4.3679140e+006  4.2670740e+006  3.7779055e+006  4.8365495e+006  4.4741920e+006  3.7512265e+006  3.6560330e+006  3.3658150e+006  2.5295245e+006  3.2891210e+006  2.7513635e+006  1.8734880e+006  9.7494954e+005
  5.7499350e+005  2.3403020e+006  3.6237470e+006  5.0372385e+006  5.0812435e+006  4.4945715e+006  4.2788260e+006  3.8039265e+006  4.6307285e+006  4.7084160e+006  3.7368765e+006  3.7190870e+006  3.5459610e+006  2.3018965e+006  3.2580650e+006  2.7889855e+006  1.9298300e+006  1.0163585e+006
  5.9785350e+005  2.3325615e+006  3.3847005e+006  4.8680890e+006  5.2164580e+006  4.6606300e+006  4.3007785e+006  3.9669090e+006  4.2936630e+006  4.8832130e+006  3.8281045e+006  3.7603360e+006  3.5703630e+006  2.3360370e+006  3.1523725e+006  2.8134660e+006  1.9857720e+006  1.0616599e+006
  6.1909150e+005  2.3472690e+006  3.1989535e+006  4.6381770e+006  5.3023080e+006  4.8296865e+006  4.3516340e+006  4.1598100e+006  3.9430305e+006  4.9884675e+006  3.9756230e+006  3.7643180e+006  3.5267860e+006  2.5877345e+006  2.9299835e+006  2.8194465e+006  2.0296005e+006  1.1092672e+006
  6.1883100e+005  2.3736255e+006  3.0493335e+006  4.3486975e+006  5.3185370e+006  4.9557890e+006  4.4125950e+006  4.2510550e+006  3.7841225e+006  4.9477865e+006  4.1707410e+006  3.7313545e+006  3.4958395e+006  2.8992965e+006  2.6259770e+006  2.8240780e+006  2.0685355e+006  1.1603048e+006
  6.0342300e+005  2.4026265e+006  2.9516475e+006  3.9997505e+006  5.2566180e+006  5.0709255e+006  4.4745170e+006  4.2789130e+006  3.7478785e+006  4.7916060e+006  4.4084600e+006  3.6580645e+006  3.5225200e+006  3.1824550e+006  2.3083185e+006  2.8279790e+006  2.1109330e+006  1.2062959e+006
  5.8527900e+005  2.4163260e+006  2.8907985e+006  3.6472270e+006  5.1148530e+006  5.1936475e+006  4.5649520e+006  4.2732205e+006  3.7518340e+006  4.5677440e+006  4.6246145e+006  3.6361365e+006  3.5798150e+006  3.3507615e+006  2.1042435e+006  2.8128475e+006  2.1537390e+006  1.2516449e+006
  5.8232350e+005  2.4043320e+006  2.8810450e+006  3.3661995e+006  4.9029535e+006  5.2940495e+006  4.6948745e+006  4.2725760e+006  3.8905550e+006  4.2112555e+006  4.7779630e+006  3.7154320e+006  3.6140950e+006  3.3734575e+006  2.1420190e+006  2.7299615e+006  2.1872165e+006  1.2993340e+006
  6.0471250e+005  2.3859890e+006  2.9171195e+006  3.1643050e+006  4.6502980e+006  5.3661410e+006  4.8562275e+006  4.3171955e+006  4.0821685e+006  3.8578750e+006  4.8752685e+006  3.8559315e+006  3.6142625e+006  3.3330760e+006  2.3786285e+006  2.5399335e+006  2.2065820e+006  1.3426276e+006
  6.3102700e+005  2.3821845e+006  2.9531690e+006  3.0129255e+006  4.3626015e+006  5.3690265e+006  4.9726575e+006  4.3682810e+006  4.1970735e+006  3.7401570e+006  4.8712230e+006  4.0727685e+006  3.5945465e+006  3.3172120e+006  2.6736240e+006  2.2807445e+006  2.2280180e+006  1.3881800e+006
  6.5766850e+005  2.4269450e+006  3.0033465e+006  2.9442005e+006  4.0418535e+006  5.3284810e+006  5.1113175e+006  4.4544315e+006  4.2646845e+006  3.7591060e+006  4.7680830e+006  4.3449735e+006  3.5454250e+006  3.3606955e+006  2.9465835e+006  2.0115570e+006  2.2508145e+006  1.4391938e+006
  6.8254850e+005  2.5460265e+006  3.0870280e+006  2.9643630e+006  3.7560120e+006  5.3051305e+006  5.3465025e+006  4.6461150e+006  4.3186130e+006  3.8115270e+006  4.5948330e+006  4.5947900e+006  3.5499875e+006  3.4289595e+006  3.1156870e+006  1.8426985e+006  2.2581515e+006  1.4902513e+006
  7.0842250e+005  2.6930345e+006  3.1678470e+006  3.0439030e+006  3.5524850e+006  5.2563065e+006  5.5831300e+006  4.8915145e+006  4.3947980e+006  4.0092455e+006  4.2915215e+006  4.7909410e+006  3.6593835e+006  3.4806845e+006  3.1531000e+006  1.8920315e+006  2.2058485e+006  1.5287114e+006
  7.2802750e+005  2.8187030e+006  3.2363455e+006  3.1418590e+006  3.4112370e+006  5.1320240e+006  5.7611870e+006  5.1292145e+006  4.4992300e+006  4.2420565e+006  3.9637045e+006  4.9201285e+006  3.8208685e+006  3.4957045e+006  3.1298715e+006  2.1183870e+006  2.0599670e+006  1.5508981e+006
  7.2475150e+005  2.9151380e+006  3.3186060e+006  3.2355340e+006  3.3254425e+006  4.9329475e+006  5.8866160e+006  5.3472660e+006  4.6360300e+006  4.3857875e+006  3.8330135e+006  4.9073955e+006  4.0311270e+006  3.4748330e+006  3.1156725e+006  2.3891370e+006  1.8543070e+006  1.5745585e+006
  7.2100400e+005  2.9616150e+006  3.4236710e+006  3.3205430e+006  3.2948890e+006  4.6487080e+006  5.9313445e+006  5.5605575e+006  4.7831470e+006  4.4694775e+006  3.8304665e+006  4.7810115e+006  4.2890840e+006  3.4218300e+006  3.1519890e+006  2.6327800e+006  1.6394685e+006  1.5994033e+006
  7.0458100e+005  2.9662180e+006  3.5353660e+006  3.3799810e+006  3.2921440e+006  4.3142705e+006  5.8552805e+006  5.7419415e+006  4.9340585e+006  4.5047790e+006  3.8711560e+006  4.5915485e+006  4.5319120e+006  3.4223435e+006  3.2140205e+006  2.7828795e+006  1.5110910e+006  1.6118991e+006
  6.8639750e+005  2.9363090e+006  3.6496430e+006  3.4147320e+006  3.3302990e+006  4.0355625e+006  5.6921350e+006  5.8747085e+006  5.1054300e+006  4.5362490e+006  4.0485190e+006  4.2603945e+006  4.7110670e+006  3.5178205e+006  3.2547600e+006  2.8170570e+006  1.5651615e+006  1.5793930e+006
  6.9244850e+005  2.8795545e+006  3.7419475e+006  3.4459055e+006  3.3953455e+006  3.8315880e+006  5.4687075e+006  5.9645035e+006  5.2818455e+006  4.6011575e+006  4.2643905e+006  3.9116240e+006  4.8223750e+006  3.6658780e+006  3.2604355e+006  2.7988990e+006  1.7607405e+006  1.4752695e+006
