  4.9328000e-002  6.4210000e-003  1.6530000e-003  8.9100000e-004  1.6050000e-003  2.8270000e-003  3.3380000e-003  3.5840000e-003  4.0390000e-003  5.1950000e-003  7.1620000e-003  1.0541000e-002  1.5972000e-002  2.4259000e-002  3.9691000e-002  6.1156000e-002  9.3648000e-002  1.4504500e-001
  4.8600000e-002  5.7420000e-003  1.5900000e-003  7.8400000e-004  1.4570000e-003  2.6430000e-003  3.0100000e-003  3.2240000e-003  3.7200000e-003  4.7790000e-003  6.8720000e-003  1.0340000e-002  1.5922000e-002  2.4641000e-002  4.0031000e-002  6.5040000e-002  1.0171700e-001  1.5846000e-001
  4.4630000e-002  5.0320000e-003  1.5090000e-003  7.2900000e-004  1.3950000e-003  2.5970000e-003  2.9420000e-003  3.1380000e-003  3.5590000e-003  4.5640000e-003  6.5670000e-003  9.9800000e-003  1.5023000e-002  2.3076000e-002  3.7010000e-002  5.8737000e-002  9.0174000e-002  1.3699400e-001
  4.0289000e-002  4.0130000e-003  1.3200000e-003  6.9400000e-004  1.2830000e-003  2.3270000e-003  2.5750000e-003  2.7640000e-003  3.2720000e-003  4.2340000e-003  6.2480000e-003  9.4660000e-003  1.4196000e-002  2.2460000e-002  3.5941000e-002  5.8073000e-002  8.9083000e-002  1.3619500e-001
  4.0810000e-002  3.7780000e-003  1.2120000e-003  6.2200000e-004  1.2050000e-003  2.2120000e-003  2.3990000e-003  2.6300000e-003  3.1530000e-003  4.1320000e-003  6.1750000e-003  9.5930000e-003  1.4705000e-002  2.3070000e-002  3.7132000e-002  6.1137000e-002  9.6430000e-002  1.5022900e-001
  3.9755000e-002  3.5550000e-003  1.1430000e-003  6.5000000e-004  1.2270000e-003  2.1630000e-003  2.3490000e-003  2.6200000e-003  3.1270000e-003  4.1310000e-003  6.2070000e-003  9.6190000e-003  1.5132000e-002  2.3687000e-002  3.8528000e-002  6.4671000e-002  1.0252400e-001  1.5927800e-001
  3.6315000e-002  2.9430000e-003  9.9600000e-004  5.8100000e-004  1.0970000e-003  2.0010000e-003  2.1660000e-003  2.3280000e-003  2.8210000e-003  3.7390000e-003  5.7220000e-003  8.8520000e-003  1.3775000e-002  2.1421000e-002  3.4365000e-002  5.6626000e-002  8.9797000e-002  1.3890000e-001
  3.4170000e-002  2.8100000e-003  9.9400000e-004  5.8200000e-004  1.0720000e-003  1.8310000e-003  2.0480000e-003  2.2810000e-003  2.7280000e-003  3.6450000e-003  5.4450000e-003  8.5880000e-003  1.3652000e-002  2.0945000e-002  3.3973000e-002  5.5978000e-002  8.9738000e-002  1.4200900e-001
  3.1167000e-002  2.4590000e-003  8.8600000e-004  5.1500000e-004  1.0620000e-003  1.7530000e-003  1.9300000e-003  2.0930000e-003  2.6060000e-003  3.5280000e-003  5.3750000e-003  8.4660000e-003  1.3488000e-002  2.1341000e-002  3.4626000e-002  5.7730000e-002  9.5296000e-002  1.4961100e-001
  2.9047000e-002  2.1440000e-003  8.0900000e-004  5.0200000e-004  1.0130000e-003  1.6150000e-003  1.7850000e-003  2.0120000e-003  2.4730000e-003  3.3770000e-003  5.1200000e-003  8.1100000e-003  1.3178000e-002  2.0448000e-002  3.3552000e-002  5.5803000e-002  9.2956000e-002  1.4867600e-001
  2.7126000e-002  1.8860000e-003  7.0100000e-004  4.6800000e-004  8.5300000e-004  1.4530000e-003  1.6610000e-003  1.9100000e-003  2.3860000e-003  3.2950000e-003  5.0130000e-003  8.0400000e-003  1.2885000e-002  2.0601000e-002  3.3896000e-002  5.7107000e-002  9.7382000e-002  1.5501500e-001
  2.3826000e-002  1.6200000e-003  6.4800000e-004  4.1000000e-004  7.7500000e-004  1.3030000e-003  1.5250000e-003  1.7770000e-003  2.3200000e-003  3.1540000e-003  4.8340000e-003  7.5080000e-003  1.2113000e-002  1.9442000e-002  3.1899000e-002  5.2659000e-002  8.7494000e-002  1.3946400e-001
  2.1038000e-002  1.4750000e-003  6.2800000e-004  4.0900000e-004  7.4600000e-004  1.2420000e-003  1.4380000e-003  1.6780000e-003  2.2490000e-003  3.0950000e-003  4.6540000e-003  7.3070000e-003  1.1760000e-002  1.9012000e-002  3.1144000e-002  5.2212000e-002  8.6864000e-002  1.3881100e-001
  1.9643000e-002  1.3940000e-003  5.7900000e-004  3.9100000e-004  6.9500000e-004  1.1500000e-003  1.3430000e-003  1.6440000e-003  2.1720000e-003  2.9690000e-003  4.6540000e-003  7.1930000e-003  1.1610000e-002  1.9403000e-002  3.1937000e-002  5.3387000e-002  9.0407000e-002  1.4881100e-001
  1.6858000e-002  1.2920000e-003  5.7100000e-004  3.8800000e-004  7.3600000e-004  1.1210000e-003  1.2990000e-003  1.5790000e-003  2.1440000e-003  2.9120000e-003  4.3520000e-003  6.8720000e-003  1.1161000e-002  1.8402000e-002  3.0021000e-002  5.0337000e-002  8.3203000e-002  1.3433400e-001
  1.7680000e-002  1.1520000e-003  5.0200000e-004  3.7800000e-004  6.9900000e-004  1.0680000e-003  1.2570000e-003  1.4910000e-003  2.0640000e-003  2.8240000e-003  4.1740000e-003  6.5750000e-003  1.0765000e-002  1.7784000e-002  2.9265000e-002  4.8910000e-002  8.2039000e-002  1.3322200e-001
  1.5256000e-002  1.1400000e-003  5.0300000e-004  3.4100000e-004  6.9100000e-004  1.0140000e-003  1.1890000e-003  1.4210000e-003  1.9960000e-003  2.8010000e-003  4.0760000e-003  6.5060000e-003  1.0607000e-002  1.7403000e-002  2.8719000e-002  4.8566000e-002  8.2139000e-002  1.3332500e-001
  1.4460000e-002  1.0940000e-003  4.9800000e-004  3.4000000e-004  7.3200000e-004  1.0230000e-003  1.1720000e-003  1.4300000e-003  2.0260000e-003  2.8100000e-003  4.0610000e-003  6.3150000e-003  1.0294000e-002  1.7000000e-002  2.8620000e-002  4.8106000e-002  8.0094000e-002  1.2856400e-001
  1.3559000e-002  1.0810000e-003  4.7600000e-004  3.3500000e-004  7.5800000e-004  9.9400000e-004  1.1460000e-003  1.3780000e-003  1.9820000e-003  2.8160000e-003  3.9930000e-003  6.2660000e-003  1.0106000e-002  1.6816000e-002  2.8823000e-002  4.8501000e-002  8.0754000e-002  1.2924200e-001
  1.2835000e-002  1.0070000e-003  4.4400000e-004  3.0100000e-004  7.5900000e-004  9.5700000e-004  1.0410000e-003  1.2980000e-003  1.8640000e-003  2.6990000e-003  3.7470000e-003  5.8430000e-003  9.3570000e-003  1.5555000e-002  2.6493000e-002  4.4014000e-002  7.4836000e-002  1.2287900e-001
  1.1860000e-002  1.0040000e-003  4.3900000e-004  2.9600000e-004  7.1900000e-004  9.3900000e-004  1.0400000e-003  1.2340000e-003  1.7700000e-003  2.6450000e-003  3.7660000e-003  5.6140000e-003  8.9890000e-003  1.4793000e-002  2.5114000e-002  4.2532000e-002  7.2112000e-002  1.1800000e-001
  1.1566000e-002  1.0020000e-003  4.2900000e-004  2.8500000e-004  7.0800000e-004  9.1300000e-004  9.5900000e-004  1.1710000e-003  1.7230000e-003  2.6130000e-003  3.7210000e-003  5.5440000e-003  8.7490000e-003  1.4373000e-002  2.4570000e-002  4.2199000e-002  7.3233000e-002  1.2361500e-001
  1.0735000e-002  9.1600000e-004  3.7300000e-004  2.5500000e-004  6.4200000e-004  8.3100000e-004  8.8600000e-004  1.1170000e-003  1.6390000e-003  2.5450000e-003  3.6220000e-003  5.3300000e-003  8.3730000e-003  1.3842000e-002  2.3831000e-002  4.1215000e-002  7.1463000e-002  1.2065100e-001
  9.7860000e-003  8.5000000e-004  3.6100000e-004  2.5200000e-004  6.0100000e-004  8.0300000e-004  8.4000000e-004  1.0650000e-003  1.5310000e-003  2.4310000e-003  3.5780000e-003  5.1510000e-003  8.1220000e-003  1.3039000e-002  2.2545000e-002  3.9693000e-002  6.7984000e-002  1.1708400e-001
  9.2020000e-003  7.7400000e-004  3.3800000e-004  2.3400000e-004  5.6700000e-004  7.5100000e-004  8.0500000e-004  9.7800000e-004  1.4330000e-003  2.3310000e-003  3.5060000e-003  5.0240000e-003  7.7250000e-003  1.2570000e-002  2.1730000e-002  3.8222000e-002  6.6137000e-002  1.1479400e-001
  8.7940000e-003  7.2800000e-004  3.2500000e-004  2.1400000e-004  5.2400000e-004  7.0100000e-004  7.6300000e-004  9.3100000e-004  1.3740000e-003  2.1880000e-003  3.4580000e-003  4.9170000e-003  7.3010000e-003  1.2081000e-002  2.0592000e-002  3.6144000e-002  6.2819000e-002  1.0677800e-001
  8.3340000e-003  6.9700000e-004  3.0600000e-004  2.0800000e-004  5.5700000e-004  6.7000000e-004  7.3400000e-004  9.1400000e-004  1.3010000e-003  2.1300000e-003  3.3310000e-003  4.8080000e-003  7.1310000e-003  1.1561000e-002  1.9814000e-002  3.4971000e-002  6.1410000e-002  1.0435300e-001
  7.7790000e-003  6.4700000e-004  2.8000000e-004  1.9300000e-004  5.2800000e-004  6.4700000e-004  7.0000000e-004  8.5300000e-004  1.2620000e-003  2.0150000e-003  3.3380000e-003  4.7630000e-003  6.9320000e-003  1.1056000e-002  1.8699000e-002  3.3265000e-002  5.8513000e-002  9.9261000e-002
  7.4000000e-003  6.4000000e-004  2.7900000e-004  1.8300000e-004  4.9800000e-004  6.2100000e-004  6.8800000e-004  8.3200000e-004  1.2520000e-003  1.9440000e-003  3.2580000e-003  4.7980000e-003  6.8600000e-003  1.1126000e-002  1.8723000e-002  3.3313000e-002  5.9677000e-002  1.0236600e-001
  7.0380000e-003  6.0300000e-004  2.6000000e-004  1.8800000e-004  5.0200000e-004  5.9700000e-004  6.5300000e-004  8.2400000e-004  1.1940000e-003  1.8560000e-003  3.1180000e-003  4.7510000e-003  6.7530000e-003  1.0586000e-002  1.7928000e-002  3.1903000e-002  5.6993000e-002  9.8101000e-002
  6.5830000e-003  5.6100000e-004  2.4200000e-004  1.7900000e-004  4.9600000e-004  5.9400000e-004  6.3600000e-004  8.1000000e-004  1.1410000e-003  1.7930000e-003  3.0490000e-003  4.6580000e-003  6.6380000e-003  1.0123000e-002  1.7047000e-002  2.9935000e-002  5.3896000e-002  9.3107000e-002
  6.2550000e-003  5.2400000e-004  2.4200000e-004  1.7200000e-004  5.0400000e-004  6.2200000e-004  6.5500000e-004  8.1000000e-004  1.1590000e-003  1.8090000e-003  2.9930000e-003  4.7780000e-003  6.7750000e-003  9.9790000e-003  1.6736000e-002  2.9438000e-002  5.2929000e-002  9.3419000e-002
  5.9930000e-003  5.1500000e-004  2.1100000e-004  1.6700000e-004  4.7100000e-004  5.9800000e-004  6.3200000e-004  7.7000000e-004  1.1130000e-003  1.8250000e-003  2.8750000e-003  4.6610000e-003  6.6700000e-003  9.7460000e-003  1.6140000e-002  2.7933000e-002  5.0548000e-002  9.0186000e-002
  5.4520000e-003  4.8800000e-004  2.0900000e-004  1.6600000e-004  4.7200000e-004  5.8100000e-004  6.0700000e-004  7.3800000e-004  1.0590000e-003  1.7480000e-003  2.7720000e-003  4.5610000e-003  6.5810000e-003  9.5340000e-003  1.5694000e-002  2.7177000e-002  4.9396000e-002  8.7943000e-002
  5.1850000e-003  4.7900000e-004  1.8800000e-004  1.6200000e-004  4.6000000e-004  5.7600000e-004  5.9600000e-004  7.0700000e-004  1.0660000e-003  1.6870000e-003  2.6770000e-003  4.4300000e-003  6.4500000e-003  9.2670000e-003  1.4905000e-002  2.5917000e-002  4.6862000e-002  8.4388000e-002
  4.9440000e-003  4.6000000e-004  1.9200000e-004  1.5000000e-004  4.4100000e-004  5.5100000e-004  5.9100000e-004  6.8900000e-004  1.0130000e-003  1.5860000e-003  2.5190000e-003  4.1900000e-003  6.4180000e-003  9.2540000e-003  1.4213000e-002  2.4674000e-002  4.4700000e-002  8.0683000e-002
  4.7390000e-003  4.5100000e-004  1.8700000e-004  1.5000000e-004  4.5600000e-004  5.7100000e-004  5.7800000e-004  6.6300000e-004  1.0050000e-003  1.5590000e-003  2.4460000e-003  4.0880000e-003  6.4290000e-003  9.3510000e-003  1.4265000e-002  2.5021000e-002  4.5232000e-002  8.2253000e-002
  4.4950000e-003  4.3900000e-004  1.9100000e-004  1.4700000e-004  4.4500000e-004  5.6100000e-004  5.6500000e-004  6.5000000e-004  9.6000000e-004  1.4880000e-003  2.4070000e-003  3.9040000e-003  6.3080000e-003  9.2210000e-003  1.4010000e-002  2.3974000e-002  4.2628000e-002  7.7251000e-002
  4.5810000e-003  4.4700000e-004  1.8500000e-004  1.4500000e-004  4.3900000e-004  5.5000000e-004  5.4300000e-004  6.5200000e-004  9.4400000e-004  1.4680000e-003  2.4220000e-003  3.7620000e-003  6.2100000e-003  9.4000000e-003  1.3878000e-002  2.3925000e-002  4.2647000e-002  7.7025000e-002
  4.4650000e-003  4.1100000e-004  1.8300000e-004  1.3200000e-004  4.1900000e-004  5.3100000e-004  5.3300000e-004  6.3500000e-004  9.1400000e-004  1.5060000e-003  2.3910000e-003  3.7300000e-003  6.1030000e-003  9.3170000e-003  1.3826000e-002  2.3003000e-002  4.1369000e-002  7.4772000e-002
  4.5250000e-003  4.2700000e-004  1.8000000e-004  1.4800000e-004  4.2400000e-004  5.2600000e-004  5.4200000e-004  6.2600000e-004  9.1000000e-004  1.4930000e-003  2.3810000e-003  3.6730000e-003  6.0430000e-003  9.4710000e-003  1.4086000e-002  2.2702000e-002  4.0846000e-002  7.3473000e-002
  4.3300000e-003  4.2700000e-004  1.8000000e-004  1.4600000e-004  3.8700000e-004  5.0700000e-004  5.0400000e-004  6.1800000e-004  9.0100000e-004  1.4700000e-003  2.3730000e-003  3.6180000e-003  5.9170000e-003  9.4990000e-003  1.4160000e-002  2.2431000e-002  4.0539000e-002  7.2109000e-002
  4.3790000e-003  3.9900000e-004  1.6700000e-004  1.4100000e-004  3.7600000e-004  5.0800000e-004  5.2100000e-004  6.2600000e-004  8.7200000e-004  1.4150000e-003  2.2480000e-003  3.6090000e-003  5.5710000e-003  9.1560000e-003  1.3835000e-002  2.1584000e-002  3.8377000e-002  6.8499000e-002
  4.2090000e-003  4.1600000e-004  1.8900000e-004  1.5900000e-004  3.9300000e-004  5.2200000e-004  5.3200000e-004  6.5100000e-004  8.8400000e-004  1.4160000e-003  2.3260000e-003  3.7140000e-003  5.6610000e-003  9.2240000e-003  1.4076000e-002  2.2098000e-002  3.8771000e-002  6.9218000e-002
  3.8390000e-003  3.7200000e-004  1.4700000e-004  1.2700000e-004  3.6000000e-004  4.7000000e-004  4.9300000e-004  6.2400000e-004  8.7700000e-004  1.3670000e-003  2.3160000e-003  3.5910000e-003  5.3090000e-003  8.8510000e-003  1.3592000e-002  2.0937000e-002  3.5802000e-002  6.3508000e-002
