  1.9920858e+006  9.2558727e+006  9.2665991e+006  8.9207300e+006  8.6532674e+006  7.9532177e+006  6.7354377e+006  5.3014470e+006  5.0344183e+006  4.6889640e+006  3.9861377e+006  3.5796660e+006  2.8955121e+006  2.3692792e+006  1.7828787e+006  1.3208586e+006  7.6677190e+005  2.8864610e+005
  1.8651781e+006  8.7977134e+006  9.7119008e+006  9.1572229e+006  8.6433922e+006  8.1034855e+006  7.0514067e+006  5.4883039e+006  5.0096365e+006  4.7716966e+006  4.0634485e+006  3.6819707e+006  2.9891713e+006  2.3978629e+006  1.8278383e+006  1.3408237e+006  8.0216653e+005  3.0782438e+005
  1.7541300e+006  8.1953000e+006  1.0227848e+007  9.4223696e+006  8.5749930e+006  8.2207600e+006  7.3189372e+006  5.7490094e+006  4.9800144e+006  4.8439475e+006  4.1762079e+006  3.7593937e+006  3.0802178e+006  2.4237081e+006  1.8861965e+006  1.3596379e+006  8.3601903e+005  3.3274842e+005
  1.6944189e+006  7.6240285e+006  1.0784326e+007  9.4322180e+006  8.5655890e+006  8.3281602e+006  7.5197623e+006  6.0262302e+006  5.0283119e+006  4.8990565e+006  4.3138903e+006  3.8071826e+006  3.1689272e+006  2.4779045e+006  1.9462465e+006  1.3798423e+006  8.6759761e+005  3.6304455e+005
  1.6451166e+006  7.1913683e+006  1.1231979e+007  9.1743354e+006  8.6627388e+006  8.4274402e+006  7.6800920e+006  6.3329909e+006  5.1264757e+006  4.9346123e+006  4.4592137e+006  3.8162807e+006  3.2762231e+006  2.5629952e+006  1.9923862e+006  1.3894158e+006  8.8920735e+005  3.9435514e+005
  1.5654335e+006  6.8591435e+006  1.1147134e+007  9.2258721e+006  8.8182106e+006  8.4721503e+006  7.8348126e+006  6.6700554e+006  5.2366377e+006  4.9415753e+006  4.5778746e+006  3.8415750e+006  3.3887071e+006  2.6478999e+006  2.0291239e+006  1.4034327e+006  9.0239077e+005  4.1826946e+005
  1.5598666e+006  6.5761956e+006  1.0570027e+007  9.6759184e+006  9.0258351e+006  8.4322487e+006  7.9716423e+006  6.9792914e+006  5.4224137e+006  4.9175292e+006  4.6574942e+006  3.9127018e+006  3.4878367e+006  2.7325843e+006  2.0615622e+006  1.4408497e+006  9.1688155e+005  4.3700186e+005
  1.5923860e+006  6.3814171e+006  9.8736890e+006  1.0201225e+007  9.2614453e+006  8.3299040e+006  8.0682104e+006  7.2433127e+006  5.6800600e+006  4.8891811e+006  4.7253312e+006  4.0207243e+006  3.5630136e+006  2.8160864e+006  2.0942909e+006  1.4948873e+006  9.3487993e+005  4.5720964e+005
  1.5722904e+006  6.2630393e+006  9.2666050e+006  1.0763104e+007  9.2563620e+006  8.2946739e+006  8.1525920e+006  7.4403181e+006  5.9541885e+006  4.9388821e+006  4.7765895e+006  4.1544581e+006  3.6047470e+006  2.9001371e+006  2.1452562e+006  1.5470655e+006  9.4743667e+005  4.7260839e+005
  1.5567046e+006  6.1952773e+006  8.7942132e+006  1.1206340e+007  9.0052471e+006  8.4125685e+006  8.2529345e+006  7.6055914e+006  6.2608820e+006  5.0391464e+006  4.8147831e+006  4.2966226e+006  3.6098399e+006  3.0037709e+006  2.2222297e+006  1.5862899e+006  9.5314339e+005  4.8461345e+005
  1.5692807e+006  6.2018460e+006  8.3859837e+006  1.1115029e+007  9.0683761e+006  8.6160563e+006  8.3322948e+006  7.7759875e+006  6.6024524e+006  5.1528133e+006  4.8289604e+006  4.4127243e+006  3.6380192e+006  3.1125047e+006  2.3017268e+006  1.6197911e+006  9.6598232e+005  4.9489417e+005
  1.6056827e+006  6.2315988e+006  8.0894225e+006  1.0545325e+007  9.5171981e+006  8.8453044e+006  8.3452912e+006  7.9354703e+006  6.9195753e+006  5.3413772e+006  4.8126922e+006  4.4910586e+006  3.7151561e+006  3.2047757e+006  2.3813599e+006  1.6510648e+006  9.9703182e+005  5.0765639e+005
  1.6549662e+006  6.2610598e+006  7.9295371e+006  9.8599572e+006  1.0040442e+007  9.0716127e+006  8.3028904e+006  8.0636341e+006  7.1967802e+006  5.6012353e+006  4.7915227e+006  4.5624574e+006  3.8251816e+006  3.2729398e+006  2.4589056e+006  1.6839927e+006  1.0412045e+006  5.2148523e+005
  1.7106024e+006  6.3337944e+006  7.8265860e+006  9.2514463e+006  1.0611725e+007  9.0430190e+006  8.3131218e+006  8.1826067e+006  7.4107030e+006  5.8794111e+006  4.8437518e+006  4.6197767e+006  3.9568010e+006  3.3141188e+006  2.5365153e+006  1.7313972e+006  1.0831666e+006  5.2964783e+005
  1.5502333e+006  6.4768433e+006  7.7610647e+006  8.7728314e+006  1.1071730e+007  8.7965800e+006  8.4287428e+006  8.2965815e+006  7.5782763e+006  6.1912620e+006  4.9437025e+006  4.6607390e+006  4.0937400e+006  3.3311126e+006  2.6361172e+006  1.8004094e+006  1.1167729e+006  5.4057939e+005
  1.6293496e+006  6.4757619e+006  7.7739571e+006  8.3675756e+006  1.0989011e+007  8.8938384e+006  8.6034922e+006  8.3686381e+006  7.7370843e+006  6.5295881e+006  5.0629577e+006  4.6735607e+006  4.2084397e+006  3.3732038e+006  2.7465315e+006  1.8755867e+006  1.1503633e+006  5.5759100e+005
  1.8701058e+006  6.5257044e+006  7.8283112e+006  8.0823704e+006  1.0414602e+007  9.3698510e+006  8.8233752e+006  8.3713051e+006  7.8904011e+006  6.8281054e+006  5.2602729e+006  4.6586771e+006  4.2903621e+006  3.4513866e+006  2.8440419e+006  1.9523935e+006  1.1823244e+006  5.8122624e+005
  1.8536812e+006  6.7427364e+006  7.9033507e+006  7.9317534e+006  9.7308742e+006  9.8938300e+006  9.0622231e+006  8.3183382e+006  8.0180100e+006  7.0763015e+006  5.5236724e+006  4.6497365e+006  4.3569018e+006  3.5557575e+006  2.9166471e+006  2.0273365e+006  1.2144046e+006  6.1494993e+005
  1.8697571e+006  6.9087979e+006  8.0124091e+006  7.8374253e+006  9.1417313e+006  1.0445965e+007  9.0565446e+006  8.3261398e+006  8.1386463e+006  7.2691744e+006  5.7997699e+006  4.7228626e+006  4.4022180e+006  3.6867881e+006  2.9593771e+006  2.1073879e+006  1.2581140e+006  6.4626375e+005
  1.9278800e+006  7.1878497e+006  8.0707932e+006  7.7889613e+006  8.7030209e+006  1.0916737e+007  8.8259027e+006  8.4558703e+006  8.2659325e+006  7.4532164e+006  6.1069884e+006  4.8407291e+006  4.4515598e+006  3.8358635e+006  2.9843056e+006  2.2080180e+006  1.3207476e+006  6.6785657e+005
  2.0000612e+006  7.4674127e+006  8.2004851e+006  7.8231227e+006  8.3424688e+006  1.0882890e+007  8.9328274e+006  8.6556485e+006  8.3613784e+006  7.6572805e+006  6.4435664e+006  4.9675578e+006  4.4964344e+006  3.9722730e+006  3.0402912e+006  2.3145622e+006  1.3938501e+006  6.9553932e+005
  2.0433400e+006  7.6576159e+006  8.4471594e+006  7.8992377e+006  8.0910497e+006  1.0363240e+007  9.4226320e+006  8.9033208e+006  8.3858714e+006  7.8509856e+006  6.7557179e+006  5.1645092e+006  4.5139247e+006  4.0755868e+006  3.1343163e+006  2.4095489e+006  1.4689925e+006  7.2619631e+005
  2.0350152e+006  7.8545342e+006  8.6639567e+006  7.9958139e+006  7.9765643e+006  9.7211446e+006  9.9717496e+006  9.1733269e+006  8.3521971e+006  8.0056717e+006  7.0407937e+006  5.4262141e+006  4.5246838e+006  4.1679555e+006  3.2556758e+006  2.4869792e+006  1.5416041e+006  7.5390189e+005
  1.9488695e+006  7.9845634e+006  8.8885788e+006  8.1218080e+006  7.9132023e+006  9.1453655e+006  1.0559075e+007  9.1922449e+006  8.3721460e+006  8.1444977e+006  7.2723840e+006  5.7035778e+006  4.5985697e+006  4.2449923e+006  3.4018591e+006  2.5454620e+006  1.6180494e+006  7.9153916e+005
  1.8558228e+006  7.9796232e+006  9.2310966e+006  8.1747501e+006  7.8614379e+006  8.6952866e+006  1.1034129e+007  8.9473715e+006  8.4998684e+006  8.2696311e+006  7.4566810e+006  6.0069978e+006  4.7107915e+006  4.3025531e+006  3.5515120e+006  2.5830836e+006  1.7059689e+006  8.4033941e+005
  1.7786570e+006  7.8377172e+006  9.5452015e+006  8.2824990e+006  7.8702751e+006  8.3175551e+006  1.0962504e+007  9.0169545e+006  8.6880688e+006  8.3449045e+006  7.6263128e+006  6.3383044e+006  4.8329024e+006  4.3319625e+006  3.6770901e+006  2.6402426e+006  1.7970285e+006  8.9465112e+005
  1.7166502e+006  7.5799149e+006  9.7401561e+006  8.5102450e+006  7.9241738e+006  8.0490090e+006  1.0400329e+007  9.4740066e+006  8.9200646e+006  8.3493145e+006  7.7816463e+006  6.6468548e+006  5.0222133e+006  4.3321645e+006  3.7761551e+006  2.7312691e+006  1.8819631e+006  9.5611990e+005
  1.6590512e+006  7.2676594e+006  9.8996434e+006  8.7086835e+006  8.0039916e+006  7.9084246e+006  9.7242592e+006  9.9890425e+006  9.1679839e+006  8.2958243e+006  7.9051391e+006  6.9164637e+006  5.2748443e+006  4.3280568e+006  3.8652691e+006  2.8461133e+006  1.9548674e+006  1.0189222e+006
  1.5983048e+006  6.9653622e+006  9.9444916e+006  8.9185698e+006  8.1181306e+006  7.8204033e+006  9.1232992e+006  1.0548743e+007  9.1623133e+006  8.2979521e+006  8.0229861e+006  7.1253642e+006  5.5409145e+006  4.3950175e+006  3.9347547e+006  2.9822389e+006  2.0113354e+006  1.0762594e+006
  1.5457276e+006  6.7032761e+006  9.8460440e+006  9.2565255e+006  8.1653072e+006  7.7688351e+006  8.6617494e+006  1.1013809e+007  8.9074750e+006  8.4198310e+006  8.1447179e+006  7.2992424e+006  5.8330934e+006  4.5090510e+006  3.9923467e+006  3.1244756e+006  2.0532460e+006  1.1422427e+006
  1.5129795e+006  6.4811043e+006  9.6129417e+006  9.5717381e+006  8.2753170e+006  7.7903384e+006  8.2829880e+006  1.0944888e+007  8.9798982e+006  8.6133314e+006  8.2275718e+006  7.4667390e+006  6.1585029e+006  4.6358546e+006  4.0330402e+006  3.2524813e+006  2.1171367e+006  1.2187099e+006
  1.5025950e+006  6.2875435e+006  9.2823790e+006  9.7653197e+006  8.5106066e+006  7.8467359e+006  8.0174315e+006  1.0386476e+007  9.4392079e+006  8.8496114e+006  8.2385166e+006  7.6187514e+006  6.4621123e+006  4.8251407e+006  4.0455688e+006  3.3580001e+006  2.2100834e+006  1.2884951e+006
  1.4872917e+006  6.1366249e+006  8.9100469e+006  9.9207056e+006  8.7199658e+006  7.9234341e+006  7.8808010e+006  9.7167496e+006  9.9561187e+006  9.0984056e+006  8.1916968e+006  7.7422801e+006  6.7254358e+006  5.0735336e+006  4.0518150e+006  3.4540151e+006  2.3224047e+006  1.3471141e+006
  1.4480299e+006  6.0182035e+006  8.5597001e+006  9.9591524e+006  8.9317259e+006  8.0360486e+006  7.7886258e+006  9.1247402e+006  1.0514906e+007  9.0945634e+006  8.1975228e+006  7.8640918e+006  6.9288225e+006  5.3343768e+006  4.1253846e+006  3.5322236e+006  2.4531768e+006  1.4028887e+006
  1.3978681e+006  5.9152844e+006  8.2506426e+006  9.8544443e+006  9.2462999e+006  8.0786976e+006  7.7169333e+006  8.6636003e+006  1.0975001e+007  8.8420955e+006  8.3182414e+006  7.9893375e+006  7.0984648e+006  5.6175271e+006  4.2434800e+006  3.5968643e+006  2.5876236e+006  1.4451986e+006
  1.3571433e+006  5.8040750e+006  7.9871224e+006  9.6166318e+006  9.5329903e+006  8.1678223e+006  7.7121504e+006  8.2739500e+006  1.0900727e+007  8.9130267e+006  8.5075490e+006  8.0732471e+006  7.2647035e+006  5.9296452e+006  4.3713360e+006  3.6445608e+006  2.7099833e+006  1.5040552e+006
  1.3214259e+006  5.6592165e+006  7.7772411e+006  9.2832395e+006  9.7149756e+006  8.3651348e+006  7.7462759e+006  7.9928345e+006  1.0338727e+007  9.3685584e+006  8.7377532e+006  8.0859256e+006  7.4164099e+006  6.2215577e+006  4.5549348e+006  3.6650461e+006  2.8141592e+006  1.5954899e+006
  1.2729906e+006  5.4868732e+006  7.6084903e+006  8.9097368e+006  9.8722060e+006  8.5307441e+006  7.7963860e+006  7.8380858e+006  9.6646351e+006  9.8809724e+006  8.9806652e+006  8.0397459e+006  7.5397879e+006  6.4771111e+006  4.7916639e+006  3.6788281e+006  2.9097213e+006  1.6994088e+006
  1.2254237e+006  5.3017683e+006  7.4569231e+006  8.5591700e+006  9.9162499e+006  8.7199899e+006  7.8763440e+006  7.7319600e+006  9.0684366e+006  1.0434388e+007  8.9775951e+006  8.0476208e+006  7.6601424e+006  6.6761863e+006  5.0402824e+006  3.7545979e+006  2.9904251e+006  1.8108496e+006
  1.2128761e+006  5.1359140e+006  7.3038031e+006  8.2526154e+006  9.8121269e+006  9.0550452e+006  7.9115798e+006  7.6589190e+006  8.6146986e+006  1.0897428e+007  8.7384938e+006  8.1766039e+006  7.7890134e+006  6.8429348e+006  5.3142627e+006  3.8714067e+006  3.0585169e+006  1.9276682e+006
  1.2102857e+006  5.0089744e+006  7.1429061e+006  7.9933808e+006  9.5775500e+006  9.3731672e+006  8.0215987e+006  7.6633331e+006  8.2407341e+006  1.0839334e+007  8.8245865e+006  8.3782160e+006  7.8840427e+006  7.0080430e+006  5.6155291e+006  3.9978661e+006  3.1085512e+006  2.0358519e+006
  1.1935741e+006  4.9105612e+006  6.9582371e+006  7.7869013e+006  9.2566980e+006  9.5628397e+006  8.2469434e+006  7.7112289e+006  7.9730639e+006  1.0297768e+007  9.2904120e+006  8.6207196e+006  7.9108142e+006  7.1599339e+006  5.8943079e+006  4.1744464e+006  3.1343716e+006  2.1227813e+006
  1.2013738e+006  4.8316611e+006  6.7509861e+006  7.6198540e+006  8.9023260e+006  9.7117163e+006  8.4410967e+006  7.7804152e+006  7.8326775e+006  9.6412913e+006  9.8167708e+006  8.8734883e+006  7.8832000e+006  7.2854101e+006  6.1402770e+006  4.4000321e+006  3.1574216e+006  2.2062128e+006
  1.2007691e+006  4.7787176e+006  6.5480971e+006  7.4674982e+006  8.5684048e+006  9.7555851e+006  8.6387857e+006  7.8808364e+006  7.7418492e+006  9.0581021e+006  1.0384883e+007  8.8770512e+006  7.9075485e+006  7.4110955e+006  6.3327323e+006  4.6374261e+006  3.2359992e+006  2.2810499e+006
  1.1838930e+006  4.7475427e+006  6.3733507e+006  7.3175807e+006  8.2659063e+006  9.6899199e+006  8.9621178e+006  7.9231360e+006  7.6762338e+006  8.6114107e+006  1.0850900e+007  8.6408681e+006  8.0399364e+006  7.5438274e+006  6.4923273e+006  4.8951658e+006  3.3527616e+006  2.3489505e+006
