  1.0347200e-001  9.0880000e-003  1.4340000e-003  1.2370000e-003  2.3680000e-003  3.2780000e-003  3.0400000e-003  2.6500000e-003  3.4980000e-003  4.0840000e-003  5.5340000e-003  8.5160000e-003  1.2655000e-002  2.3228000e-002  3.6018000e-002  5.4420000e-002  8.7475000e-002  1.4572700e-001
  8.5270000e-002  5.4560000e-003  1.1870000e-003  9.9100000e-004  1.7650000e-003  2.3080000e-003  2.2810000e-003  2.1780000e-003  2.6980000e-003  3.6210000e-003  4.8090000e-003  7.3950000e-003  1.0616000e-002  1.7790000e-002  2.8768000e-002  4.3689000e-002  6.9316000e-002  1.1751200e-001
  9.0287000e-002  5.4320000e-003  9.6400000e-004  8.7200000e-004  1.4360000e-003  1.7510000e-003  1.9070000e-003  1.8870000e-003  2.4010000e-003  3.1150000e-003  4.5490000e-003  6.9050000e-003  1.0870000e-002  1.7420000e-002  3.1628000e-002  4.3642000e-002  6.9141000e-002  1.1441500e-001
  8.7103000e-002  6.2830000e-003  8.5500000e-004  7.3500000e-004  1.1160000e-003  1.4890000e-003  1.6790000e-003  1.7670000e-003  2.0290000e-003  2.9280000e-003  4.4070000e-003  6.5960000e-003  1.0880000e-002  1.6734000e-002  3.0960000e-002  4.4920000e-002  6.7450000e-002  1.0304500e-001
  7.4753000e-002  5.2050000e-003  8.8900000e-004  6.4800000e-004  1.1060000e-003  1.4280000e-003  1.5490000e-003  1.6630000e-003  1.8870000e-003  3.2960000e-003  4.4410000e-003  6.7990000e-003  1.1029000e-002  1.8386000e-002  3.2769000e-002  5.1901000e-002  7.5566000e-002  1.2046700e-001
  6.7606000e-002  5.1050000e-003  8.2200000e-004  6.3600000e-004  9.8400000e-004  1.3610000e-003  1.5360000e-003  1.7870000e-003  1.9420000e-003  3.2080000e-003  4.4080000e-003  6.4850000e-003  1.0667000e-002  1.7140000e-002  3.0015000e-002  4.7958000e-002  6.7358000e-002  1.0295300e-001
  5.3538000e-002  3.8880000e-003  7.5900000e-004  5.4200000e-004  9.1900000e-004  1.2400000e-003  1.3360000e-003  1.4520000e-003  1.9050000e-003  2.7390000e-003  4.0020000e-003  6.3170000e-003  1.0275000e-002  1.6975000e-002  2.7267000e-002  4.5283000e-002  6.6654000e-002  9.9065000e-002
  5.7434000e-002  3.7890000e-003  7.3500000e-004  6.0900000e-004  9.1600000e-004  1.3340000e-003  1.4540000e-003  1.7540000e-003  2.1140000e-003  3.1220000e-003  4.3970000e-003  7.4830000e-003  1.2044000e-002  2.0811000e-002  3.3154000e-002  5.9219000e-002  8.6529000e-002  1.2914000e-001
  4.6814000e-002  2.7600000e-003  6.8400000e-004  6.2300000e-004  9.2700000e-004  1.0840000e-003  1.3200000e-003  1.5890000e-003  2.0310000e-003  2.7600000e-003  3.8510000e-003  6.4220000e-003  1.0095000e-002  1.7314000e-002  2.8440000e-002  4.8933000e-002  7.5001000e-002  1.1506100e-001
  3.8464000e-002  2.2860000e-003  6.2500000e-004  5.4600000e-004  8.4100000e-004  1.0310000e-003  1.2050000e-003  1.4760000e-003  1.9210000e-003  2.5220000e-003  4.0970000e-003  6.1340000e-003  1.0128000e-002  1.7295000e-002  2.7260000e-002  4.8013000e-002  7.4689000e-002  1.1541700e-001
  3.7612000e-002  2.0120000e-003  6.1700000e-004  5.7100000e-004  8.4400000e-004  1.0580000e-003  1.2350000e-003  1.4360000e-003  1.8700000e-003  2.5720000e-003  4.0520000e-003  6.2950000e-003  1.0683000e-002  1.8043000e-002  3.0213000e-002  5.2811000e-002  8.8303000e-002  1.3311500e-001
  3.6190000e-002  2.0040000e-003  6.4700000e-004  5.3700000e-004  8.6800000e-004  9.9600000e-004  1.1730000e-003  1.4180000e-003  1.8490000e-003  2.4740000e-003  3.9410000e-003  6.0480000e-003  1.0192000e-002  1.7238000e-002  2.8485000e-002  4.7098000e-002  8.0172000e-002  1.2145600e-001
  3.3401000e-002  1.7200000e-003  5.6500000e-004  4.5300000e-004  7.6600000e-004  9.8400000e-004  1.0000000e-003  1.2570000e-003  1.7070000e-003  2.5780000e-003  3.8540000e-003  5.8440000e-003  9.6800000e-003  1.6153000e-002  2.7976000e-002  4.5933000e-002  7.6271000e-002  1.1715400e-001
  2.9937000e-002  1.4780000e-003  5.6000000e-004  4.4400000e-004  7.9400000e-004  9.2500000e-004  1.0310000e-003  1.2740000e-003  1.7410000e-003  2.3700000e-003  3.6670000e-003  6.0020000e-003  9.3270000e-003  1.6294000e-002  2.8929000e-002  4.6811000e-002  7.8233000e-002  1.2152900e-001
  3.1489000e-002  1.4940000e-003  5.9200000e-004  4.4000000e-004  7.8500000e-004  9.2900000e-004  1.0810000e-003  1.2320000e-003  1.7570000e-003  2.4850000e-003  3.6710000e-003  5.8970000e-003  9.4990000e-003  1.6142000e-002  2.8035000e-002  4.6705000e-002  7.5975000e-002  1.1958900e-001
  3.4001000e-002  1.5650000e-003  5.8600000e-004  4.4900000e-004  7.3500000e-004  9.6100000e-004  1.0990000e-003  1.3490000e-003  1.7650000e-003  2.5590000e-003  3.9090000e-003  6.1590000e-003  1.0035000e-002  1.7317000e-002  3.0181000e-002  4.8946000e-002  8.1977000e-002  1.3435000e-001
  3.0635000e-002  1.2550000e-003  5.0700000e-004  4.5100000e-004  6.6500000e-004  1.0220000e-003  1.0510000e-003  1.3540000e-003  1.8360000e-003  2.5440000e-003  3.7740000e-003  6.2300000e-003  9.7680000e-003  1.6580000e-002  2.7920000e-002  4.7721000e-002  7.5795000e-002  1.2386000e-001
  3.1219000e-002  1.2450000e-003  5.6100000e-004  4.3900000e-004  8.1200000e-004  9.4700000e-004  1.0850000e-003  1.3590000e-003  1.7490000e-003  2.6390000e-003  4.0160000e-003  6.8380000e-003  1.0288000e-002  1.8141000e-002  3.0902000e-002  5.2522000e-002  8.3388000e-002  1.3505500e-001
  2.7366000e-002  1.2190000e-003  4.8900000e-004  4.4900000e-004  7.3600000e-004  9.3100000e-004  1.1160000e-003  1.2320000e-003  1.7190000e-003  2.4620000e-003  3.8810000e-003  6.1080000e-003  9.7390000e-003  1.7010000e-002  2.9436000e-002  4.9797000e-002  7.8532000e-002  1.2804900e-001
  2.4911000e-002  1.2150000e-003  4.8000000e-004  4.5200000e-004  7.3300000e-004  9.9000000e-004  1.1180000e-003  1.3100000e-003  1.8870000e-003  2.5740000e-003  4.1800000e-003  6.2200000e-003  1.0617000e-002  1.7622000e-002  3.1028000e-002  5.2095000e-002  8.5740000e-002  1.3113700e-001
  2.6044000e-002  1.1240000e-003  4.7400000e-004  4.1000000e-004  7.5900000e-004  9.4100000e-004  1.0880000e-003  1.3140000e-003  1.7440000e-003  2.5870000e-003  4.0540000e-003  6.2240000e-003  1.0713000e-002  1.7636000e-002  2.9727000e-002  5.1708000e-002  8.4695000e-002  1.3691800e-001
  2.7397000e-002  1.0390000e-003  5.1500000e-004  3.9200000e-004  6.4100000e-004  9.2300000e-004  9.6100000e-004  1.2820000e-003  1.7530000e-003  2.6040000e-003  3.8950000e-003  6.1670000e-003  1.0012000e-002  1.6695000e-002  2.8870000e-002  4.8461000e-002  8.0719000e-002  1.2578300e-001
  2.6734000e-002  9.8300000e-004  4.8900000e-004  3.7700000e-004  6.9100000e-004  9.0900000e-004  1.0560000e-003  1.3170000e-003  1.6550000e-003  2.4800000e-003  3.9270000e-003  6.5370000e-003  1.0479000e-002  1.6968000e-002  2.9090000e-002  5.0470000e-002  8.3347000e-002  1.3057300e-001
  2.2336000e-002  1.1520000e-003  5.0200000e-004  4.3700000e-004  7.0200000e-004  9.3300000e-004  1.0460000e-003  1.3000000e-003  1.8040000e-003  2.5940000e-003  4.2570000e-003  6.6250000e-003  1.0280000e-002  1.7549000e-002  2.9915000e-002  5.2191000e-002  8.9958000e-002  1.3784600e-001
  2.3076000e-002  1.1540000e-003  4.4700000e-004  4.2700000e-004  6.1000000e-004  9.0000000e-004  1.0390000e-003  1.2330000e-003  1.6740000e-003  2.5390000e-003  4.2020000e-003  6.7150000e-003  9.8760000e-003  1.6930000e-002  2.9223000e-002  4.8998000e-002  8.5195000e-002  1.2801100e-001
  2.4134000e-002  1.1200000e-003  4.9400000e-004  4.3300000e-004  6.8100000e-004  9.2500000e-004  1.0890000e-003  1.2880000e-003  1.8750000e-003  2.6210000e-003  4.3390000e-003  6.9090000e-003  1.0669000e-002  1.8332000e-002  3.0222000e-002  5.2148000e-002  8.6799000e-002  1.3773800e-001
  2.2320000e-002  1.0670000e-003  4.6800000e-004  4.3600000e-004  7.3400000e-004  9.4500000e-004  1.0170000e-003  1.3100000e-003  1.8530000e-003  2.7490000e-003  4.2520000e-003  6.7650000e-003  1.1040000e-002  1.8069000e-002  2.9371000e-002  5.1047000e-002  8.3117000e-002  1.3034700e-001
  2.0198000e-002  1.0550000e-003  4.7500000e-004  4.2100000e-004  7.8000000e-004  9.1300000e-004  9.8700000e-004  1.3160000e-003  1.7910000e-003  2.8050000e-003  4.4050000e-003  7.1070000e-003  1.1427000e-002  1.7954000e-002  2.9272000e-002  5.0602000e-002  8.3084000e-002  1.3137100e-001
  2.0005000e-002  1.1040000e-003  4.4200000e-004  4.0500000e-004  7.1100000e-004  9.4900000e-004  1.0240000e-003  1.2780000e-003  1.8890000e-003  2.6990000e-003  4.4840000e-003  7.0670000e-003  1.1200000e-002  1.7469000e-002  3.0072000e-002  5.1837000e-002  8.5107000e-002  1.3624600e-001
  1.8936000e-002  1.0820000e-003  4.6000000e-004  3.6800000e-004  6.9000000e-004  8.6500000e-004  1.0420000e-003  1.3030000e-003  1.8240000e-003  2.7170000e-003  4.3320000e-003  7.0420000e-003  1.1119000e-002  1.6737000e-002  2.8774000e-002  4.9993000e-002  8.1518000e-002  1.2669500e-001
  1.8468000e-002  1.0810000e-003  5.0600000e-004  3.7700000e-004  7.4400000e-004  9.3600000e-004  1.0350000e-003  1.3850000e-003  1.9270000e-003  2.9550000e-003  4.5840000e-003  6.9780000e-003  1.1654000e-002  1.7707000e-002  3.1252000e-002  5.0901000e-002  8.2841000e-002  1.3192300e-001
  1.6613000e-002  1.0680000e-003  4.3300000e-004  3.6800000e-004  7.0500000e-004  8.7500000e-004  1.0210000e-003  1.3290000e-003  1.9000000e-003  2.9380000e-003  4.5830000e-003  7.1200000e-003  1.1535000e-002  1.8197000e-002  2.9996000e-002  5.1716000e-002  8.6366000e-002  1.3331000e-001
  1.6255000e-002  1.1080000e-003  4.5500000e-004  4.1400000e-004  7.0300000e-004  8.6000000e-004  1.0770000e-003  1.2960000e-003  1.8730000e-003  3.0250000e-003  4.7930000e-003  7.4540000e-003  1.1832000e-002  1.8504000e-002  3.1024000e-002  4.8117000e-002  8.2368000e-002  1.2784000e-001
  1.4968000e-002  9.7200000e-004  4.3600000e-004  4.0900000e-004  7.1800000e-004  9.5700000e-004  1.0350000e-003  1.3880000e-003  2.0730000e-003  3.0800000e-003  4.9480000e-003  7.5890000e-003  1.2082000e-002  1.9161000e-002  2.9687000e-002  5.0292000e-002  8.7323000e-002  1.3517700e-001
  1.4503000e-002  8.7000000e-004  3.5100000e-004  3.5200000e-004  6.7300000e-004  8.8500000e-004  1.0220000e-003  1.3520000e-003  2.0430000e-003  2.9760000e-003  4.8700000e-003  7.7740000e-003  1.1688000e-002  1.8864000e-002  2.7902000e-002  4.9099000e-002  8.0962000e-002  1.2584700e-001
  1.4658000e-002  9.6900000e-004  4.4600000e-004  4.1600000e-004  7.5200000e-004  9.4500000e-004  9.8200000e-004  1.3640000e-003  1.9130000e-003  3.0040000e-003  4.7060000e-003  7.5920000e-003  1.1673000e-002  1.8809000e-002  2.8450000e-002  5.0918000e-002  8.2067000e-002  1.3147700e-001
  1.3779000e-002  1.0430000e-003  4.3900000e-004  3.7700000e-004  6.9100000e-004  8.8600000e-004  1.0880000e-003  1.3680000e-003  2.0140000e-003  3.0530000e-003  4.9430000e-003  7.8160000e-003  1.1814000e-002  1.8912000e-002  2.9188000e-002  4.9575000e-002  8.2073000e-002  1.3090900e-001
  1.4209000e-002  9.3800000e-004  4.1700000e-004  3.9500000e-004  6.5200000e-004  9.3300000e-004  9.8100000e-004  1.3780000e-003  2.0360000e-003  3.2680000e-003  5.2870000e-003  7.7160000e-003  1.2003000e-002  1.8120000e-002  2.9608000e-002  4.8750000e-002  7.7363000e-002  1.2923400e-001
  1.4462000e-002  8.8800000e-004  3.9800000e-004  3.8400000e-004  7.4400000e-004  9.6400000e-004  1.0590000e-003  1.4470000e-003  2.0530000e-003  3.3460000e-003  5.1520000e-003  7.8640000e-003  1.1690000e-002  1.8287000e-002  2.8617000e-002  4.6254000e-002  7.9302000e-002  1.3235800e-001
  1.6356000e-002  9.5900000e-004  3.9100000e-004  4.0200000e-004  6.4100000e-004  8.4500000e-004  1.0070000e-003  1.3150000e-003  1.9700000e-003  3.1840000e-003  4.8540000e-003  7.5800000e-003  1.1573000e-002  1.8714000e-002  2.9285000e-002  4.4720000e-002  8.0650000e-002  1.3745900e-001
  1.5563000e-002  1.0010000e-003  4.5300000e-004  3.4300000e-004  7.1200000e-004  9.7400000e-004  1.1250000e-003  1.3890000e-003  2.1480000e-003  3.4440000e-003  5.4560000e-003  8.1010000e-003  1.2318000e-002  1.8299000e-002  2.8711000e-002  4.4424000e-002  7.8113000e-002  1.3239900e-001
  1.5300000e-002  8.9600000e-004  4.0100000e-004  3.5100000e-004  7.1600000e-004  9.9500000e-004  1.1220000e-003  1.6030000e-003  2.3100000e-003  3.6060000e-003  5.5500000e-003  8.4380000e-003  1.2754000e-002  1.8299000e-002  2.9004000e-002  4.5874000e-002  7.8641000e-002  1.3756700e-001
  1.6019000e-002  9.8800000e-004  3.8600000e-004  3.5000000e-004  7.6300000e-004  1.0190000e-003  1.1640000e-003  1.5580000e-003  2.4870000e-003  3.6660000e-003  6.0440000e-003  8.6730000e-003  1.2898000e-002  1.9154000e-002  2.9390000e-002  4.7103000e-002  7.9615000e-002  9.1364000e-002
  1.4251000e-002  8.6900000e-004  4.0000000e-004  3.3200000e-004  6.8700000e-004  9.8700000e-004  1.1240000e-003  1.5210000e-003  2.2360000e-003  3.7510000e-003  5.8790000e-003  8.7670000e-003  1.3218000e-002  1.9491000e-002  2.9336000e-002  4.7425000e-002  7.6158000e-002  1.4139100e-001
  1.5793000e-002  9.3500000e-004  3.8400000e-004  3.9500000e-004  6.5800000e-004  8.4900000e-004  1.0790000e-003  1.3280000e-003  2.2120000e-003  3.6530000e-003  5.7240000e-003  8.6670000e-003  1.2956000e-002  1.9296000e-002  2.9930000e-002  4.9068000e-002  7.5084000e-002  1.4990100e-001
