  1.4302830e+005  5.9740858e+005  6.6331242e+005  5.8838411e+005  6.3987134e+005  6.7363405e+005  6.9735020e+005  5.9022613e+005  4.2719346e+005  5.1840533e+005  4.8253921e+005  3.9351883e+005  3.0554265e+005  2.4033830e+005  2.2792891e+005  1.5738364e+005  8.3623545e+004  4.0275730e+004
  1.4332404e+005  5.8582413e+005  6.8489871e+005  5.9165477e+005  6.1248876e+005  6.7314980e+005  6.8995363e+005  6.3779806e+005  4.0990983e+005  5.1307285e+005  4.8993998e+005  4.1041024e+005  3.1827379e+005  2.3881542e+005  2.2828982e+005  1.6458759e+005  8.7649670e+004  4.1140060e+004
  1.4140238e+005  5.7081993e+005  7.0795875e+005  5.9838777e+005  5.9069374e+005  6.6961093e+005  6.7722596e+005  6.6196569e+005  4.0408689e+005  5.2029321e+005  4.9809122e+005  4.2306140e+005  3.3312521e+005  2.4494918e+005  2.2356746e+005  1.7349906e+005  9.4573735e+004  4.2973970e+004
  1.4087980e+005  5.5487085e+005  7.1749051e+005  6.1423629e+005  5.7928200e+005  6.5932233e+005  6.6351218e+005  6.7336915e+005  4.3550039e+005  5.0320979e+005  5.0199177e+005  4.3431171e+005  3.4866695e+005  2.5534419e+005  2.1787451e+005  1.8023615e+005  1.0207544e+005  4.5990925e+004
  1.4073060e+005  5.4589597e+005  7.1667277e+005  6.3335844e+005  5.7296133e+005  6.4454326e+005  6.5427868e+005  6.7686318e+005  4.9954876e+005  4.5596758e+005  5.0569301e+005  4.5040464e+005  3.5813675e+005  2.6985343e+005  2.1473047e+005  1.8206975e+005  1.0763095e+005  4.7816265e+004
  1.3697559e+005  5.3966504e+005  7.1713296e+005  6.4975146e+005  5.7335352e+005  6.2538803e+005  6.5389054e+005  6.7620364e+005  5.6207724e+005  4.1809617e+005  5.0347117e+005  4.6097348e+005  3.6945438e+005  2.8176957e+005  2.1214314e+005  1.8153944e+005  1.1246874e+005  4.9232945e+004
  1.3376304e+005  5.3385122e+005  7.1276413e+005  6.6839019e+005  5.7697901e+005  6.0854629e+005  6.5446631e+005  6.7611355e+005  6.0440145e+005  4.0541230e+005  4.9568195e+005  4.6825904e+005  3.8114057e+005  2.9123451e+005  2.0893677e+005  1.8344458e+005  1.1549811e+005  5.1130000e+004
  1.3270941e+005  5.2970269e+005  7.0206192e+005  6.8660095e+005  5.8407298e+005  5.9018853e+005  6.5812935e+005  6.6881149e+005  6.3503169e+005  3.9443683e+005  5.0136957e+005  4.7391584e+005  3.9404558e+005  2.9717635e+005  2.1151347e+005  1.8025394e+005  1.1894950e+005  5.1822795e+004
  1.3380987e+005  5.2647138e+005  6.8592209e+005  7.0610476e+005  5.9192278e+005  5.7862254e+005  6.5538153e+005  6.6263297e+005  6.5076600e+005  3.9604120e+005  5.0603864e+005  4.8157209e+005  4.0116617e+005  3.0932187e+005  2.1481617e+005  1.7637851e+005  1.2024852e+005  5.4183460e+004
  1.3459250e+005  5.2393300e+005  6.7664400e+005  7.1196300e+005  6.0999950e+005  5.7114450e+005  6.4960050e+005  6.5238450e+005  6.6270000e+005  4.2976450e+005  4.8962100e+005  4.8479450e+005  4.1312200e+005  3.2127050e+005  2.2476400e+005  1.7259600e+005  1.2463650e+005  5.7164240e+004
  1.3210350e+005  5.2338250e+005  6.7069200e+005  7.1155750e+005  6.3177450e+005  5.6791950e+005  6.3715050e+005  6.4685750e+005  6.6882300e+005  4.9837700e+005  4.4174200e+005  4.9075200e+005  4.3031900e+005  3.3118400e+005  2.3786900e+005  1.7168450e+005  1.2601650e+005  6.1040390e+004
  1.2943250e+005  5.2377800e+005  6.5847100e+005  7.1446800e+005  6.5207550e+005  5.7052250e+005  6.1705250e+005  6.4822800e+005  6.7064450e+005  5.6831200e+005  4.0567400e+005  4.8607150e+005  4.4253050e+005  3.4466100e+005  2.5042850e+005  1.7025600e+005  1.2698100e+005  6.4962590e+004
  1.2812900e+005  5.2217550e+005  6.5269400e+005  7.0571950e+005  6.7601550e+005  5.7739900e+005  5.9389450e+005  6.5216000e+005  6.6675450e+005  6.1744950e+005  3.9078450e+005  4.8402650e+005  4.5139850e+005  3.6181600e+005  2.6003650e+005  1.7123600e+005  1.2928200e+005  6.9040310e+004
  1.2895550e+005  5.1338000e+005  6.5548650e+005  6.8758900e+005  6.9563500e+005  5.8385100e+005  5.7591250e+005  6.5394250e+005  6.5750000e+005  6.4350800e+005  3.8749900e+005  4.9361200e+005  4.6287050e+005  3.7699300e+005  2.7447600e+005  1.7763800e+005  1.2802050e+005  7.3424500e+004
  1.2504950e+005  5.0531200e+005  6.5404650e+005  6.7972600e+005  6.9935950e+005  5.9822700e+005  5.6699500e+005  6.4859050e+005  6.4784400e+005  6.5710100e+005  4.2331750e+005  4.7644750e+005  4.7014300e+005  3.9185450e+005  2.9012100e+005  1.8646250e+005  1.2633850e+005  7.6727720e+004
  1.2069400e+005  4.9977000e+005  6.4828350e+005  6.7982700e+005  6.9695600e+005  6.1944650e+005  5.6146250e+005  6.3730100e+005  6.4235500e+005  6.6269250e+005  4.9218750e+005  4.2935100e+005  4.7511100e+005  4.0862000e+005  2.9868050e+005  1.9787650e+005  1.2563500e+005  7.7438920e+004
  1.2988600e+005  4.9251400e+005  6.4320750e+005  6.7395800e+005  6.9787150e+005  6.3898450e+005  5.6214450e+005  6.1763650e+005  6.4374400e+005  6.6397900e+005  5.6187250e+005  3.9427250e+005  4.6900350e+005  4.1969800e+005  3.1045550e+005  2.0987650e+005  1.2459350e+005  7.7609585e+004
  1.3902300e+005  4.9711800e+005  6.3684600e+005  6.6725700e+005  6.9204250e+005  6.6389450e+005  5.6662050e+005  5.9394300e+005  6.4771750e+005  6.5997600e+005  6.0997850e+005  3.7967900e+005  4.6593650e+005  4.2713000e+005  3.2532300e+005  2.1862700e+005  1.2528500e+005  7.7516830e+004
  1.3774200e+005  5.0852100e+005  6.3243750e+005  6.5917800e+005  6.8052000e+005  6.8828800e+005  5.7525650e+005  5.7388150e+005  6.4856350e+005  6.5027400e+005  6.3369450e+005  3.7725550e+005  4.7440950e+005  4.3538950e+005  3.3707550e+005  2.2875550e+005  1.2933800e+005  7.6341435e+004
  1.3483050e+005  5.2021700e+005  6.2481000e+005  6.5034400e+005  6.7560700e+005  6.9426650e+005  5.9370100e+005  5.6246800e+005  6.4269200e+005  6.3946150e+005  6.4564900e+005  4.1227250e+005  4.5798150e+005  4.3981900e+005  3.4942300e+005  2.3869200e+005  1.3522150e+005  7.5299470e+004
  1.3123350e+005  5.3363550e+005  6.1394750e+005  6.4357600e+005  6.7481500e+005  6.9064700e+005  6.1391850e+005  5.5616350e+005  6.3089200e+005  6.3342600e+005  6.5037800e+005  4.7901050e+005  4.1184100e+005  4.4441700e+005  3.6434900e+005  2.4471950e+005  1.4220250e+005  7.4491235e+004
  1.3261650e+005  5.3524550e+005  6.1501550e+005  6.3778650e+005  6.6817950e+005  6.9049300e+005  6.3283400e+005  5.5614050e+005  6.1087050e+005  6.3438600e+005  6.5104950e+005  5.4656600e+005  3.7718350e+005  4.3850650e+005  3.7405800e+005  2.5408350e+005  1.5048600e+005  7.3854610e+004
  1.4140600e+005  5.3002550e+005  6.2810650e+005  6.3128200e+005  6.6123300e+005  6.8401850e+005  6.5802050e+005  5.6024900e+005  5.8730150e+005  6.3836450e+005  6.4707250e+005  5.9314650e+005  3.6336500e+005  4.3543450e+005  3.8079050e+005  2.6665750e+005  1.5673250e+005  7.4787945e+004
  1.4861600e+005  5.2847750e+005  6.3684800e+005  6.2756300e+005  6.4810900e+005  6.6745850e+005  6.8071600e+005  5.7060450e+005  5.6830400e+005  6.3923850e+005  6.3617100e+005  6.1320600e+005  3.6240400e+005  4.4657850e+005  3.8670400e+005  2.7801850e+005  1.6242000e+005  7.7276730e+004
  1.4663700e+005  5.3717750e+005  6.4416450e+005  6.2125200e+005  6.3578350e+005  6.5796500e+005  6.8532150e+005  5.8983500e+005  5.5805800e+005  6.3451000e+005  6.2399400e+005  6.2205300e+005  3.9771850e+005  4.3196850e+005  3.9033400e+005  2.8844000e+005  1.6993950e+005  8.1163330e+004
  1.4011750e+005  5.5363050e+005  6.5387650e+005  6.1013500e+005  6.3300050e+005  6.5727250e+005  6.8040250e+005  6.0927250e+005  5.5189800e+005  6.2411050e+005  6.1880800e+005  6.2756850e+005  4.6081350e+005  3.8533900e+005  3.9657550e+005  2.9906100e+005  1.7602900e+005  8.6127395e+004
  1.3503900e+005  5.6068000e+005  6.5345550e+005  6.0602100e+005  6.2962650e+005  6.4728400e+005  6.7427350e+005  6.2602400e+005  5.5005700e+005  6.0232250e+005  6.1987550e+005  6.2678150e+005  5.2263700e+005  3.5093500e+005  3.9086500e+005  3.0471800e+005  1.8360500e+005  9.0637770e+004
  1.3233250e+005  5.5845450e+005  6.5046600e+005  6.1335450e+005  6.2591400e+005  6.3727450e+005  6.6357050e+005  6.4719950e+005  5.5287200e+005  5.7681900e+005  6.2339550e+005  6.2061900e+005  5.6351200e+005  3.3719950e+005  3.8846850e+005  3.0865350e+005  1.9295450e+005  9.4211050e+004
  1.2913500e+005  5.4803500e+005  6.5994050e+005  6.2459900e+005  6.2196550e+005  6.3092900e+005  6.5159450e+005  6.6961500e+005  5.6227300e+005  5.5752500e+005  6.2400150e+005  6.1225150e+005  5.8192800e+005  3.3643450e+005  3.9759100e+005  3.1411300e+005  2.0002600e+005  9.8202410e+004
  1.2380750e+005  5.3251650e+005  6.7373300e+005  6.3609700e+005  6.1273150e+005  6.2562600e+005  6.4681050e+005  6.7548050e+005  5.8015150e+005  5.4697200e+005  6.1877100e+005  6.0253050e+005  5.9178300e+005  3.7042050e+005  3.8090750e+005  3.1756950e+005  2.0698550e+005  1.0256833e+005
  1.2196200e+005  5.1784900e+005  6.8428200e+005  6.4638350e+005  6.0212700e+005  6.2392650e+005  6.4650700e+005  6.7076750e+005  5.9991050e+005  5.4111550e+005  6.0862900e+005  5.9771050e+005  5.9668200e+005  4.2989050e+005  3.3742100e+005  3.2327150e+005  2.1468350e+005  1.0590720e+005
  1.2143650e+005  5.0555950e+005  6.9005500e+005  6.4927700e+005  6.0139750e+005  6.2409000e+005  6.4055700e+005  6.6760900e+005  6.1902350e+005  5.4149900e+005  5.8912200e+005  6.0062150e+005  5.9679200e+005  4.8709500e+005  3.0822600e+005  3.1779400e+005  2.1807250e+005  1.1049450e+005
  1.2065150e+005  4.9469350e+005  6.8854150e+005  6.4916850e+005  6.1168850e+005  6.2324650e+005  6.3416400e+005  6.5963450e+005  6.4215150e+005  5.4611450e+005  5.6576200e+005  6.0536550e+005  5.9163100e+005  5.2390950e+005  2.9745100e+005  3.1717100e+005  2.2066050e+005  1.1600184e+005
  1.2197650e+005  4.8373500e+005  6.7251000e+005  6.5821050e+005  6.1570850e+005  6.0919150e+005  6.2802400e+005  6.4855850e+005  6.6534300e+005  5.5483650e+005  5.4606400e+005  6.0648800e+005  5.8495100e+005  5.4530250e+005  2.9732200e+005  3.2708550e+005  2.2634850e+005  1.2057757e+005
  1.2096800e+005  4.7927900e+005  6.5007950e+005  6.7090250e+005  6.2253200e+005  5.8892600e+005  6.2153600e+005  6.4405500e+005  6.7198000e+005  5.7251800e+005  5.3550900e+005  6.0019050e+005  5.7831950e+005  5.5800250e+005  3.2962250e+005  3.1292850e+005  2.3103900e+005  1.2516063e+005
  1.1663700e+005  4.7902650e+005  6.3408150e+005  6.8037250e+005  6.3720100e+005  5.7792600e+005  6.1625850e+005  6.4315650e+005  6.6756400e+005  5.9255000e+005  5.3032300e+005  5.8868700e+005  5.7346600e+005  5.5991000e+005  3.8426000e+005  2.7815850e+005  2.3522850e+005  1.2976417e+005
  1.1540000e+005  4.7640800e+005  6.1974450e+005  6.8493000e+005  6.4516050e+005  5.7693550e+005  6.1208950e+005  6.3729200e+005  6.6532500e+005  6.1080900e+005  5.3126600e+005  5.6983650e+005  5.7450100e+005  5.5885900e+005  4.3647900e+005  2.5270250e+005  2.3214650e+005  1.3181750e+005
  1.1325950e+005  4.7313550e+005  6.0695150e+005  6.7811250e+005  6.5223500e+005  5.8816300e+005  6.0659900e+005  6.3146450e+005  6.5714400e+005  6.3407800e+005  5.3564550e+005  5.4740100e+005  5.7762200e+005  5.5389450e+005  4.7142150e+005  2.4421100e+005  2.3148350e+005  1.3284697e+005
  1.0715050e+005  4.6513600e+005  6.0060300e+005  6.6440050e+005  6.6091600e+005  6.0362150e+005  5.9844550e+005  6.2533450e+005  6.4441000e+005  6.5750800e+005  5.4371050e+005  5.2888250e+005  5.7799600e+005  5.4525350e+005  4.8873350e+005  2.4740800e+005  2.3798000e+005  1.3361223e+005
  9.8956000e+004  4.5137350e+005  5.9835200e+005  6.4878350e+005  6.6931550e+005  6.2017500e+005  5.8661400e+005  6.1834300e+005  6.3897100e+005  6.6354500e+005  5.6114400e+005  5.1896300e+005  5.7213050e+005  5.3670000e+005  4.9646900e+005  2.7494850e+005  2.2820650e+005  1.3289226e+005
  9.0930500e+004  4.1939450e+005  5.6917350e+005  6.1550250e+005  6.5476500e+005  6.1097350e+005  5.5563650e+005  5.9110900e+005  6.1649450e+005  6.4189200e+005  5.6815750e+005  5.0401200e+005  5.5307450e+005  5.2736900e+005  4.9175650e+005  3.1631100e+005  1.9965800e+005  1.3193416e+005
  8.5332500e+004  3.8594500e+005  5.3886100e+005  5.8394750e+005  6.3796400e+005  5.9285050e+005  5.3481550e+005  5.6524550e+005  5.8881350e+005  6.2117850e+005  5.7239350e+005  4.9440950e+005  5.2623250e+005  5.2318400e+005  4.8427650e+005  3.5498600e+005  1.7834300e+005  1.2786123e+005
  8.0618000e+004  3.6722500e+005  5.3153950e+005  5.7131500e+005  6.3545000e+005  5.9675050e+005  5.4548000e+005  5.6039750e+005  5.8215050e+005  6.1103500e+005  5.9294000e+005  4.9737750e+005  5.0362550e+005  5.2493050e+005  4.7985600e+005  3.8218450e+005  1.7296900e+005  1.2794753e+005
  7.4524000e+004  3.4749200e+005  5.2247900e+005  5.6023650e+005  6.2479200e+005  6.0463300e+005  5.5948050e+005  5.5304350e+005  5.7552500e+005  5.9665650e+005  6.1354750e+005  5.0350650e+005  4.8506950e+005  5.2299200e+005  4.7279700e+005  3.9468550e+005  1.7804000e+005  1.3161186e+005
  7.0982500e+004  3.2826550e+005  5.0797450e+005  5.5204350e+005  6.1126000e+005  6.1453900e+005  5.7359000e+005  5.4211450e+005  5.6876400e+005  5.8930050e+005  6.1738650e+005  5.1861600e+005  4.7427500e+005  5.1542650e+005  4.6537650e+005  3.9976850e+005  2.0232250e+005  1.2337617e+005
