  5.3570000e-002  1.9860000e-003  6.6200000e-004  5.6100000e-004  1.0330000e-003  1.5340000e-003  1.5390000e-003  1.8080000e-003  2.4010000e-003  3.5140000e-003  5.6820000e-003  8.9110000e-003  1.2963000e-002  2.0450000e-002  3.3163000e-002  5.4243000e-002  9.2032000e-002  1.4900600e-001
  5.1630000e-002  1.7840000e-003  6.5600000e-004  5.3900000e-004  9.6800000e-004  1.3800000e-003  1.4250000e-003  1.6790000e-003  2.3630000e-003  3.3190000e-003  5.1610000e-003  8.6240000e-003  1.2820000e-002  2.0237000e-002  3.3465000e-002  5.3984000e-002  9.0869000e-002  1.4746000e-001
  4.9882000e-002  1.9230000e-003  7.2400000e-004  5.1000000e-004  9.2600000e-004  1.5470000e-003  1.4980000e-003  1.7870000e-003  2.3450000e-003  3.2800000e-003  5.1350000e-003  8.5060000e-003  1.3175000e-002  2.0246000e-002  3.2542000e-002  5.3459000e-002  8.9064000e-002  1.5015400e-001
  4.7636000e-002  1.8060000e-003  7.0600000e-004  5.5200000e-004  9.7900000e-004  1.6380000e-003  1.6400000e-003  1.7320000e-003  2.1380000e-003  3.2140000e-003  4.8890000e-003  8.3760000e-003  1.2810000e-002  2.0033000e-002  3.2726000e-002  5.2864000e-002  8.9288000e-002  1.4303600e-001
  4.6036000e-002  1.6830000e-003  5.9100000e-004  4.3900000e-004  9.8300000e-004  1.7580000e-003  1.6870000e-003  1.8010000e-003  2.2490000e-003  3.3280000e-003  5.0170000e-003  8.2030000e-003  1.3181000e-002  2.0122000e-002  3.2371000e-002  5.2792000e-002  8.9142000e-002  1.4684500e-001
  4.6315000e-002  1.7600000e-003  6.9700000e-004  5.9100000e-004  1.1370000e-003  1.8170000e-003  1.8840000e-003  1.7990000e-003  2.1040000e-003  3.1760000e-003  5.1960000e-003  8.2630000e-003  1.3306000e-002  2.0662000e-002  3.3120000e-002  5.4739000e-002  8.8960000e-002  1.4187900e-001
  4.1918000e-002  1.5740000e-003  5.5300000e-004  4.9800000e-004  1.0940000e-003  1.5690000e-003  1.6110000e-003  1.7550000e-003  2.1360000e-003  2.9730000e-003  4.7470000e-003  7.7740000e-003  1.2824000e-002  1.9606000e-002  3.0815000e-002  5.1087000e-002  8.4568000e-002  1.3891000e-001
  4.1556000e-002  1.6520000e-003  6.2800000e-004  4.2500000e-004  1.1720000e-003  1.5640000e-003  1.5750000e-003  1.7810000e-003  2.2180000e-003  2.9030000e-003  4.9500000e-003  7.6650000e-003  1.2814000e-002  2.0196000e-002  3.0703000e-002  5.1280000e-002  8.5084000e-002  1.3885700e-001
  3.8613000e-002  1.5600000e-003  5.3500000e-004  3.8700000e-004  9.9300000e-004  1.4260000e-003  1.4700000e-003  1.6080000e-003  2.1260000e-003  2.9140000e-003  4.6940000e-003  7.8420000e-003  1.2760000e-002  2.0188000e-002  3.1597000e-002  5.1805000e-002  8.5170000e-002  1.4054600e-001
  3.4156000e-002  1.3170000e-003  5.0300000e-004  4.2000000e-004  9.1300000e-004  1.2090000e-003  1.4070000e-003  1.6150000e-003  2.0650000e-003  2.8210000e-003  4.4540000e-003  7.3490000e-003  1.2323000e-002  1.9525000e-002  2.9469000e-002  4.8624000e-002  7.9845000e-002  1.3285800e-001
  3.3882000e-002  1.1870000e-003  4.7500000e-004  4.2200000e-004  8.8800000e-004  1.1280000e-003  1.2700000e-003  1.6770000e-003  1.9980000e-003  2.8470000e-003  4.6950000e-003  7.2960000e-003  1.2363000e-002  2.0182000e-002  3.0709000e-002  5.1457000e-002  8.4372000e-002  1.3995700e-001
  3.2189000e-002  1.3190000e-003  4.7200000e-004  3.9100000e-004  9.0500000e-004  1.1930000e-003  1.2260000e-003  1.5680000e-003  2.1440000e-003  2.9070000e-003  4.4720000e-003  7.1320000e-003  1.1991000e-002  2.0127000e-002  3.1869000e-002  5.0575000e-002  8.3796000e-002  1.3898300e-001
  2.9843000e-002  1.2690000e-003  5.1900000e-004  4.1900000e-004  8.6600000e-004  1.2440000e-003  1.2550000e-003  1.4890000e-003  2.0730000e-003  2.7340000e-003  4.3840000e-003  7.2440000e-003  1.1482000e-002  1.9698000e-002  3.0951000e-002  4.8678000e-002  7.8887000e-002  1.3215600e-001
  2.8374000e-002  1.2250000e-003  4.8900000e-004  4.0500000e-004  8.2200000e-004  1.0270000e-003  1.0920000e-003  1.6090000e-003  2.1460000e-003  2.9580000e-003  4.3670000e-003  7.0120000e-003  1.2048000e-002  2.0227000e-002  3.2752000e-002  5.0894000e-002  8.4488000e-002  1.3875200e-001
  2.8350000e-002  1.1020000e-003  5.0200000e-004  3.9400000e-004  9.1000000e-004  1.1740000e-003  1.2740000e-003  1.5620000e-003  2.1600000e-003  2.9440000e-003  4.2250000e-003  7.2320000e-003  1.1375000e-002  1.9420000e-002  3.1177000e-002  4.8503000e-002  7.9214000e-002  1.3236800e-001
  2.6747000e-002  1.0260000e-003  5.0100000e-004  3.8000000e-004  1.0710000e-003  1.1920000e-003  1.2500000e-003  1.5780000e-003  2.1150000e-003  3.0340000e-003  4.4550000e-003  7.0720000e-003  1.1527000e-002  1.9518000e-002  3.2038000e-002  5.1437000e-002  8.2606000e-002  1.3763000e-001
  2.5915000e-002  1.0080000e-003  5.3200000e-004  3.5500000e-004  9.4100000e-004  1.2510000e-003  1.1110000e-003  1.5450000e-003  2.0510000e-003  3.0390000e-003  4.4710000e-003  6.9460000e-003  1.1422000e-002  1.9686000e-002  3.2127000e-002  5.1267000e-002  8.2315000e-002  1.3689500e-001
  2.5607000e-002  1.0340000e-003  5.1000000e-004  4.1500000e-004  9.8700000e-004  1.1620000e-003  1.1870000e-003  1.4140000e-003  2.2820000e-003  2.9830000e-003  4.8900000e-003  7.0260000e-003  1.1406000e-002  1.9779000e-002  3.3794000e-002  5.4465000e-002  8.3732000e-002  1.3365100e-001
  2.5473000e-002  1.0120000e-003  4.9500000e-004  4.1400000e-004  1.0650000e-003  1.2540000e-003  1.1570000e-003  1.3660000e-003  2.2460000e-003  3.2230000e-003  4.6730000e-003  6.9020000e-003  1.1402000e-002  1.9681000e-002  3.2638000e-002  5.3245000e-002  8.3821000e-002  1.3470200e-001
  2.6066000e-002  8.8100000e-004  4.4400000e-004  4.3300000e-004  1.1570000e-003  1.3530000e-003  1.2620000e-003  1.4790000e-003  2.2020000e-003  3.2250000e-003  4.6360000e-003  6.8390000e-003  1.0752000e-002  1.8323000e-002  3.1203000e-002  5.0826000e-002  8.1294000e-002  1.3564000e-001
  2.5021000e-002  9.0200000e-004  4.3800000e-004  4.2400000e-004  1.1570000e-003  1.2930000e-003  1.2290000e-003  1.3990000e-003  2.1040000e-003  3.1560000e-003  4.6710000e-003  6.8300000e-003  1.1047000e-002  1.7690000e-002  3.0189000e-002  4.9346000e-002  7.9929000e-002  1.2970700e-001
  2.3392000e-002  8.1400000e-004  4.3800000e-004  3.4500000e-004  1.1650000e-003  1.1940000e-003  1.2210000e-003  1.4030000e-003  1.9370000e-003  3.1230000e-003  4.4380000e-003  6.8050000e-003  1.0482000e-002  1.6930000e-002  2.8609000e-002  4.7187000e-002  7.6028000e-002  1.2633500e-001
  2.3757000e-002  8.3800000e-004  4.0500000e-004  3.2600000e-004  1.1190000e-003  1.1510000e-003  1.1260000e-003  1.3640000e-003  1.8930000e-003  3.1330000e-003  4.5670000e-003  6.9500000e-003  1.0553000e-002  1.6685000e-002  2.8442000e-002  4.7790000e-002  7.6894000e-002  1.2707400e-001
  2.0522000e-002  8.4000000e-004  4.0200000e-004  3.6600000e-004  1.0860000e-003  1.2140000e-003  1.0730000e-003  1.4690000e-003  1.9000000e-003  3.1610000e-003  4.6490000e-003  6.6810000e-003  1.0464000e-002  1.6977000e-002  2.8182000e-002  4.7328000e-002  7.8884000e-002  1.2955600e-001
  1.7834000e-002  7.3600000e-004  3.3200000e-004  3.1100000e-004  1.0050000e-003  1.1550000e-003  1.1020000e-003  1.4640000e-003  1.6960000e-003  3.1230000e-003  4.5960000e-003  6.8830000e-003  1.0118000e-002  1.6234000e-002  2.7490000e-002  4.6717000e-002  7.7830000e-002  1.2798700e-001
  1.6786000e-002  6.6300000e-004  3.1800000e-004  2.9500000e-004  1.1170000e-003  1.1640000e-003  1.0640000e-003  1.3820000e-003  1.8470000e-003  2.9370000e-003  4.8620000e-003  6.7800000e-003  1.0048000e-002  1.6048000e-002  2.6283000e-002  4.4570000e-002  7.4800000e-002  1.2256200e-001
  1.5117000e-002  7.3300000e-004  2.7100000e-004  2.6900000e-004  1.1030000e-003  1.2480000e-003  1.0780000e-003  1.3820000e-003  1.8180000e-003  2.9520000e-003  4.7080000e-003  6.8250000e-003  9.9240000e-003  1.6077000e-002  2.6320000e-002  4.4213000e-002  7.6373000e-002  1.2669100e-001
  1.4983000e-002  6.3500000e-004  3.2200000e-004  2.9700000e-004  1.0510000e-003  1.2180000e-003  1.0650000e-003  1.2210000e-003  1.8980000e-003  2.7650000e-003  4.9080000e-003  6.6910000e-003  1.0266000e-002  1.5515000e-002  2.4814000e-002  4.3233000e-002  7.2141000e-002  1.2134000e-001
  1.4647000e-002  6.7900000e-004  3.3800000e-004  2.8600000e-004  1.0120000e-003  1.1420000e-003  1.0960000e-003  1.2220000e-003  1.7880000e-003  2.6640000e-003  4.7640000e-003  6.8600000e-003  1.0087000e-002  1.4999000e-002  2.4883000e-002  4.1768000e-002  7.2082000e-002  1.2086200e-001
  1.2776000e-002  6.0800000e-004  2.5700000e-004  2.6400000e-004  9.9500000e-004  1.1540000e-003  1.0270000e-003  1.1600000e-003  1.8950000e-003  2.7520000e-003  4.5600000e-003  6.8970000e-003  9.8600000e-003  1.4590000e-002  2.4782000e-002  4.1353000e-002  7.1180000e-002  1.2061600e-001
  1.2900000e-002  5.4100000e-004  2.6800000e-004  2.6900000e-004  9.9000000e-004  1.1250000e-003  1.1000000e-003  1.3660000e-003  1.8670000e-003  2.7610000e-003  4.2620000e-003  7.0020000e-003  9.9490000e-003  1.4473000e-002  2.4041000e-002  3.9954000e-002  6.9212000e-002  1.1702700e-001
  1.1661000e-002  4.7500000e-004  2.6900000e-004  2.5900000e-004  9.8300000e-004  1.1000000e-003  1.0140000e-003  1.2410000e-003  1.8950000e-003  2.7960000e-003  4.3360000e-003  7.1270000e-003  1.0075000e-002  1.5002000e-002  2.3673000e-002  4.0478000e-002  6.9611000e-002  1.1884200e-001
  1.1402000e-002  5.5000000e-004  2.4200000e-004  2.6100000e-004  8.5900000e-004  1.1330000e-003  1.0170000e-003  1.1590000e-003  1.7900000e-003  2.7390000e-003  4.1520000e-003  6.7800000e-003  9.8190000e-003  1.4637000e-002  2.2458000e-002  3.7425000e-002  6.4549000e-002  1.1058400e-001
  1.1084000e-002  5.3100000e-004  1.8900000e-004  2.5500000e-004  7.9800000e-004  1.0470000e-003  9.2200000e-004  1.0930000e-003  1.6270000e-003  2.7500000e-003  3.8570000e-003  6.4610000e-003  9.7100000e-003  1.4218000e-002  2.1522000e-002  3.7024000e-002  6.5536000e-002  1.1351800e-001
  1.0240000e-002  4.4900000e-004  2.3500000e-004  1.9400000e-004  7.4800000e-004  9.2000000e-004  9.0500000e-004  1.1310000e-003  1.6840000e-003  2.6170000e-003  3.7560000e-003  6.0080000e-003  9.6110000e-003  1.3598000e-002  2.0826000e-002  3.6161000e-002  6.2234000e-002  1.0864900e-001
  9.7910000e-003  3.9700000e-004  2.1000000e-004  1.9300000e-004  7.5800000e-004  9.0700000e-004  8.4300000e-004  1.1010000e-003  1.5410000e-003  2.4370000e-003  3.5880000e-003  5.7520000e-003  9.2150000e-003  1.3456000e-002  2.0251000e-002  3.5229000e-002  5.9656000e-002  1.0432800e-001
  8.1870000e-003  3.4200000e-004  2.0100000e-004  1.9000000e-004  7.7100000e-004  8.7100000e-004  8.2300000e-004  1.0740000e-003  1.4510000e-003  2.4000000e-003  3.5760000e-003  5.3730000e-003  8.7540000e-003  1.3535000e-002  1.9820000e-002  3.3944000e-002  5.6170000e-002  1.0204400e-001
  8.3200000e-003  4.4400000e-004  2.2700000e-004  1.7300000e-004  7.4100000e-004  8.4500000e-004  8.7300000e-004  9.9700000e-004  1.4370000e-003  2.2870000e-003  3.5010000e-003  5.4430000e-003  8.7320000e-003  1.3244000e-002  2.0087000e-002  3.2884000e-002  5.5337000e-002  9.9742000e-002
  7.8710000e-003  4.3400000e-004  1.7100000e-004  1.6000000e-004  6.6300000e-004  8.4000000e-004  7.6800000e-004  1.0220000e-003  1.3420000e-003  2.3560000e-003  3.6120000e-003  5.1010000e-003  8.6000000e-003  1.3131000e-002  1.9919000e-002  3.0335000e-002  5.4935000e-002  9.8296000e-002
  7.6280000e-003  3.8600000e-004  1.8400000e-004  1.4100000e-004  6.8000000e-004  8.8000000e-004  8.4200000e-004  1.0020000e-003  1.3680000e-003  2.3950000e-003  3.5780000e-003  5.1240000e-003  8.5290000e-003  1.2830000e-002  2.0006000e-002  3.0173000e-002  5.4562000e-002  9.5208000e-002
  7.5500000e-003  3.8400000e-004  1.3800000e-004  1.5500000e-004  6.7600000e-004  8.4200000e-004  7.5900000e-004  9.4300000e-004  1.3690000e-003  2.1450000e-003  3.6190000e-003  5.2160000e-003  8.0980000e-003  1.3044000e-002  1.9616000e-002  3.0018000e-002  5.3563000e-002  9.2478000e-002
  6.4700000e-003  3.1700000e-004  1.9200000e-004  2.1500000e-004  7.4600000e-004  9.0100000e-004  8.0300000e-004  9.4700000e-004  1.3230000e-003  2.0960000e-003  3.4190000e-003  5.1780000e-003  7.9530000e-003  1.2982000e-002  1.9252000e-002  2.9502000e-002  5.2466000e-002  8.8527000e-002
  6.1490000e-003  3.6200000e-004  1.5700000e-004  1.8900000e-004  7.4500000e-004  8.8400000e-004  8.0500000e-004  9.3400000e-004  1.3410000e-003  2.1170000e-003  3.4010000e-003  4.8910000e-003  7.4830000e-003  1.2503000e-002  1.8591000e-002  2.9558000e-002  4.9751000e-002  8.4999000e-002
  5.3010000e-003  3.1900000e-004  1.2900000e-004  1.6100000e-004  6.8000000e-004  7.8200000e-004  7.5100000e-004  9.3800000e-004  1.2840000e-003  2.0800000e-003  3.3120000e-003  5.2240000e-003  7.1940000e-003  1.2333000e-002  1.8534000e-002  2.8815000e-002  4.6857000e-002  8.5694000e-002
  5.0760000e-003  2.9000000e-004  1.5900000e-004  1.5200000e-004  5.6400000e-004  7.3800000e-004  6.5300000e-004  8.3600000e-004  1.2980000e-003  1.9050000e-003  3.3550000e-003  5.2540000e-003  7.0620000e-003  1.1850000e-002  1.8675000e-002  2.8306000e-002  4.5498000e-002  8.4607000e-002
