  9.8911500e+004  4.1293125e+005  5.0612825e+005  5.7799450e+005  4.2703600e+005  4.7593625e+005  5.0341275e+005  4.2192300e+005  4.0940650e+005  5.2878000e+005  5.3731325e+005  5.0491775e+005  4.2230025e+005  3.5214825e+005  2.9709575e+005  2.2335200e+005  1.4199150e+005  6.3840785e+004
  9.8583500e+004  4.0069375e+005  5.0269025e+005  5.9551550e+005  4.2583075e+005  4.6526500e+005  4.9272875e+005  4.6442375e+005  3.6443625e+005  5.2153975e+005  5.3321275e+005  5.1310650e+005  4.3306675e+005  3.5540475e+005  3.0116400e+005  2.2626775e+005  1.4637250e+005  6.6496620e+004
  9.9826250e+004  3.9153800e+005  5.0275400e+005  5.8864675e+005  4.4811575e+005  4.5186950e+005  4.8398800e+005  4.9363225e+005  3.3730975e+005  5.0880150e+005  5.2951925e+005  5.1810875e+005  4.4471775e+005  3.6057900e+005  3.0404975e+005  2.2939850e+005  1.5019700e+005  6.9449350e+004
  1.0296050e+005  3.8858150e+005  5.0594025e+005  5.5663825e+005  4.9033375e+005  4.3583750e+005  4.7611850e+005  5.0356975e+005  3.3962900e+005  4.8386625e+005  5.2550375e+005  5.2006200e+005  4.5630900e+005  3.6845575e+005  3.0552000e+005  2.3272025e+005  1.5324675e+005  7.2645105e+004
  1.0792500e+005  3.9221775e+005  5.0778175e+005  5.2144775e+005  5.3502800e+005  4.1985425e+005  4.6820925e+005  4.9916200e+005  3.6854150e+005  4.4530800e+005  5.2002000e+005  5.1934525e+005  4.6711975e+005  3.7796075e+005  3.0676100e+005  2.3636275e+005  1.5539100e+005  7.6115445e+004
  1.1241025e+005  4.0233125e+005  5.0090875e+005  5.0394775e+005  5.6970275e+005  4.0833775e+005  4.5960975e+005  4.8915975e+005  4.1070000e+005  3.9892875e+005  5.1383450e+005  5.1654925e+005  4.7684425e+005  3.8777225e+005  3.0883300e+005  2.4009450e+005  1.5737225e+005  7.9409150e+004
  1.1538325e+005  4.1678100e+005  4.8966025e+005  4.9980450e+005  5.8884500e+005  4.0975175e+005  4.4892100e+005  4.7918175e+005  4.5223350e+005  3.5522175e+005  5.0684925e+005  5.1300450e+005  4.8456725e+005  3.9799175e+005  3.1198575e+005  2.4360025e+005  1.5983800e+005  8.2314245e+004
  1.1819100e+005  4.3291650e+005  4.8281625e+005  4.9884725e+005  5.8351025e+005  4.3465325e+005  4.3556475e+005  4.7102625e+005  4.8109525e+005  3.2893450e+005  4.9455375e+005  5.0987550e+005  4.8945800e+005  4.0880125e+005  3.1696925e+005  2.4631850e+005  1.6262600e+005  8.4930045e+004
  1.2153175e+005  4.4880775e+005  4.8424850e+005  5.0163825e+005  5.5273300e+005  4.7961225e+005  4.2119725e+005  4.6452150e+005  4.9197775e+005  3.3181350e+005  4.7080775e+005  5.0661975e+005  4.9179900e+005  4.1957325e+005  3.2425575e+005  2.4804900e+005  1.6560050e+005  8.7166030e+004
  1.2509775e+005  4.6302675e+005  4.9460475e+005  5.0434425e+005  5.1788250e+005  5.2601450e+005  4.0856250e+005  4.5895575e+005  4.8955700e+005  3.6125200e+005  4.3425000e+005  5.0222025e+005  4.9202425e+005  4.2976975e+005  3.3294425e+005  2.4991400e+005  1.6891525e+005  8.8937255e+004
  1.2824350e+005  4.7604100e+005  5.1120425e+005  4.9951350e+005  5.0002800e+005  5.6052050e+005  4.0064450e+005  4.5308050e+005  4.8188900e+005  4.0394475e+005  3.9002875e+005  4.9729725e+005  4.9042225e+005  4.3905825e+005  3.4186950e+005  2.5255375e+005  1.7231925e+005  9.0537630e+004
  1.3017250e+005  4.8907200e+005  5.2993150e+005  4.9104650e+005  4.9595500e+005  5.7824350e+005  4.0466900e+005  4.4512925e+005  4.7426725e+005  4.4610225e+005  3.4816525e+005  4.9159525e+005  4.8796650e+005  4.4656675e+005  3.5085650e+005  2.5583500e+005  1.7544700e+005  9.2180895e+004
  1.3033725e+005  5.0126975e+005  5.4912025e+005  4.8720875e+005  4.9640725e+005  5.7146725e+005  4.3032275e+005  4.3440775e+005  4.6840800e+005  4.7590825e+005  3.2324275e+005  4.8071000e+005  4.8573325e+005  4.5158275e+005  3.6009700e+005  2.6031700e+005  1.7792475e+005  9.4422175e+004
  1.2871600e+005  5.1039700e+005  5.6808475e+005  4.9106700e+005  5.0221650e+005  5.4066575e+005  4.7451675e+005  4.2249875e+005  4.6422050e+005  4.8816850e+005  3.2695650e+005  4.5853325e+005  4.8332250e+005  4.5430325e+005  3.6933850e+005  2.6631150e+005  1.7954275e+005  9.6668040e+004
  1.2660875e+005  5.1456325e+005  5.8593975e+005  5.0224400e+005  5.0866800e+005  5.0835050e+005  5.2038525e+005  4.1215900e+005  4.6113800e+005  4.8749825e+005  3.5690875e+005  4.2395900e+005  4.7992125e+005  4.5516950e+005  3.7840250e+005  2.7314625e+005  1.8114400e+005  9.8788660e+004
  1.2515525e+005  5.1358550e+005  6.0264075e+005  5.1789525e+005  5.0685325e+005  4.9481025e+005  5.5453900e+005  4.0563650e+005  4.5727900e+005  4.8152750e+005  3.9976025e+005  3.8211650e+005  4.7600825e+005  4.5447100e+005  3.8694825e+005  2.8005175e+005  1.8325625e+005  1.0096347e+005
  1.2354925e+005  5.0881975e+005  6.1819000e+005  5.3471925e+005  5.0063700e+005  4.9486400e+005  5.7086475e+005  4.0904025e+005  4.5003725e+005  4.7488125e+005  4.4148175e+005  3.4167125e+005  4.7110775e+005  4.5275525e+005  3.9376950e+005  2.8673225e+005  1.8557025e+005  1.0260098e+005
  1.2000000e+005  5.0188725e+005  6.3132675e+005  5.5186600e+005  4.9866800e+005  4.9923100e+005  5.6283100e+005  4.3208700e+005  4.3902350e+005  4.6906175e+005  4.7054475e+005  3.1669375e+005  4.6107950e+005  4.5083275e+005  3.9818625e+005  2.9325200e+005  1.8837800e+005  1.0393075e+005
  1.1358175e+005  4.9420625e+005  6.4064525e+005  5.6939000e+005  5.0248250e+005  5.1196750e+005  5.2883175e+005  4.7363375e+005  4.2570625e+005  4.6422025e+005  4.8302650e+005  3.1756650e+005  4.4117925e+005  4.4926950e+005  4.0081775e+005  2.9977425e+005  1.9217675e+005  1.0441631e+005
  1.0795250e+005  4.8327250e+005  6.4433900e+005  5.8833450e+005  5.1432900e+005  5.2636550e+005  4.9455950e+005  5.1850200e+005  4.1412400e+005  4.6013200e+005  4.8193600e+005  3.4607150e+005  4.0845850e+005  4.4596500e+005  4.0241300e+005  3.0711350e+005  1.9639050e+005  1.0521900e+005
  1.0413450e+005  4.6763400e+005  6.4316400e+005  6.0778600e+005  5.3157500e+005  5.2839450e+005  4.9125000e+005  5.5253650e+005  4.0634950e+005  4.5629500e+005  4.7415650e+005  3.9029100e+005  3.6537500e+005  4.4314500e+005  4.0225200e+005  3.1534050e+005  2.0117850e+005  1.0678890e+005
  9.9054500e+004  4.4863850e+005  6.3894150e+005  6.2632600e+005  5.4922500e+005  5.2419500e+005  5.0601900e+005  5.7514950e+005  4.0574450e+005  4.4954800e+005  4.6751400e+005  4.3419700e+005  3.2280650e+005  4.4075200e+005  4.0161150e+005  3.2235500e+005  2.0682550e+005  1.0888294e+005
  9.5590500e+004  4.2602650e+005  6.2912850e+005  6.4190000e+005  5.6655450e+005  5.1953550e+005  5.1170750e+005  5.7257700e+005  4.2883550e+005  4.3787200e+005  4.6158450e+005  4.6412850e+005  2.9586300e+005  4.3425000e+005  4.0153500e+005  3.2756850e+005  2.1288100e+005  1.1162226e+005
  9.3370500e+004  4.0491250e+005  6.1248400e+005  6.4995800e+005  5.8300500e+005  5.1557800e+005  5.2023850e+005  5.3377400e+005  4.7262900e+005  4.2234700e+005  4.5535900e+005  4.7280450e+005  3.0008550e+005  4.1529150e+005  4.0150450e+005  3.3143300e+005  2.1885000e+005  1.1461311e+005
  8.8947000e+004  3.8868700e+005  5.9327300e+005  6.5018100e+005  6.0093750e+005  5.2214700e+005  5.3152500e+005  4.9437900e+005  5.1603600e+005  4.0829950e+005  4.5036300e+005  4.6865750e+005  3.3231500e+005  3.8190400e+005  3.9971550e+005  3.3400150e+005  2.2502650e+005  1.1791229e+005
  8.5371000e+004  3.7379850e+005  5.7257650e+005  6.4639500e+005  6.1937800e+005  5.3778350e+005  5.2744100e+005  4.8706900e+005  5.4751650e+005  3.9901800e+005  4.4567150e+005  4.6031500e+005  3.7478200e+005  3.4155400e+005  3.9818750e+005  3.3506650e+005  2.3223100e+005  1.2158519e+005
  8.4303000e+004  3.6037850e+005  5.4630500e+005  6.3979450e+005  6.3577450e+005  5.5364400e+005  5.1600300e+005  4.9508100e+005  5.6590450e+005  3.9627450e+005  4.3777450e+005  4.5272250e+005  4.1661000e+005  3.0157450e+005  3.9674600e+005  3.3556850e+005  2.3822050e+005  1.2520361e+005
  8.4743000e+004  3.4938950e+005  5.1875700e+005  6.2917300e+005  6.4895900e+005  5.7061850e+005  5.0870950e+005  4.9782550e+005  5.6178400e+005  4.1876550e+005  4.2601950e+005  4.4655150e+005  4.4499450e+005  2.7662150e+005  3.9147200e+005  3.3674050e+005  2.4283650e+005  1.2905645e+005
  8.8648500e+004  3.4142850e+005  4.9679650e+005  6.1452650e+005  6.5732200e+005  5.9016650e+005  5.0924250e+005  5.0907250e+005  5.2570400e+005  4.6474550e+005  4.1248750e+005  4.4137700e+005  4.5343600e+005  2.8155250e+005  3.7525200e+005  3.3841150e+005  2.4707750e+005  1.3343991e+005
  9.2797000e+004  3.4192300e+005  4.7779900e+005  5.9909700e+005  6.6038500e+005  6.1007050e+005  5.2092950e+005  5.2336200e+005  4.8857450e+005  5.0982250e+005  4.0025650e+005  4.3724850e+005  4.4980500e+005  3.1282800e+005  3.4564550e+005  3.3837750e+005  2.5042700e+005  1.3787016e+005
  9.3755500e+004  3.4906850e+005  4.5843000e+005  5.7959450e+005  6.5731300e+005  6.2637800e+005  5.3712400e+005  5.1917800e+005  4.8038150e+005  5.4037350e+005  3.9092400e+005  4.3244950e+005  4.4128000e+005  3.5289200e+005  3.0903950e+005  3.3774450e+005  2.5238750e+005  1.4287006e+005
  9.1610000e+004  3.5795500e+005  4.4311800e+005  5.5207450e+005  6.5004400e+005  6.4082650e+005  5.5235150e+005  5.0756950e+005  4.8749050e+005  5.5761000e+005  3.8817650e+005  4.2458550e+005  4.3356450e+005  3.9181650e+005  2.7299250e+005  3.3725500e+005  2.5347150e+005  1.4724467e+005
  8.9042500e+004  3.6548550e+005  4.3329150e+005  5.2413100e+005  6.4021350e+005  6.5498750e+005  5.7055850e+005  5.0296650e+005  4.9113050e+005  5.5430650e+005  4.1087900e+005  4.1386950e+005  4.2792800e+005  4.1868450e+005  2.5135800e+005  3.3452400e+005  2.5538700e+005  1.5107097e+005
  8.7912000e+004  3.6708950e+005  4.2946400e+005  5.0124750e+005  6.2624400e+005  6.6401150e+005  5.8976700e+005  5.0574750e+005  5.0325450e+005  5.1929600e+005  4.5629000e+005  4.0121550e+005  4.2318000e+005  4.2702450e+005  2.5701150e+005  3.2218700e+005  2.5823700e+005  1.5449041e+005
  8.7001500e+004  3.6341600e+005  4.3406350e+005  4.8046150e+005  6.0935100e+005  6.6621300e+005  6.0806700e+005  5.1735350e+005  5.1735400e+005  4.8226650e+005  5.0052950e+005  3.8931450e+005  4.1919750e+005  4.2370600e+005  2.8621750e+005  2.9740550e+005  2.6004950e+005  1.5778241e+005
  8.6627500e+004  3.5764500e+005  4.4355850e+005  4.6085350e+005  5.8808950e+005  6.6276850e+005  6.2428300e+005  5.3422000e+005  5.1452600e+005  4.7511550e+005  5.3143200e+005  3.8094500e+005  4.1510100e+005  4.1629200e+005  3.2368800e+005  2.6697500e+005  2.6198800e+005  1.6135329e+005
  8.7298500e+004  3.5372050e+005  4.5232400e+005  4.4700650e+005  5.6135350e+005  6.5875950e+005  6.4157600e+005  5.5193100e+005  5.0598150e+005  4.8419200e+005  5.4949800e+005  3.7967750e+005  4.0840350e+005  4.0979050e+005  3.6017050e+005  2.3725200e+005  2.6475600e+005  1.6438104e+005
  8.8534500e+004  3.5397200e+005  4.5913700e+005  4.3888250e+005  5.3716100e+005  6.5653500e+005  6.6316050e+005  5.7358550e+005  5.0516450e+005  4.8968150e+005  5.4749950e+005  4.0257500e+005  3.9882850e+005  4.0451100e+005  3.8542300e+005  2.1960200e+005  2.6597450e+005  1.6742647e+005
  8.9931500e+004  3.5737100e+005  4.6238550e+005  4.3735350e+005  5.1908700e+005  6.5345200e+005  6.8468900e+005  6.0007150e+005  5.1403150e+005  5.0512050e+005  5.1530200e+005  4.4769800e+005  3.8759000e+005  4.0026500e+005  3.9387000e+005  2.2616000e+005  2.5838000e+005  1.7173569e+005
  9.2655500e+004  3.6284000e+005  4.6225850e+005  4.4558550e+005  5.0168600e+005  6.4856750e+005  7.0154800e+005  6.2900550e+005  5.3271450e+005  5.2408750e+005  4.8128700e+005  4.9275350e+005  3.7719700e+005  3.9735650e+005  3.9140150e+005  2.5347950e+005  2.3935550e+005  1.7613077e+005
  9.4929500e+004  3.6995600e+005  4.6231150e+005  4.5944800e+005  4.8551400e+005  6.3878700e+005  7.1368900e+005  6.5762450e+005  5.5669550e+005  5.2721050e+005  4.7724550e+005  5.2506800e+005  3.7077100e+005  3.9460500e+005  3.8510800e+005  2.8744950e+005  2.1565250e+005  1.8029267e+005
  9.5396500e+004  3.7551450e+005  4.6318050e+005  4.7059300e+005  4.7320850e+005  6.1711650e+005  7.2015100e+005  6.8391150e+005  5.7966500e+005  5.2371200e+005  4.8895600e+005  5.4355000e+005  3.7116300e+005  3.8911150e+005  3.7958900e+005  3.1987350e+005  1.9268550e+005  1.8470485e+005
  9.3873500e+004  3.7870700e+005  4.6351350e+005  4.7726700e+005  4.6321950e+005  5.8802650e+005  7.1643100e+005  7.0539400e+005  6.0051250e+005  5.2344800e+005  4.9543850e+005  5.4140250e+005  3.9393100e+005  3.8079250e+005  3.7499900e+005  3.4222200e+005  1.7966150e+005  1.8795948e+005
  9.0631500e+004  3.7973000e+005  4.6349600e+005  4.7885000e+005  4.5865450e+005  5.6024950e+005  7.0293750e+005  7.1848050e+005  6.2094500e+005  5.2823700e+005  5.0968250e+005  5.0924000e+005  4.3752000e+005  3.7070000e+005  3.7122700e+005  3.5005950e+005  1.8663100e+005  1.8396550e+005
  8.8746000e+004  3.7591300e+005  4.6493400e+005  4.7493950e+005  4.6286150e+005  5.3280900e+005  6.8484900e+005  7.2273150e+005  6.4181150e+005  5.4061200e+005  5.2578950e+005  4.7432950e+005  4.8041250e+005  3.6059900e+005  3.6851000e+005  3.4834200e+005  2.1056550e+005  1.7058500e+005
