  4.6914000e-002  1.9770000e-003  5.9400000e-004  4.8200000e-004  8.5400000e-004  1.2590000e-003  1.3250000e-003  1.5140000e-003  2.0060000e-003  2.9980000e-003  4.3410000e-003  6.9400000e-003  1.1072000e-002  1.7277000e-002  2.8764000e-002  4.8642000e-002  8.4469000e-002  1.4286700e-001
  4.6047000e-002  2.0400000e-003  6.9000000e-004  5.2400000e-004  9.2300000e-004  1.3150000e-003  1.3410000e-003  1.5700000e-003  2.0760000e-003  3.0840000e-003  4.4350000e-003  7.1630000e-003  1.1726000e-002  1.8561000e-002  3.0567000e-002  5.1812000e-002  8.8274000e-002  1.4493300e-001
  4.5085000e-002  1.8150000e-003  5.6300000e-004  4.2000000e-004  9.0100000e-004  1.1420000e-003  1.2950000e-003  1.5330000e-003  2.0490000e-003  2.9170000e-003  4.2770000e-003  6.9310000e-003  1.1463000e-002  1.8029000e-002  2.9082000e-002  4.9773000e-002  8.5651000e-002  1.4437600e-001
  4.3170000e-002  1.8540000e-003  6.1900000e-004  4.7600000e-004  8.6800000e-004  1.2330000e-003  1.2730000e-003  1.5880000e-003  2.0370000e-003  2.8060000e-003  4.3750000e-003  6.9980000e-003  1.1717000e-002  1.8520000e-002  2.9929000e-002  5.1366000e-002  8.7380000e-002  1.4941300e-001
  3.9772000e-002  1.6720000e-003  5.2500000e-004  3.9500000e-004  8.8000000e-004  1.1960000e-003  1.2720000e-003  1.4790000e-003  1.9600000e-003  2.7370000e-003  4.3930000e-003  7.0000000e-003  1.1491000e-002  1.8709000e-002  3.0179000e-002  5.1081000e-002  8.9782000e-002  1.5430100e-001
  3.4836000e-002  1.5050000e-003  5.1700000e-004  3.9700000e-004  9.3000000e-004  1.2370000e-003  1.2690000e-003  1.4960000e-003  1.9330000e-003  2.6700000e-003  4.4260000e-003  6.5150000e-003  1.0981000e-002  1.7858000e-002  2.8571000e-002  4.7980000e-002  8.3472000e-002  1.4536200e-001
  3.1983000e-002  1.5110000e-003  5.0200000e-004  4.0400000e-004  9.1300000e-004  1.2400000e-003  1.1430000e-003  1.4670000e-003  1.9090000e-003  2.7130000e-003  4.3880000e-003  6.7810000e-003  1.1048000e-002  1.8190000e-002  2.9748000e-002  5.0452000e-002  8.7683000e-002  1.5591100e-001
  3.1871000e-002  1.4460000e-003  4.5200000e-004  3.8300000e-004  9.1500000e-004  1.1240000e-003  1.0990000e-003  1.4300000e-003  1.8220000e-003  2.7180000e-003  4.2340000e-003  6.4660000e-003  1.0743000e-002  1.7842000e-002  2.8586000e-002  4.7775000e-002  8.1088000e-002  1.4105000e-001
  2.8674000e-002  1.2340000e-003  4.8600000e-004  3.4800000e-004  8.0800000e-004  1.1270000e-003  1.1200000e-003  1.4140000e-003  1.8340000e-003  2.7650000e-003  4.1160000e-003  6.4150000e-003  1.0724000e-002  1.8370000e-002  2.9225000e-002  4.9013000e-002  8.3541000e-002  1.4287100e-001
  2.4737000e-002  1.2540000e-003  4.8900000e-004  4.1400000e-004  7.3800000e-004  1.0950000e-003  1.1860000e-003  1.4270000e-003  1.8420000e-003  2.7260000e-003  4.0370000e-003  6.4700000e-003  1.0726000e-002  1.8227000e-002  3.0109000e-002  4.9864000e-002  8.5809000e-002  1.4637000e-001
  2.2659000e-002  1.1510000e-003  4.5300000e-004  3.8600000e-004  7.4700000e-004  1.1110000e-003  1.1340000e-003  1.4060000e-003  1.8700000e-003  2.6170000e-003  4.0580000e-003  6.5450000e-003  1.0347000e-002  1.8156000e-002  2.9723000e-002  4.8667000e-002  8.3268000e-002  1.3930100e-001
  2.0985000e-002  1.0710000e-003  4.8100000e-004  4.3800000e-004  7.3900000e-004  1.0840000e-003  1.1130000e-003  1.3370000e-003  1.8350000e-003  2.6490000e-003  3.9430000e-003  6.5420000e-003  1.0404000e-002  1.7994000e-002  3.0249000e-002  4.8775000e-002  8.2887000e-002  1.4050400e-001
  2.0170000e-002  9.8400000e-004  4.6500000e-004  3.8300000e-004  7.8100000e-004  1.1180000e-003  1.0900000e-003  1.3090000e-003  1.8910000e-003  2.7130000e-003  4.1880000e-003  6.8390000e-003  1.0760000e-002  1.8612000e-002  3.1400000e-002  5.2439000e-002  8.9223000e-002  1.5241400e-001
  2.0275000e-002  9.0600000e-004  4.7500000e-004  3.9500000e-004  7.9900000e-004  1.0540000e-003  1.1310000e-003  1.2910000e-003  1.9580000e-003  2.7120000e-003  4.3850000e-003  6.7960000e-003  1.0867000e-002  1.8812000e-002  3.2476000e-002  5.3112000e-002  8.9202000e-002  1.5001500e-001
  1.8722000e-002  8.5900000e-004  4.1000000e-004  3.5800000e-004  8.1800000e-004  1.0480000e-003  1.1200000e-003  1.2690000e-003  1.8350000e-003  2.8900000e-003  4.2410000e-003  6.5010000e-003  1.0807000e-002  1.8471000e-002  3.2548000e-002  5.3879000e-002  8.8039000e-002  1.4570900e-001
  1.8222000e-002  8.2100000e-004  4.3100000e-004  3.4500000e-004  8.0700000e-004  1.0450000e-003  1.0760000e-003  1.2800000e-003  1.8160000e-003  2.7800000e-003  4.1070000e-003  6.2580000e-003  1.0441000e-002  1.7757000e-002  3.0419000e-002  5.1389000e-002  8.5832000e-002  1.4527100e-001
  1.6439000e-002  7.4500000e-004  4.2200000e-004  3.5900000e-004  7.9900000e-004  1.0000000e-003  1.0310000e-003  1.2870000e-003  1.8510000e-003  2.8050000e-003  4.1480000e-003  6.3020000e-003  1.0784000e-002  1.7307000e-002  3.0508000e-002  5.1950000e-002  8.5267000e-002  1.4273800e-001
  1.4897000e-002  7.3100000e-004  4.2700000e-004  3.1800000e-004  7.7100000e-004  9.9600000e-004  1.0160000e-003  1.2410000e-003  1.7490000e-003  2.7690000e-003  4.0590000e-003  6.2740000e-003  1.0650000e-002  1.7014000e-002  2.9689000e-002  5.1402000e-002  8.4891000e-002  1.4136200e-001
  1.5982000e-002  6.9900000e-004  3.5800000e-004  3.1600000e-004  7.1800000e-004  9.6900000e-004  9.7300000e-004  1.2070000e-003  1.6720000e-003  2.6580000e-003  4.1330000e-003  6.5370000e-003  1.0268000e-002  1.6495000e-002  2.9682000e-002  4.9991000e-002  8.3210000e-002  1.3709000e-001
  1.6144000e-002  7.3700000e-004  4.0500000e-004  3.4900000e-004  7.9900000e-004  1.0300000e-003  9.4500000e-004  1.2110000e-003  1.7130000e-003  2.8470000e-003  4.1770000e-003  6.4720000e-003  1.0084000e-002  1.7157000e-002  2.9629000e-002  5.2452000e-002  8.8178000e-002  1.4749300e-001
  1.4592000e-002  6.3500000e-004  3.9300000e-004  3.3100000e-004  8.3100000e-004  1.0700000e-003  1.0340000e-003  1.2540000e-003  1.7270000e-003  2.8280000e-003  4.3420000e-003  6.4210000e-003  9.6490000e-003  1.6779000e-002  2.8981000e-002  5.0913000e-002  8.4474000e-002  1.3916300e-001
  1.4069000e-002  6.5800000e-004  3.4200000e-004  3.1000000e-004  8.8300000e-004  1.0520000e-003  9.8800000e-004  1.2450000e-003  1.6950000e-003  2.8840000e-003  4.3250000e-003  6.2690000e-003  9.6880000e-003  1.6767000e-002  2.7694000e-002  4.8998000e-002  8.1263000e-002  1.3378200e-001
  1.3485000e-002  6.0200000e-004  3.9200000e-004  2.8700000e-004  8.1400000e-004  1.0320000e-003  1.0370000e-003  1.3140000e-003  1.7880000e-003  2.9010000e-003  4.6560000e-003  6.5230000e-003  9.9860000e-003  1.7446000e-002  2.7969000e-002  4.9146000e-002  8.3521000e-002  1.3773200e-001
  1.3118000e-002  6.4400000e-004  3.4100000e-004  2.8700000e-004  8.8900000e-004  1.0520000e-003  9.9500000e-004  1.2470000e-003  1.7720000e-003  2.8280000e-003  4.7790000e-003  6.8040000e-003  1.0461000e-002  1.6920000e-002  2.8149000e-002  4.8809000e-002  8.2829000e-002  1.3680400e-001
  1.2421000e-002  6.7100000e-004  3.3900000e-004  2.9500000e-004  8.3000000e-004  1.0030000e-003  9.7300000e-004  1.2030000e-003  1.7660000e-003  2.8270000e-003  4.5900000e-003  7.1330000e-003  1.0555000e-002  1.6929000e-002  2.8765000e-002  4.9801000e-002  8.5469000e-002  1.4126900e-001
  1.2282000e-002  6.2600000e-004  3.2600000e-004  2.5400000e-004  8.5200000e-004  9.7400000e-004  1.0130000e-003  1.1510000e-003  1.7450000e-003  2.8730000e-003  4.6950000e-003  6.9150000e-003  1.0189000e-002  1.6125000e-002  2.8030000e-002  4.8382000e-002  8.3783000e-002  1.3739400e-001
  1.1634000e-002  6.3700000e-004  3.3900000e-004  2.5800000e-004  8.0800000e-004  9.5000000e-004  1.0290000e-003  1.2250000e-003  1.7650000e-003  2.7280000e-003  4.4270000e-003  7.1490000e-003  1.0108000e-002  1.5756000e-002  2.8309000e-002  4.7001000e-002  8.1700000e-002  1.3630900e-001
  1.0652000e-002  5.6900000e-004  2.8300000e-004  2.6600000e-004  7.4000000e-004  9.0400000e-004  1.0610000e-003  1.1950000e-003  1.6630000e-003  2.5960000e-003  4.2560000e-003  7.1970000e-003  9.9860000e-003  1.5948000e-002  2.7567000e-002  4.5846000e-002  8.0593000e-002  1.3267900e-001
  9.9920000e-003  5.5800000e-004  2.9600000e-004  2.4400000e-004  7.0400000e-004  9.3200000e-004  9.8000000e-004  1.2300000e-003  1.6350000e-003  2.6570000e-003  4.1950000e-003  6.9860000e-003  1.0470000e-002  1.6397000e-002  2.6501000e-002  4.5367000e-002  7.8673000e-002  1.3178300e-001
  9.6080000e-003  5.9900000e-004  2.8400000e-004  2.5800000e-004  6.7200000e-004  9.4600000e-004  9.6600000e-004  1.2100000e-003  1.6450000e-003  2.5860000e-003  4.1730000e-003  6.9680000e-003  1.0414000e-002  1.6406000e-002  2.5865000e-002  4.6135000e-002  8.0568000e-002  1.3688300e-001
  9.1810000e-003  5.5600000e-004  2.6600000e-004  2.3400000e-004  6.6800000e-004  8.3300000e-004  9.1800000e-004  1.2430000e-003  1.5990000e-003  2.6710000e-003  4.2030000e-003  7.1200000e-003  1.0872000e-002  1.6175000e-002  2.5993000e-002  4.7051000e-002  7.9518000e-002  1.3477000e-001
  8.8340000e-003  4.9600000e-004  2.1300000e-004  2.2200000e-004  6.5500000e-004  8.0500000e-004  9.4300000e-004  1.2550000e-003  1.6760000e-003  2.5890000e-003  4.2070000e-003  6.8340000e-003  1.1064000e-002  1.5740000e-002  2.5258000e-002  4.5577000e-002  7.5348000e-002  1.2813800e-001
  7.9340000e-003  5.3400000e-004  2.7600000e-004  2.1000000e-004  5.9800000e-004  8.0400000e-004  9.0600000e-004  1.2340000e-003  1.7310000e-003  2.6880000e-003  4.3280000e-003  7.0880000e-003  1.1306000e-002  1.5952000e-002  2.5896000e-002  4.6071000e-002  7.4711000e-002  1.2597200e-001
  7.3490000e-003  4.0800000e-004  2.4600000e-004  1.8900000e-004  6.6400000e-004  7.8200000e-004  8.4500000e-004  1.2730000e-003  1.7890000e-003  2.5900000e-003  4.1920000e-003  6.7790000e-003  1.1054000e-002  1.6042000e-002  2.5863000e-002  4.2557000e-002  7.1914000e-002  1.2047300e-001
  6.9370000e-003  5.2600000e-004  3.0800000e-004  3.5700000e-004  8.3100000e-004  9.5700000e-004  1.0210000e-003  1.4560000e-003  2.1210000e-003  2.9130000e-003  4.6620000e-003  7.2790000e-003  1.1733000e-002  1.7091000e-002  2.6157000e-002  4.0928000e-002  7.1888000e-002  1.1869800e-001
  5.8870000e-003  4.6700000e-004  2.3900000e-004  2.3200000e-004  8.7200000e-004  9.8900000e-004  1.1130000e-003  1.5160000e-003  2.2610000e-003  3.1250000e-003  4.6860000e-003  7.0560000e-003  1.1197000e-002  1.6886000e-002  2.4959000e-002  3.9732000e-002  7.0262000e-002  1.1505900e-001
  6.5710000e-003  3.6100000e-004  2.3600000e-004  2.0700000e-004  7.1800000e-004  9.3500000e-004  1.0210000e-003  1.4650000e-003  2.1710000e-003  3.1170000e-003  4.4940000e-003  6.6160000e-003  1.0892000e-002  1.6651000e-002  2.3368000e-002  3.7046000e-002  6.6391000e-002  1.0655000e-001
  6.0910000e-003  3.5000000e-004  1.7200000e-004  2.0000000e-004  6.7600000e-004  9.1600000e-004  9.1900000e-004  1.4020000e-003  2.1010000e-003  2.9900000e-003  4.2280000e-003  6.5330000e-003  1.0250000e-002  1.6449000e-002  2.3014000e-002  3.7451000e-002  6.3242000e-002  1.0380400e-001
  6.1380000e-003  3.6800000e-004  1.7300000e-004  1.9700000e-004  7.4900000e-004  8.4900000e-004  8.6800000e-004  1.3100000e-003  2.0360000e-003  3.0280000e-003  4.2480000e-003  6.2990000e-003  9.7550000e-003  1.5625000e-002  2.2634000e-002  3.6537000e-002  5.9465000e-002  9.9111000e-002
  5.5830000e-003  3.5800000e-004  1.7700000e-004  1.7300000e-004  7.1700000e-004  8.8300000e-004  8.0700000e-004  1.2220000e-003  1.9610000e-003  2.8560000e-003  4.0560000e-003  5.8620000e-003  9.1220000e-003  1.4929000e-002  2.2428000e-002  3.4817000e-002  5.5763000e-002  9.8937000e-002
  5.6200000e-003  3.3700000e-004  1.4600000e-004  1.6000000e-004  6.8400000e-004  8.4600000e-004  8.3800000e-004  1.1790000e-003  1.8170000e-003  2.7480000e-003  3.8470000e-003  5.7670000e-003  8.7140000e-003  1.4052000e-002  2.2125000e-002  3.3146000e-002  5.2811000e-002  9.6887000e-002
