  2.7623350e+005  1.1120945e+006  1.1127885e+006  1.1651180e+006  1.5759000e+006  1.2458480e+006  1.0846465e+006  9.9070200e+005  8.0199650e+005  1.0714960e+006  1.3448795e+006  1.3884190e+006  1.2608140e+006  1.0465455e+006  8.9096050e+005  6.4911050e+005  4.2557250e+005  2.0114746e+005
  2.6759300e+005  1.0935535e+006  1.2023145e+006  1.0353515e+006  1.5219380e+006  1.2776295e+006  1.0752530e+006  9.6063550e+005  8.8448750e+005  9.1830700e+005  1.2930175e+006  1.3634170e+006  1.2792030e+006  1.0604560e+006  8.9068200e+005  6.6479400e+005  4.2748350e+005  2.1300182e+005
  2.6367100e+005  1.0730270e+006  1.2677790e+006  9.6690800e+005  1.4524760e+006  1.3213340e+006  1.0646305e+006  9.6437550e+005  9.5499400e+005  7.7046100e+005  1.2460665e+006  1.3415075e+006  1.2902230e+006  1.0795760e+006  8.8858600e+005  6.8033750e+005  4.2977750e+005  2.2130397e+005
  2.7309350e+005  1.0572280e+006  1.3175135e+006  9.2637750e+005  1.3789690e+006  1.3719940e+006  1.0789455e+006  9.9248950e+005  9.8699200e+005  6.7715600e+005  1.1907090e+006  1.3223510e+006  1.2922725e+006  1.0986355e+006  8.9010000e+005  6.9366300e+005  4.3324200e+005  2.2691676e+005
  2.8384950e+005  1.0533035e+006  1.3361810e+006  9.6005600e+005  1.2498020e+006  1.4007960e+006  1.1185755e+006  1.0174070e+006  9.6771850e+005  6.7852050e+005  1.1104625e+006  1.2936710e+006  1.2908760e+006  1.1177255e+006  8.9234800e+005  7.0179500e+005  4.3954450e+005  2.2876630e+005
  2.8848450e+005  1.0609680e+006  1.3269185e+006  1.0589565e+006  1.0806250e+006  1.4038915e+006  1.1594830e+006  1.0259390e+006  9.3118300e+005  7.4897900e+005  9.9545300e+005  1.2501925e+006  1.2790410e+006  1.1350740e+006  9.0030750e+005  7.0790250e+005  4.4966800e+005  2.2918181e+005
  2.9226450e+005  1.0846500e+006  1.3112760e+006  1.1561780e+006  9.7338650e+005  1.3847700e+006  1.2092045e+006  1.0304080e+006  9.1507900e+005  8.3742300e+005  8.6096050e+005  1.2099215e+006  1.2634150e+006  1.1562570e+006  9.1523950e+005  7.0925250e+005  4.6212550e+005  2.2946492e+005
  2.9282700e+005  1.1190385e+006  1.3007220e+006  1.2330515e+006  9.2699050e+005  1.3531440e+006  1.2705255e+006  1.0329080e+006  9.3089550e+005  9.1638100e+005  7.3117600e+005  1.1766755e+006  1.2517315e+006  1.1704210e+006  9.3133850e+005  7.0654150e+005  4.7303650e+005  2.3081469e+005
  2.8920600e+005  1.1439025e+006  1.3025360e+006  1.2846095e+006  8.8888600e+005  1.2871285e+006  1.3028465e+006  1.0413425e+006  9.6468250e+005  9.4756650e+005  6.3873950e+005  1.1280030e+006  1.2345280e+006  1.1713320e+006  9.4116750e+005  7.0233900e+005  4.7670300e+005  2.3467022e+005
  2.7984800e+005  1.1534160e+006  1.3170840e+006  1.3057225e+006  9.2293300e+005  1.1703975e+006  1.3207020e+006  1.0677540e+006  9.9886400e+005  9.2924750e+005  6.3554950e+005  1.0551535e+006  1.2089630e+006  1.1711990e+006  9.5367100e+005  7.0171650e+005  4.7727950e+005  2.3965408e+005
  2.6930200e+005  1.1463165e+006  1.3408825e+006  1.3118400e+006  1.0334965e+006  1.0301455e+006  1.3532685e+006  1.1067770e+006  1.0237020e+006  9.0346250e+005  7.1242100e+005  9.5389350e+005  1.1777105e+006  1.1672585e+006  9.7250550e+005  7.0979100e+005  4.8264200e+005  2.4569548e+005
  2.5607600e+005  1.1241920e+006  1.3739785e+006  1.3076140e+006  1.1357825e+006  9.3871800e+005  1.3522265e+006  1.1564480e+006  1.0350490e+006  8.9388850e+005  8.0450700e+005  8.2736200e+005  1.1450910e+006  1.1567385e+006  9.9381150e+005  7.2282600e+005  4.8610000e+005  2.5289681e+005
  2.4474100e+005  1.0882475e+006  1.4089085e+006  1.3004730e+006  1.2160255e+006  8.9746200e+005  1.3197035e+006  1.2178840e+006  1.0299825e+006  9.1339250e+005  8.8357100e+005  6.9837550e+005  1.1149615e+006  1.1454720e+006  1.0078020e+006  7.3748750e+005  4.8663950e+005  2.5887501e+005
  2.3797000e+005  1.0440275e+006  1.4301710e+006  1.3031900e+006  1.2781330e+006  8.7588300e+005  1.2689210e+006  1.2754360e+006  1.0345255e+006  9.5284950e+005  9.2383850e+005  6.1384400e+005  1.0749230e+006  1.1338400e+006  1.0132890e+006  7.5000700e+005  4.8904550e+005  2.6181502e+005
  2.3300050e+005  1.0023550e+006  1.4308790e+006  1.3191515e+006  1.3090910e+006  9.2297000e+005  1.1705015e+006  1.3186435e+006  1.0631465e+006  9.9033700e+005  9.1417250e+005  6.1911750e+005  1.0100455e+006  1.1147060e+006  1.0150250e+006  7.6208950e+005  4.9154800e+005  2.6370005e+005
  2.3114450e+005  9.6631950e+005  1.4136080e+006  1.3439430e+006  1.3177945e+006  1.0317280e+006  1.0328195e+006  1.3526605e+006  1.1017570e+006  1.0152455e+006  8.8879000e+005  6.9474550e+005  9.1231250e+005  1.0856270e+006  1.0114940e+006  7.7578050e+005  4.9585350e+005  2.6669913e+005
  2.1439100e+005  9.4150800e+005  1.3786110e+006  1.3748510e+006  1.3148745e+006  1.1341565e+006  9.3967350e+005  1.3514140e+006  1.1507990e+006  1.0261615e+006  8.7950500e+005  7.8438000e+005  7.9080950e+005  1.0560625e+006  1.0038785e+006  7.9309950e+005  5.0451600e+005  2.6849203e+005
  1.8765250e+005  9.1125750e+005  1.3316115e+006  1.4079970e+006  1.3082295e+006  1.2153970e+006  8.9539950e+005  1.3187085e+006  1.2118935e+006  1.0206705e+006  8.9900400e+005  8.6111800e+005  6.6740750e+005  1.0294440e+006  9.9636300e+005  8.0526150e+005  5.1546250e+005  2.6987214e+005
  1.7720750e+005  8.6144350e+005  1.2793920e+006  1.4290085e+006  1.3097385e+006  1.2790325e+006  8.6948300e+005  1.2675640e+006  1.2693870e+006  1.0248965e+006  9.3770500e+005  9.0001900e+005  5.8734550e+005  9.9403850e+005  9.8951250e+005  8.1300200e+005  5.2673550e+005  2.7398529e+005
  1.7797900e+005  8.0596550e+005  1.2309275e+006  1.4288385e+006  1.3221380e+006  1.3114900e+006  9.1549450e+005  1.1649250e+006  1.3103395e+006  1.0524220e+006  9.7394050e+005  8.9023450e+005  5.9345200e+005  9.3475800e+005  9.7639800e+005  8.1820900e+005  5.3756550e+005  2.7746562e+005
  1.8619500e+005  7.5296050e+005  1.1919860e+006  1.4100350e+006  1.3436155e+006  1.3198645e+006  1.0253645e+006  1.0239225e+006  1.3414640e+006  1.0896565e+006  9.9776150e+005  8.6529500e+005  6.6647400e+005  8.4372400e+005  9.5382550e+005  8.1791450e+005  5.4881100e+005  2.8113495e+005
  2.0679250e+005  7.2503300e+005  1.1504185e+006  1.3744985e+006  1.3731250e+006  1.3159110e+006  1.1274795e+006  9.3162050e+005  1.3394880e+006  1.1375420e+006  1.0081290e+006  8.5617300e+005  7.5254900e+005  7.3100500e+005  9.3055600e+005  8.1502500e+005  5.6341550e+005  2.8790414e+005
  2.2496300e+005  7.4442200e+005  1.0935505e+006  1.3271885e+006  1.4053725e+006  1.3087095e+006  1.2086020e+006  8.8795450e+005  1.3063380e+006  1.1973055e+006  1.0021275e+006  8.7486200e+005  8.2576800e+005  6.1702650e+005  9.0963750e+005  8.1211000e+005  5.7429350e+005  2.9546681e+005
  2.3094000e+005  7.9227050e+005  1.0332555e+006  1.2747350e+006  1.4259825e+006  1.3097765e+006  1.2715295e+006  8.6217050e+005  1.2548015e+006  1.2533960e+006  1.0053865e+006  9.1185050e+005  8.6249100e+005  5.4373900e+005  8.7953800e+005  8.0909500e+005  5.8072350e+005  3.0230400e+005
  2.3741900e+005  8.4501950e+005  9.7885400e+005  1.2262830e+006  1.4263605e+006  1.3228955e+006  1.3025145e+006  9.0711650e+005  1.1523805e+006  1.2932815e+006  1.0319410e+006  9.4630150e+005  8.5278600e+005  5.5121400e+005  8.2698500e+005  8.0038250e+005  5.8507450e+005  3.0869529e+005
  2.3728300e+005  8.9490750e+005  9.3418900e+005  1.1909535e+006  1.4089660e+006  1.3416750e+006  1.3045100e+006  1.0139145e+006  1.0109785e+006  1.3232035e+006  1.0678485e+006  9.6857450e+005  8.2861550e+005  6.2021550e+005  7.4506950e+005  7.8282500e+005  5.8564300e+005  3.1586516e+005
  2.3494450e+005  9.2435450e+005  9.2583800e+005  1.1524905e+006  1.3744365e+006  1.3686495e+006  1.2938160e+006  1.1114250e+006  9.1735750e+005  1.3196460e+006  1.1139495e+006  9.7743750e+005  8.1929400e+005  7.0047950e+005  6.4453550e+005  7.6473500e+005  5.8506000e+005  3.2500773e+005
  2.3467050e+005  9.3507550e+005  9.6193450e+005  1.0955695e+006  1.3275050e+006  1.4026105e+006  1.2850960e+006  1.1878850e+006  8.7270550e+005  1.2852740e+006  1.1720210e+006  9.7076250e+005  8.3667650e+005  7.6848950e+005  5.4422250e+005  7.4959650e+005  5.8479550e+005  3.3252667e+005
  2.2885400e+005  9.3926150e+005  1.0141670e+006  1.0339405e+006  1.2743880e+006  1.4209510e+006  1.2829590e+006  1.2442175e+006  8.4505050e+005  1.2321820e+006  1.2260930e+006  9.7382700e+005  8.7146150e+005  8.0244650e+005  4.8097450e+005  7.2738000e+005  5.8529000e+005  3.3829229e+005
  2.2588900e+005  9.2943250e+005  1.0706765e+006  9.7550200e+005  1.2267640e+006  1.4179735e+006  1.2917635e+006  1.2689655e+006  8.8749500e+005  1.1291125e+006  1.2647835e+006  9.9971750e+005  9.0395900e+005  7.9376450e+005  4.9074150e+005  6.8584300e+005  5.8256600e+005  3.4249114e+005
  2.2317600e+005  9.1725200e+005  1.1206265e+006  9.2727850e+005  1.1888700e+006  1.4024145e+006  1.3152910e+006  1.2750010e+006  9.9430750e+005  9.9051400e+005  1.2951710e+006  1.0356020e+006  9.2521600e+005  7.7217600e+005  5.5505450e+005  6.1840800e+005  5.7281750e+005  3.4479482e+005
  2.2242850e+005  9.0666500e+005  1.1494475e+006  9.1756650e+005  1.1481720e+006  1.3747380e+006  1.3512425e+006  1.2731765e+006  1.0934175e+006  9.0006400e+005  1.2922155e+006  1.0816585e+006  9.3320750e+005  7.6427450e+005  6.2722250e+005  5.3454850e+005  5.6218450e+005  3.4755427e+005
  2.1919500e+005  8.9592650e+005  1.1578005e+006  9.5162900e+005  1.0928625e+006  1.3369845e+006  1.3924365e+006  1.2721495e+006  1.1711935e+006  8.5688850e+005  1.2575515e+006  1.1384580e+006  9.2620150e+005  7.8027450e+005  6.8669800e+005  4.5095100e+005  5.5393600e+005  3.5088558e+005
  2.0487900e+005  8.7987150e+005  1.1434780e+006  9.9277150e+005  1.0209450e+006  1.2726970e+006  1.4030305e+006  1.2667815e+006  1.2211005e+006  8.2662300e+005  1.2003650e+006  1.1896385e+006  9.2827300e+005  8.1161300e+005  7.1568900e+005  3.9978650e+005  5.4059200e+005  3.5533164e+005
  1.8843600e+005  8.4470150e+005  1.1109000e+006  1.0307815e+006  9.3960400e+005  1.1652265e+006  1.3531405e+006  1.2442765e+006  1.2236900e+006  8.5497350e+005  1.0904195e+006  1.2209450e+006  9.5068600e+005  8.3880650e+005  7.0760400e+005  4.1039800e+005  5.1214000e+005  3.5802571e+005
  1.4406800e+005  8.0119650e+005  1.0816600e+006  1.0667880e+006  8.7033550e+005  1.0666715e+006  1.2898865e+006  1.2368560e+006  1.2103295e+006  9.4525200e+005  9.4703250e+005  1.2426665e+006  9.8263050e+005  8.5587150e+005  6.8921450e+005  4.6659750e+005  4.6267350e+005  3.5569948e+005
  9.7581500e+004  7.2657700e+005  1.0645705e+006  1.0880920e+006  8.5204500e+005  1.0110375e+006  1.2449005e+006  1.2622610e+006  1.2036745e+006  1.0363255e+006  8.5515900e+005  1.2351365e+006  1.0256335e+006  8.6273950e+005  6.8380050e+005  5.2973150e+005  4.0083550e+005  3.5383357e+005
  8.4465500e+004  6.1732900e+005  1.0518610e+006  1.0943165e+006  8.8569550e+005  9.6427700e+005  1.2011270e+006  1.2962670e+006  1.1993445e+006  1.1085845e+006  8.1319750e+005  1.1986810e+006  1.0794665e+006  8.5618100e+005  6.9972800e+005  5.8159300e+005  3.4064550e+005  3.5434246e+005
  7.9738500e+004  5.0883300e+005  1.0340535e+006  1.0922470e+006  9.3663950e+005  9.1455350e+005  1.1560530e+006  1.3200075e+006  1.2054355e+006  1.1655280e+006  7.9076950e+005  1.1469610e+006  1.1307390e+006  8.6018800e+005  7.2993300e+005  6.0866950e+005  3.0658000e+005  3.5161330e+005
  8.1413000e+004  4.1026350e+005  1.0048210e+006  1.0828310e+006  9.9344800e+005  8.6815500e+005  1.1163785e+006  1.3252520e+006  1.2233450e+006  1.1955995e+006  8.3495400e+005  1.0509250e+006  1.1677295e+006  8.8655800e+005  7.5808350e+005  6.0693900e+005  3.2153200e+005  3.3796700e+005
  8.8684000e+004  3.5326150e+005  9.3922200e+005  1.0718420e+006  1.0431225e+006  8.3232050e+005  1.0821665e+006  1.3127590e+006  1.2489760e+006  1.2047200e+006  9.3569650e+005  9.2207550e+005  1.1960945e+006  9.2200450e+005  7.7650900e+005  5.9699350e+005  3.7124600e+005  3.0898500e+005
