  1.7909000e-002  1.0950000e-003  4.7300000e-004  4.3000000e-004  4.5900000e-004  8.5000000e-004  9.5800000e-004  1.3040000e-003  1.7000000e-003  2.5060000e-003  3.8290000e-003  5.8110000e-003  9.2150000e-003  1.4828000e-002  2.5195000e-002  4.5391000e-002  7.8439000e-002  1.3860500e-001
  1.8457000e-002  1.1060000e-003  4.3300000e-004  4.0000000e-004  6.0800000e-004  8.1100000e-004  8.8300000e-004  1.2140000e-003  1.6010000e-003  2.1890000e-003  3.8220000e-003  5.6880000e-003  8.9590000e-003  1.4209000e-002  2.4328000e-002  4.3472000e-002  7.7630000e-002  1.3274100e-001
  1.7874000e-002  9.8100000e-004  3.5500000e-004  3.2900000e-004  4.6100000e-004  6.1800000e-004  7.7300000e-004  1.0860000e-003  1.4280000e-003  2.2580000e-003  3.2600000e-003  5.6200000e-003  8.5720000e-003  1.4219000e-002  2.3979000e-002  4.2789000e-002  7.3965000e-002  1.2498400e-001
  1.6547000e-002  9.0500000e-004  3.8600000e-004  2.9400000e-004  4.5800000e-004  6.8400000e-004  7.6000000e-004  1.0970000e-003  1.3790000e-003  2.1460000e-003  3.2400000e-003  5.4670000e-003  8.5800000e-003  1.3854000e-002  2.4252000e-002  4.3738000e-002  7.4385000e-002  1.2931400e-001
  1.5018000e-002  8.7700000e-004  3.8000000e-004  3.7100000e-004  3.9300000e-004  5.3500000e-004  7.7500000e-004  1.0220000e-003  1.3660000e-003  2.0720000e-003  3.2740000e-003  5.1480000e-003  8.0250000e-003  1.3495000e-002  2.3395000e-002  4.1391000e-002  7.1639000e-002  1.2834600e-001
  1.5693000e-002  8.4500000e-004  4.5800000e-004  2.7400000e-004  4.2600000e-004  5.7500000e-004  7.3600000e-004  8.2900000e-004  1.3920000e-003  2.0930000e-003  3.2360000e-003  5.1780000e-003  7.9530000e-003  1.2718000e-002  2.2511000e-002  4.0182000e-002  6.9882000e-002  1.2050200e-001
  1.5599000e-002  8.2200000e-004  3.3900000e-004  2.7900000e-004  4.7600000e-004  5.0300000e-004  6.1400000e-004  9.3500000e-004  1.2930000e-003  1.9160000e-003  3.0420000e-003  4.6800000e-003  7.3820000e-003  1.2449000e-002  2.2483000e-002  4.0150000e-002  7.0120000e-002  1.2069000e-001
  1.5742000e-002  7.3800000e-004  3.6900000e-004  3.0900000e-004  4.3700000e-004  5.2500000e-004  6.1800000e-004  8.6600000e-004  1.1780000e-003  1.9380000e-003  3.0270000e-003  4.6780000e-003  7.6660000e-003  1.2979000e-002  2.2354000e-002  4.0504000e-002  7.1760000e-002  1.2228500e-001
  1.3500000e-002  8.0100000e-004  3.2200000e-004  3.1800000e-004  4.2700000e-004  4.1800000e-004  6.0900000e-004  7.8900000e-004  1.3000000e-003  1.9590000e-003  3.0860000e-003  4.6370000e-003  7.3430000e-003  1.2226000e-002  2.1353000e-002  3.8430000e-002  6.8891000e-002  1.1990500e-001
  1.3877000e-002  6.9400000e-004  3.3800000e-004  2.2300000e-004  3.8300000e-004  4.7000000e-004  6.0600000e-004  7.2400000e-004  1.2340000e-003  1.9490000e-003  2.6840000e-003  4.3980000e-003  6.8930000e-003  1.1664000e-002  2.0589000e-002  3.7581000e-002  6.6344000e-002  1.1510800e-001
  1.4179000e-002  7.7500000e-004  3.2600000e-004  2.4800000e-004  4.0700000e-004  4.5200000e-004  6.5900000e-004  8.0200000e-004  1.1840000e-003  1.7650000e-003  3.1240000e-003  4.5660000e-003  6.9960000e-003  1.1744000e-002  2.0396000e-002  3.8991000e-002  6.9451000e-002  1.1875600e-001
  1.3976000e-002  6.7700000e-004  3.6700000e-004  2.7700000e-004  3.4800000e-004  4.6700000e-004  6.3100000e-004  7.1100000e-004  1.0070000e-003  1.5680000e-003  2.9590000e-003  4.4220000e-003  6.6730000e-003  1.1056000e-002  1.9453000e-002  3.6772000e-002  6.6501000e-002  1.1708500e-001
  1.3393000e-002  6.6700000e-004  3.9500000e-004  2.9600000e-004  3.5400000e-004  3.9300000e-004  5.7900000e-004  6.9800000e-004  1.1220000e-003  1.7740000e-003  2.5690000e-003  4.2570000e-003  6.5690000e-003  1.0961000e-002  1.9527000e-002  3.6881000e-002  6.6420000e-002  1.2067000e-001
  1.3597000e-002  5.6700000e-004  2.9200000e-004  2.6900000e-004  4.8200000e-004  4.4700000e-004  5.9400000e-004  8.1100000e-004  1.0220000e-003  1.6410000e-003  2.9130000e-003  4.1440000e-003  6.7280000e-003  1.0658000e-002  1.9767000e-002  3.4481000e-002  6.4636000e-002  1.1232500e-001
  1.3070000e-002  5.8300000e-004  3.0100000e-004  2.3600000e-004  4.0500000e-004  4.6400000e-004  6.2700000e-004  7.5800000e-004  1.1900000e-003  1.6670000e-003  2.7240000e-003  4.3320000e-003  6.3960000e-003  1.1094000e-002  1.8751000e-002  3.4187000e-002  6.2158000e-002  1.0769500e-001
  1.2013000e-002  5.4400000e-004  3.1700000e-004  2.5200000e-004  4.3700000e-004  4.3600000e-004  5.0600000e-004  7.6800000e-004  1.1510000e-003  1.8210000e-003  2.7020000e-003  4.1820000e-003  6.3480000e-003  1.0453000e-002  1.8548000e-002  3.3329000e-002  6.1521000e-002  1.0733000e-001
  1.0575000e-002  5.1600000e-004  3.4200000e-004  2.0700000e-004  4.1000000e-004  5.2800000e-004  4.7200000e-004  7.3200000e-004  1.1350000e-003  1.6640000e-003  2.5430000e-003  3.9750000e-003  6.1020000e-003  1.0148000e-002  1.7519000e-002  3.2873000e-002  6.0927000e-002  1.0576300e-001
  1.1345000e-002  4.5800000e-004  2.5600000e-004  2.3500000e-004  3.1600000e-004  4.6400000e-004  6.0900000e-004  8.2200000e-004  1.0480000e-003  1.7080000e-003  2.6450000e-003  3.8500000e-003  6.0630000e-003  9.7080000e-003  1.7576000e-002  3.1951000e-002  6.1442000e-002  1.0284300e-001
  1.0840000e-002  4.2600000e-004  3.7000000e-004  2.4300000e-004  3.8800000e-004  5.0100000e-004  5.2400000e-004  7.7300000e-004  1.1130000e-003  1.6700000e-003  2.6820000e-003  3.9000000e-003  6.3470000e-003  9.9060000e-003  1.7409000e-002  3.2902000e-002  6.1272000e-002  1.0824800e-001
  9.1880000e-003  4.4600000e-004  2.8800000e-004  2.1300000e-004  4.2500000e-004  4.4100000e-004  5.1800000e-004  7.7400000e-004  1.0950000e-003  1.8580000e-003  2.7680000e-003  4.0480000e-003  6.1740000e-003  1.0499000e-002  1.6811000e-002  3.3071000e-002  5.8924000e-002  1.0357400e-001
  9.5580000e-003  4.0700000e-004  3.6000000e-004  2.1300000e-004  4.6500000e-004  4.7300000e-004  5.1900000e-004  6.5400000e-004  1.1220000e-003  1.6990000e-003  2.6320000e-003  4.0990000e-003  5.8570000e-003  9.7030000e-003  1.6414000e-002  2.9301000e-002  5.4412000e-002  9.6519000e-002
  9.8780000e-003  3.8300000e-004  2.1100000e-004  2.9900000e-004  4.2100000e-004  4.1500000e-004  4.3200000e-004  7.4600000e-004  1.1440000e-003  1.7160000e-003  2.5860000e-003  3.9660000e-003  5.9070000e-003  9.5010000e-003  1.5814000e-002  2.9174000e-002  5.3582000e-002  9.4586000e-002
  8.8590000e-003  4.3800000e-004  2.8100000e-004  1.9100000e-004  3.8700000e-004  4.2400000e-004  5.8200000e-004  6.9800000e-004  1.0700000e-003  1.5470000e-003  2.5080000e-003  3.9570000e-003  5.8260000e-003  9.3470000e-003  1.5861000e-002  2.9140000e-002  5.4186000e-002  9.1473000e-002
  8.8480000e-003  3.6100000e-004  2.5200000e-004  2.5100000e-004  3.7200000e-004  4.3700000e-004  5.0400000e-004  7.4000000e-004  1.0670000e-003  1.5400000e-003  2.4710000e-003  3.8200000e-003  5.5810000e-003  8.9980000e-003  1.5843000e-002  2.8421000e-002  5.2234000e-002  9.0589000e-002
  8.5400000e-003  3.8500000e-004  2.7300000e-004  1.9600000e-004  4.0500000e-004  4.1300000e-004  4.5400000e-004  6.5900000e-004  1.0190000e-003  1.5820000e-003  2.4590000e-003  3.8130000e-003  5.8010000e-003  8.9220000e-003  1.5562000e-002  2.8208000e-002  5.1164000e-002  8.8979000e-002
  7.1820000e-003  3.8800000e-004  2.5100000e-004  2.5900000e-004  4.3700000e-004  3.5400000e-004  5.2000000e-004  7.2300000e-004  9.8100000e-004  1.6740000e-003  2.6190000e-003  3.8820000e-003  5.6820000e-003  8.9340000e-003  1.5388000e-002  2.7276000e-002  5.1978000e-002  9.0438000e-002
  7.2840000e-003  3.0600000e-004  2.3700000e-004  2.0400000e-004  4.5100000e-004  5.0600000e-004  5.4900000e-004  7.4300000e-004  1.0810000e-003  1.6960000e-003  2.2960000e-003  3.7440000e-003  5.5670000e-003  9.2130000e-003  1.4794000e-002  2.7215000e-002  5.0609000e-002  9.1761000e-002
  6.9340000e-003  2.7500000e-004  1.7100000e-004  1.9900000e-004  3.6600000e-004  4.3400000e-004  4.6700000e-004  6.1900000e-004  9.7400000e-004  1.6830000e-003  2.4410000e-003  3.7380000e-003  5.5640000e-003  8.7240000e-003  1.4263000e-002  2.5175000e-002  4.7845000e-002  8.5351000e-002
  6.5800000e-003  3.4200000e-004  1.9100000e-004  1.6300000e-004  3.8200000e-004  4.5700000e-004  4.4900000e-004  6.2500000e-004  9.4900000e-004  1.5370000e-003  2.3420000e-003  3.5900000e-003  5.3060000e-003  8.2220000e-003  1.4334000e-002  2.5758000e-002  4.7899000e-002  8.5408000e-002
  6.5850000e-003  3.7500000e-004  1.8400000e-004  2.0900000e-004  3.3500000e-004  4.1400000e-004  4.8500000e-004  6.8700000e-004  9.0600000e-004  1.6040000e-003  2.1990000e-003  3.8020000e-003  5.7040000e-003  8.4100000e-003  1.4141000e-002  2.4809000e-002  4.6536000e-002  8.4500000e-002
  5.7190000e-003  3.4600000e-004  1.6200000e-004  1.9700000e-004  2.8400000e-004  3.7900000e-004  4.8400000e-004  6.5100000e-004  9.4800000e-004  1.6680000e-003  2.3270000e-003  3.5490000e-003  5.6150000e-003  8.6640000e-003  1.4009000e-002  2.4697000e-002  4.5982000e-002  8.4154000e-002
  6.3930000e-003  2.0700000e-004  1.3500000e-004  1.4700000e-004  3.2500000e-004  3.3000000e-004  4.3200000e-004  5.8100000e-004  8.6300000e-004  1.2600000e-003  2.4300000e-003  3.2040000e-003  5.3760000e-003  8.4540000e-003  1.3638000e-002  2.5328000e-002  4.4103000e-002  8.2487000e-002
  6.4520000e-003  2.8800000e-004  1.5000000e-004  1.4200000e-004  2.7300000e-004  3.3500000e-004  4.2700000e-004  5.8200000e-004  9.1300000e-004  1.3280000e-003  2.1850000e-003  3.4190000e-003  5.4040000e-003  8.0750000e-003  1.3794000e-002  2.3725000e-002  4.2870000e-002  7.8362000e-002
  6.9830000e-003  2.2000000e-004  1.2300000e-004  1.1400000e-004  2.9400000e-004  3.4600000e-004  4.7000000e-004  6.0000000e-004  8.2800000e-004  1.3250000e-003  2.1830000e-003  3.5250000e-003  4.7580000e-003  7.7840000e-003  1.3255000e-002  2.2771000e-002  4.1557000e-002  7.6648000e-002
  5.5760000e-003  2.3200000e-004  1.2300000e-004  1.5500000e-004  2.2900000e-004  3.2500000e-004  4.6300000e-004  6.2300000e-004  7.9400000e-004  1.3680000e-003  1.9950000e-003  3.1670000e-003  5.1000000e-003  8.1810000e-003  1.2376000e-002  2.2328000e-002  4.1301000e-002  7.4604000e-002
  6.4330000e-003  2.8400000e-004  1.0500000e-004  1.5500000e-004  3.0800000e-004  3.2900000e-004  4.3300000e-004  6.7500000e-004  9.2000000e-004  1.2320000e-003  1.8890000e-003  3.3140000e-003  5.1300000e-003  7.8070000e-003  1.3026000e-002  2.2346000e-002  4.2339000e-002  7.5549000e-002
  5.3260000e-003  3.4300000e-004  1.1900000e-004  1.2700000e-004  2.4300000e-004  3.2600000e-004  4.5800000e-004  5.4200000e-004  8.7700000e-004  1.1920000e-003  2.2530000e-003  3.2610000e-003  4.6950000e-003  7.7520000e-003  1.2851000e-002  2.1899000e-002  3.9491000e-002  7.4749000e-002
  5.6180000e-003  3.0400000e-004  1.1100000e-004  1.1500000e-004  2.8600000e-004  3.2800000e-004  4.2200000e-004  6.0300000e-004  8.2500000e-004  1.2650000e-003  2.0460000e-003  3.2440000e-003  4.7610000e-003  7.9620000e-003  1.2297000e-002  2.2006000e-002  3.9134000e-002  7.2410000e-002
  5.1570000e-003  2.6400000e-004  1.2400000e-004  1.1900000e-004  2.8100000e-004  3.9300000e-004  4.7700000e-004  5.4400000e-004  8.8400000e-004  1.3970000e-003  2.2870000e-003  3.0760000e-003  4.8350000e-003  7.7990000e-003  1.2897000e-002  2.2297000e-002  3.9785000e-002  7.3851000e-002
  5.0230000e-003  2.8300000e-004  1.0600000e-004  1.2600000e-004  3.2700000e-004  3.0300000e-004  4.0700000e-004  4.9100000e-004  9.0400000e-004  1.2870000e-003  2.0540000e-003  3.0090000e-003  4.6270000e-003  7.1990000e-003  1.2064000e-002  2.0197000e-002  3.7993000e-002  6.8309000e-002
  5.4380000e-003  2.1800000e-004  1.3100000e-004  1.6500000e-004  2.6800000e-004  3.2500000e-004  4.3300000e-004  5.3700000e-004  7.7500000e-004  1.2470000e-003  2.0370000e-003  2.8790000e-003  5.0830000e-003  7.3250000e-003  1.2071000e-002  2.0804000e-002  3.8329000e-002  7.1402000e-002
  5.6430000e-003  2.6300000e-004  9.6000000e-005  1.7000000e-004  2.4300000e-004  2.5800000e-004  4.1600000e-004  5.2300000e-004  8.1200000e-004  1.2900000e-003  1.9530000e-003  2.9750000e-003  4.8810000e-003  7.6490000e-003  1.2112000e-002  2.0059000e-002  3.7350000e-002  6.9691000e-002
  4.6660000e-003  1.8300000e-004  1.2600000e-004  1.3700000e-004  2.3000000e-004  3.0300000e-004  3.1500000e-004  4.9800000e-004  6.8700000e-004  1.1740000e-003  2.0080000e-003  3.0470000e-003  4.6110000e-003  7.5900000e-003  1.2261000e-002  2.0260000e-002  3.6658000e-002  6.8167000e-002
  4.1000000e-003  2.1600000e-004  1.3000000e-004  1.3700000e-004  2.6800000e-004  3.2700000e-004  3.4900000e-004  5.3200000e-004  7.2900000e-004  1.0680000e-003  1.9520000e-003  2.8210000e-003  4.5700000e-003  7.3060000e-003  1.2097000e-002  2.0120000e-002  3.6846000e-002  7.0030000e-002
  3.9000000e-003  1.5900000e-004  8.3000000e-005  1.2400000e-004  1.9800000e-004  2.4500000e-004  3.7700000e-004  4.3100000e-004  8.1500000e-004  1.1280000e-003  1.9810000e-003  3.0120000e-003  4.5030000e-003  7.2040000e-003  1.1035000e-002  1.9015000e-002  3.3430000e-002  6.4962000e-002
  3.4110000e-003  1.4800000e-004  9.0000000e-005  9.9000000e-005  2.2900000e-004  2.8700000e-004  3.2900000e-004  4.7000000e-004  6.2600000e-004  1.1130000e-003  1.8200000e-003  2.9350000e-003  4.3030000e-003  7.2740000e-003  1.1382000e-002  1.8601000e-002  3.4525000e-002  6.5058000e-002
  3.5810000e-003  1.4900000e-004  1.0100000e-004  1.0600000e-004  1.9100000e-004  2.7100000e-004  3.1200000e-004  4.5700000e-004  6.1900000e-004  9.8600000e-004  1.8300000e-003  2.9470000e-003  4.4710000e-003  6.8850000e-003  1.1064000e-002  1.9316000e-002  3.3351000e-002  6.3648000e-002
  3.0530000e-003  1.9900000e-004  7.5000000e-005  1.2400000e-004  2.4500000e-004  3.1100000e-004  2.6000000e-004  4.5400000e-004  6.1300000e-004  1.0210000e-003  1.5990000e-003  2.8540000e-003  4.1850000e-003  6.5940000e-003  1.0683000e-002  1.8841000e-002  3.2367000e-002  6.3092000e-002
  2.9840000e-003  1.3300000e-004  8.4000000e-005  1.5100000e-004  2.6100000e-004  2.7500000e-004  2.3900000e-004  3.6900000e-004  6.8200000e-004  1.0610000e-003  1.6460000e-003  2.6780000e-003  4.2580000e-003  6.8040000e-003  1.0711000e-002  1.7863000e-002  3.2487000e-002  6.1894000e-002
  2.6180000e-003  1.5200000e-004  1.1100000e-004  9.3000000e-005  1.9900000e-004  2.4000000e-004  2.9500000e-004  3.7300000e-004  5.7100000e-004  1.1400000e-003  1.7700000e-003  2.6160000e-003  4.1310000e-003  6.7240000e-003  1.0777000e-002  1.7836000e-002  3.2980000e-002  6.2490000e-002
  2.8250000e-003  1.1500000e-004  9.3000000e-005  1.2900000e-004  2.3100000e-004  2.4800000e-004  2.5700000e-004  2.8100000e-004  6.5600000e-004  9.3600000e-004  1.6980000e-003  2.7260000e-003  4.4960000e-003  6.8370000e-003  1.0473000e-002  1.7529000e-002  3.1814000e-002  6.1574000e-002
  3.2780000e-003  1.8500000e-004  9.7000000e-005  1.1700000e-004  2.0400000e-004  2.1300000e-004  2.3600000e-004  3.3400000e-004  5.3100000e-004  8.6900000e-004  1.7030000e-003  2.7770000e-003  4.3500000e-003  6.1960000e-003  1.0772000e-002  1.7796000e-002  3.1603000e-002  5.9596000e-002
  3.0900000e-003  1.2900000e-004  7.6000000e-005  8.7000000e-005  2.5100000e-004  2.5200000e-004  2.7600000e-004  3.6400000e-004  5.2700000e-004  8.7100000e-004  1.6200000e-003  2.4850000e-003  4.2980000e-003  6.2630000e-003  1.0538000e-002  1.7793000e-002  3.1612000e-002  6.0341000e-002
