  2.3519000e-002  1.4730000e-003  7.4900000e-004  5.5200000e-004  9.6200000e-004  1.5460000e-003  1.5170000e-003  1.5910000e-003  2.1310000e-003  2.7540000e-003  4.7450000e-003  7.4550000e-003  1.1836000e-002  1.9350000e-002  3.0764000e-002  5.0657000e-002  8.6306000e-002  1.4568900e-001
  2.4201000e-002  1.3480000e-003  7.5700000e-004  5.1500000e-004  1.0360000e-003  1.4110000e-003  1.3560000e-003  1.6310000e-003  1.9120000e-003  2.8990000e-003  4.7020000e-003  7.1990000e-003  1.1708000e-002  1.9044000e-002  2.9940000e-002  4.9521000e-002  8.3232000e-002  1.4233200e-001
  2.2565000e-002  1.3040000e-003  6.9800000e-004  4.7300000e-004  1.0620000e-003  1.3170000e-003  1.3060000e-003  1.6210000e-003  2.0110000e-003  2.8230000e-003  4.3460000e-003  7.2450000e-003  1.1509000e-002  1.8559000e-002  2.9816000e-002  4.7826000e-002  8.1654000e-002  1.3282400e-001
  2.1226000e-002  1.1910000e-003  7.6600000e-004  5.7100000e-004  1.0830000e-003  1.4830000e-003  1.4630000e-003  1.6150000e-003  1.9920000e-003  2.7640000e-003  4.3280000e-003  6.7470000e-003  1.1922000e-002  1.8619000e-002  3.0093000e-002  4.8763000e-002  8.2233000e-002  1.3632900e-001
  2.1737000e-002  1.0960000e-003  5.0000000e-004  4.6300000e-004  8.6300000e-004  1.2800000e-003  1.2460000e-003  1.4390000e-003  1.9380000e-003  2.6770000e-003  4.3650000e-003  6.6710000e-003  1.1147000e-002  1.7968000e-002  3.0441000e-002  4.9949000e-002  8.0446000e-002  1.3554200e-001
  1.9801000e-002  1.1570000e-003  6.2600000e-004  4.5700000e-004  9.7800000e-004  1.2170000e-003  1.1710000e-003  1.4100000e-003  1.8940000e-003  2.5630000e-003  4.0760000e-003  6.7300000e-003  1.1697000e-002  1.8565000e-002  2.9130000e-002  4.8465000e-002  8.0015000e-002  1.3213500e-001
  1.9403000e-002  1.1140000e-003  6.3300000e-004  3.9900000e-004  1.0380000e-003  1.1680000e-003  1.2700000e-003  1.5980000e-003  1.8480000e-003  2.7490000e-003  4.1800000e-003  6.8880000e-003  1.1308000e-002  1.8652000e-002  2.9548000e-002  4.8667000e-002  8.0337000e-002  1.3546500e-001
  1.9905000e-002  1.1500000e-003  6.4600000e-004  5.3300000e-004  9.5400000e-004  1.1510000e-003  1.2730000e-003  1.5450000e-003  1.8300000e-003  2.6150000e-003  4.1650000e-003  7.0770000e-003  1.1435000e-002  1.9287000e-002  3.0372000e-002  4.8810000e-002  8.3331000e-002  1.3630600e-001
  1.8266000e-002  1.0270000e-003  5.5000000e-004  4.1000000e-004  9.8100000e-004  1.0490000e-003  1.1320000e-003  1.3400000e-003  1.7970000e-003  2.4640000e-003  3.7230000e-003  6.3300000e-003  1.0602000e-002  1.8063000e-002  2.9744000e-002  4.7913000e-002  7.9246000e-002  1.3153300e-001
  1.9391000e-002  9.9700000e-004  5.7200000e-004  4.1000000e-004  9.4700000e-004  1.2450000e-003  1.1650000e-003  1.3510000e-003  1.6680000e-003  2.3030000e-003  4.1000000e-003  6.2860000e-003  1.0539000e-002  1.6662000e-002  2.8492000e-002  4.8403000e-002  7.8522000e-002  1.2937000e-001
  1.8836000e-002  9.4800000e-004  5.0700000e-004  3.8200000e-004  8.7800000e-004  1.0720000e-003  1.1380000e-003  1.3500000e-003  1.7150000e-003  2.5720000e-003  3.9480000e-003  6.2370000e-003  1.1420000e-002  1.8653000e-002  3.0463000e-002  5.1216000e-002  8.2432000e-002  1.3621100e-001
  1.8085000e-002  9.1500000e-004  5.0300000e-004  3.7700000e-004  8.7400000e-004  1.0260000e-003  1.1120000e-003  1.3900000e-003  1.7160000e-003  2.2940000e-003  3.7410000e-003  6.4910000e-003  1.0778000e-002  1.8175000e-002  2.9664000e-002  4.8702000e-002  7.8516000e-002  1.3105800e-001
  1.8006000e-002  8.5800000e-004  4.8600000e-004  3.7900000e-004  8.5900000e-004  1.1160000e-003  1.0890000e-003  1.2170000e-003  1.6960000e-003  2.5470000e-003  3.9240000e-003  6.5450000e-003  1.0826000e-002  1.8781000e-002  3.0622000e-002  5.0002000e-002  8.4572000e-002  1.3475900e-001
  1.8040000e-002  7.6700000e-004  5.3000000e-004  3.8300000e-004  9.4600000e-004  1.1490000e-003  1.1060000e-003  1.2510000e-003  1.7170000e-003  2.2860000e-003  3.9880000e-003  6.1700000e-003  1.0916000e-002  1.8743000e-002  2.9241000e-002  4.8524000e-002  8.1410000e-002  1.3701900e-001
  1.6651000e-002  6.9700000e-004  4.8300000e-004  4.2800000e-004  1.0200000e-003  1.1560000e-003  1.1150000e-003  1.2630000e-003  1.8590000e-003  2.5050000e-003  4.0080000e-003  6.3860000e-003  1.1168000e-002  1.7827000e-002  3.0195000e-002  4.8735000e-002  8.0046000e-002  1.3116600e-001
  1.4806000e-002  7.4900000e-004  5.3600000e-004  3.8600000e-004  9.3200000e-004  1.0770000e-003  1.1240000e-003  1.3860000e-003  1.9770000e-003  2.4930000e-003  3.7540000e-003  6.7540000e-003  1.0401000e-002  1.8278000e-002  2.9638000e-002  4.9900000e-002  8.0889000e-002  1.3262000e-001
  1.4656000e-002  7.9800000e-004  4.3600000e-004  3.5600000e-004  9.3900000e-004  1.1470000e-003  9.9200000e-004  1.3010000e-003  1.8670000e-003  2.6600000e-003  4.0290000e-003  6.5870000e-003  1.0305000e-002  1.8135000e-002  3.0215000e-002  4.8362000e-002  8.0259000e-002  1.2749800e-001
  1.4266000e-002  5.9900000e-004  3.9500000e-004  3.1600000e-004  7.5400000e-004  1.0680000e-003  1.2330000e-003  1.4850000e-003  1.8960000e-003  2.8540000e-003  4.1630000e-003  6.6970000e-003  1.0633000e-002  1.8261000e-002  3.0070000e-002  4.8731000e-002  8.0569000e-002  1.2653200e-001
  1.4425000e-002  6.5200000e-004  4.3500000e-004  3.5100000e-004  9.0500000e-004  1.1320000e-003  1.2130000e-003  1.5910000e-003  2.0300000e-003  2.4530000e-003  4.2690000e-003  6.4910000e-003  1.0773000e-002  1.7601000e-002  2.9547000e-002  4.9477000e-002  8.1865000e-002  1.3050700e-001
  1.3646000e-002  6.5900000e-004  4.7000000e-004  3.0300000e-004  9.3700000e-004  1.0530000e-003  1.1850000e-003  1.4160000e-003  1.8240000e-003  2.7200000e-003  4.3030000e-003  6.5020000e-003  1.0885000e-002  1.8374000e-002  3.0527000e-002  5.1118000e-002  8.1059000e-002  1.2804100e-001
  1.2816000e-002  6.4400000e-004  4.5000000e-004  3.5100000e-004  9.4200000e-004  1.0790000e-003  1.1240000e-003  1.4080000e-003  1.7220000e-003  2.7330000e-003  4.1660000e-003  6.6280000e-003  1.0470000e-002  1.7742000e-002  2.8941000e-002  4.7595000e-002  7.5515000e-002  1.1996000e-001
  1.3069000e-002  4.5100000e-004  4.0100000e-004  3.7900000e-004  9.8500000e-004  1.1410000e-003  1.0820000e-003  1.3630000e-003  1.9470000e-003  2.9630000e-003  4.3740000e-003  6.6460000e-003  1.0678000e-002  1.7997000e-002  2.9659000e-002  4.9116000e-002  7.9050000e-002  1.2474500e-001
  1.2765000e-002  5.1100000e-004  4.1300000e-004  3.0300000e-004  9.7500000e-004  1.1560000e-003  1.1530000e-003  1.4140000e-003  1.8110000e-003  2.8070000e-003  4.6200000e-003  6.7650000e-003  1.0888000e-002  1.7347000e-002  2.9462000e-002  4.9229000e-002  7.8877000e-002  1.2415900e-001
  1.0773000e-002  4.7900000e-004  3.2600000e-004  3.0000000e-004  8.9700000e-004  1.1630000e-003  1.0600000e-003  1.3850000e-003  1.8500000e-003  2.8910000e-003  4.2320000e-003  6.7520000e-003  1.0967000e-002  1.7770000e-002  3.0356000e-002  4.8573000e-002  8.0424000e-002  1.2666700e-001
  1.0650000e-002  4.8900000e-004  3.1800000e-004  3.2600000e-004  8.3900000e-004  1.0590000e-003  1.0380000e-003  1.4790000e-003  1.7530000e-003  2.9160000e-003  4.4340000e-003  7.1170000e-003  1.0861000e-002  1.7769000e-002  2.9477000e-002  4.8496000e-002  8.0264000e-002  1.2633100e-001
  9.5530000e-003  4.8700000e-004  3.7900000e-004  2.8400000e-004  8.8500000e-004  1.2820000e-003  1.1310000e-003  1.3270000e-003  1.9520000e-003  2.9400000e-003  4.5340000e-003  6.8550000e-003  1.0797000e-002  1.7884000e-002  2.9953000e-002  4.8311000e-002  8.0068000e-002  1.2678700e-001
  8.8870000e-003  4.3700000e-004  3.3500000e-004  3.3500000e-004  8.0300000e-004  1.1240000e-003  1.1670000e-003  1.3170000e-003  1.9180000e-003  2.8230000e-003  4.3180000e-003  7.0300000e-003  1.1336000e-002  1.8167000e-002  2.9978000e-002  5.0020000e-002  8.0814000e-002  1.2842800e-001
  8.9050000e-003  4.9700000e-004  2.7700000e-004  2.4700000e-004  7.4900000e-004  1.0810000e-003  1.2390000e-003  1.3260000e-003  1.9500000e-003  3.0650000e-003  4.3650000e-003  7.0690000e-003  1.0909000e-002  1.7818000e-002  2.9428000e-002  4.7111000e-002  7.7831000e-002  1.2401300e-001
  8.7310000e-003  3.6800000e-004  3.1500000e-004  2.8900000e-004  8.3300000e-004  1.1350000e-003  1.2210000e-003  1.4020000e-003  1.7890000e-003  2.8940000e-003  4.2910000e-003  6.9430000e-003  1.1056000e-002  1.7714000e-002  2.9298000e-002  4.7674000e-002  7.8180000e-002  1.2261900e-001
  8.6030000e-003  4.5900000e-004  2.8700000e-004  2.1500000e-004  7.8500000e-004  1.0670000e-003  1.1400000e-003  1.3880000e-003  1.9310000e-003  2.6770000e-003  4.4530000e-003  7.1180000e-003  1.1186000e-002  1.7388000e-002  2.8804000e-002  4.8162000e-002  7.8673000e-002  1.2377400e-001
  8.1230000e-003  3.7400000e-004  2.5300000e-004  2.2700000e-004  6.3200000e-004  9.9600000e-004  1.2390000e-003  1.3180000e-003  1.7580000e-003  2.7290000e-003  4.4430000e-003  6.8200000e-003  1.0737000e-002  1.7879000e-002  2.8363000e-002  4.6965000e-002  7.5882000e-002  1.2356400e-001
  7.2580000e-003  3.1400000e-004  2.3600000e-004  2.4900000e-004  6.5500000e-004  1.0030000e-003  1.0280000e-003  1.2260000e-003  1.6370000e-003  2.5770000e-003  4.1110000e-003  6.8130000e-003  1.0572000e-002  1.7144000e-002  2.8774000e-002  4.6145000e-002  7.5945000e-002  1.2249400e-001
  7.1140000e-003  3.6700000e-004  1.9100000e-004  1.4200000e-004  5.9000000e-004  8.2800000e-004  1.0920000e-003  1.2210000e-003  1.7450000e-003  2.4520000e-003  4.0240000e-003  6.2600000e-003  1.0520000e-002  1.6998000e-002  2.7826000e-002  4.4971000e-002  7.3760000e-002  1.1970800e-001
  7.0070000e-003  3.0700000e-004  2.3500000e-004  1.9000000e-004  6.6100000e-004  9.5700000e-004  1.0660000e-003  1.1200000e-003  1.4960000e-003  2.4240000e-003  3.6730000e-003  6.4260000e-003  1.0029000e-002  1.6602000e-002  2.7092000e-002  4.4213000e-002  7.2620000e-002  1.1768100e-001
  7.3280000e-003  2.2600000e-004  1.8800000e-004  2.0700000e-004  6.2100000e-004  9.7700000e-004  1.0760000e-003  1.1960000e-003  1.6180000e-003  2.3350000e-003  3.5770000e-003  6.0350000e-003  9.9360000e-003  1.6270000e-002  2.6457000e-002  4.2801000e-002  7.3009000e-002  1.1444400e-001
  7.4040000e-003  3.0000000e-004  1.9600000e-004  1.7200000e-004  6.1600000e-004  9.1400000e-004  9.2500000e-004  1.1930000e-003  1.5130000e-003  2.2180000e-003  3.6380000e-003  5.9950000e-003  1.0079000e-002  1.6311000e-002  2.7061000e-002  4.3686000e-002  7.2301000e-002  1.1891400e-001
  6.7250000e-003  3.0900000e-004  1.8600000e-004  2.7500000e-004  6.2900000e-004  9.8100000e-004  1.0130000e-003  1.1510000e-003  1.6550000e-003  2.1770000e-003  3.6720000e-003  5.7590000e-003  9.7840000e-003  1.5416000e-002  2.6271000e-002  4.3571000e-002  7.0687000e-002  1.1603200e-001
  6.7740000e-003  3.0800000e-004  1.5900000e-004  2.2000000e-004  6.6200000e-004  9.3200000e-004  1.0970000e-003  1.2070000e-003  1.5050000e-003  2.0680000e-003  3.6030000e-003  5.9760000e-003  9.6840000e-003  1.5196000e-002  2.4846000e-002  4.2616000e-002  6.9773000e-002  1.1309200e-001
  6.8360000e-003  3.0900000e-004  1.6700000e-004  2.3400000e-004  6.3300000e-004  9.6700000e-004  1.0030000e-003  1.2850000e-003  1.5980000e-003  2.2750000e-003  3.3840000e-003  5.6240000e-003  9.2180000e-003  1.5828000e-002  2.5408000e-002  4.1678000e-002  6.9826000e-002  1.1704600e-001
  6.6790000e-003  2.9600000e-004  1.5000000e-004  1.7400000e-004  7.1400000e-004  8.2700000e-004  1.0260000e-003  1.2180000e-003  1.6210000e-003  2.1520000e-003  3.0800000e-003  5.3000000e-003  8.9940000e-003  1.4283000e-002  2.4220000e-002  3.9563000e-002  6.5699000e-002  1.0773800e-001
  6.8310000e-003  3.3300000e-004  1.8500000e-004  1.6500000e-004  6.2600000e-004  8.5800000e-004  9.5600000e-004  1.0810000e-003  1.3740000e-003  2.1000000e-003  3.2050000e-003  5.0050000e-003  9.0370000e-003  1.4392000e-002  2.3191000e-002  4.0060000e-002  6.8121000e-002  1.1009000e-001
  6.6200000e-003  2.5000000e-004  1.3000000e-004  1.2700000e-004  6.3900000e-004  7.8700000e-004  9.5100000e-004  1.1410000e-003  1.4240000e-003  2.1310000e-003  3.2790000e-003  4.9010000e-003  9.1590000e-003  1.4366000e-002  2.3673000e-002  3.8368000e-002  6.6291000e-002  1.0914000e-001
  5.9680000e-003  2.8900000e-004  1.3900000e-004  1.5500000e-004  4.5300000e-004  7.4500000e-004  8.4500000e-004  1.0240000e-003  1.4090000e-003  1.9650000e-003  3.0660000e-003  4.8220000e-003  8.2780000e-003  1.4232000e-002  2.3126000e-002  3.8142000e-002  6.3813000e-002  1.0729300e-001
  5.3760000e-003  2.6800000e-004  1.9100000e-004  1.7400000e-004  4.7900000e-004  7.3000000e-004  7.6400000e-004  9.9400000e-004  1.4310000e-003  1.9840000e-003  2.9430000e-003  4.8620000e-003  8.1290000e-003  1.3305000e-002  2.2711000e-002  3.7289000e-002  6.4806000e-002  1.0803300e-001
  4.7750000e-003  2.5300000e-004  1.2500000e-004  1.4100000e-004  4.3000000e-004  6.6400000e-004  8.0600000e-004  9.8300000e-004  1.4690000e-003  2.0360000e-003  2.8990000e-003  4.5520000e-003  7.7020000e-003  1.2996000e-002  2.1388000e-002  3.5850000e-002  6.0714000e-002  1.0119000e-001
  4.5320000e-003  2.0000000e-004  1.2300000e-004  1.4800000e-004  4.4800000e-004  6.6700000e-004  6.7100000e-004  9.5900000e-004  1.2270000e-003  1.9920000e-003  2.9500000e-003  4.5680000e-003  7.3690000e-003  1.2868000e-002  2.1452000e-002  3.5642000e-002  6.0899000e-002  1.0283800e-001
  4.0150000e-003  2.3800000e-004  1.1200000e-004  1.2700000e-004  3.5900000e-004  5.8600000e-004  7.4500000e-004  8.6800000e-004  1.2110000e-003  1.7910000e-003  2.7360000e-003  4.5600000e-003  6.9130000e-003  1.2500000e-002  2.1193000e-002  3.4300000e-002  5.8125000e-002  1.0251200e-001
  4.0030000e-003  2.2500000e-004  1.7000000e-004  1.0500000e-004  2.9900000e-004  7.0000000e-004  6.5300000e-004  7.8700000e-004  1.2530000e-003  1.7340000e-003  2.6490000e-003  4.4320000e-003  6.9850000e-003  1.2256000e-002  2.0392000e-002  3.4130000e-002  5.7570000e-002  9.9246000e-002
  4.0250000e-003  2.3100000e-004  1.5200000e-004  1.4300000e-004  5.3900000e-004  6.3000000e-004  6.4000000e-004  7.9100000e-004  1.1410000e-003  1.5850000e-003  2.5230000e-003  4.2280000e-003  6.7750000e-003  1.1798000e-002  2.0142000e-002  3.3288000e-002  5.6998000e-002  9.8050000e-002
  4.0260000e-003  1.2500000e-004  1.2800000e-004  1.9000000e-004  3.7100000e-004  6.7000000e-004  7.0100000e-004  7.7200000e-004  1.1220000e-003  1.7170000e-003  2.5780000e-003  4.1530000e-003  6.6920000e-003  1.1140000e-002  1.9235000e-002  3.2968000e-002  5.6492000e-002  9.7155000e-002
  4.0370000e-003  1.3000000e-004  9.8000000e-005  1.3900000e-004  4.7300000e-004  7.6100000e-004  7.3500000e-004  7.5800000e-004  9.8600000e-004  1.5260000e-003  2.5970000e-003  4.0430000e-003  6.2780000e-003  1.0871000e-002  1.8454000e-002  3.1838000e-002  5.4208000e-002  9.3540000e-002
  4.0180000e-003  1.8700000e-004  7.9000000e-005  1.1700000e-004  3.9300000e-004  8.1800000e-004  6.6700000e-004  7.8000000e-004  1.0760000e-003  1.5780000e-003  2.6130000e-003  3.9880000e-003  6.4480000e-003  1.0634000e-002  1.8067000e-002  3.0299000e-002  5.2725000e-002  9.0772000e-002
  3.5620000e-003  2.4500000e-004  5.8000000e-005  1.3000000e-004  4.0300000e-004  7.9900000e-004  6.1500000e-004  7.3700000e-004  9.1300000e-004  1.5370000e-003  2.2720000e-003  3.9090000e-003  6.4640000e-003  1.0365000e-002  1.7825000e-002  3.0224000e-002  5.2412000e-002  9.0922000e-002
