  5.6200835e+004  2.4484141e+005  2.7920430e+005  2.1843730e+005  2.0706700e+005  2.3072340e+005  2.6932150e+005  2.6305260e+005  2.7002460e+005  2.6694120e+005  2.4493920e+005  2.1958940e+005  1.9502380e+005  1.7201690e+005  1.4058700e+005  1.0970230e+005  7.1455900e+004  3.8185500e+004
  5.3567500e+004  2.3785365e+005  2.9590555e+005  2.2481545e+005  2.0544320e+005  2.2691735e+005  2.5928245e+005  2.7106315e+005  2.6798145e+005  2.6908985e+005  2.4805080e+005  2.2399865e+005  1.9845760e+005  1.7460630e+005  1.4424300e+005  1.1160830e+005  7.3263750e+004  3.8269500e+004
  5.2531855e+004  2.2927485e+005  3.0686555e+005  2.3421835e+005  2.0616360e+005  2.2333085e+005  2.5093435e+005  2.7440025e+005  2.6532355e+005  2.7064165e+005  2.5121040e+005  2.2866205e+005  2.0182950e+005  1.7645610e+005  1.4845870e+005  1.1323190e+005  7.5390950e+004  3.9113000e+004
  5.2538620e+004  2.2088736e+005  3.1058880e+005  2.4805360e+005  2.0967955e+005  2.1922630e+005  2.4468590e+005  2.7533535e+005  2.6243085e+005  2.7126930e+005  2.5525135e+005  2.3266640e+005  2.0560465e+005  1.7827345e+005  1.5241930e+005  1.1482030e+005  7.7860150e+004  4.0452000e+004
  5.1416380e+004  2.1429303e+005  3.0823790e+005  2.6391680e+005  2.1627565e+005  2.1511450e+005  2.3883970e+005  2.7589805e+005  2.5921305e+005  2.7033170e+005  2.6021555e+005  2.3641140e+005  2.0897895e+005  1.8128445e+005  1.5503790e+005  1.1700340e+005  8.0408250e+004  4.1873000e+004
  5.0846935e+004  2.0954202e+005  3.0118685e+005  2.8086910e+005  2.2302450e+005  2.1207695e+005  2.3359170e+005  2.7024980e+005  2.6222955e+005  2.6845345e+005  2.6394330e+005  2.4006990e+005  2.1261070e+005  1.8501555e+005  1.5717655e+005  1.1980345e+005  8.2851050e+004  4.3449500e+004
  5.1337265e+004  2.0689272e+005  2.9164065e+005  2.9696580e+005  2.2902020e+005  2.1063495e+005  2.2964960e+005  2.5980220e+005  2.6991115e+005  2.6619895e+005  2.6594060e+005  2.4318080e+005  2.1700940e+005  1.8851035e+005  1.5980205e+005  1.2326825e+005  8.4690550e+004  4.5064000e+004
  5.1431875e+004  2.0583371e+005  2.8205398e+005  3.0765680e+005  2.3776185e+005  2.1151685e+005  2.2670685e+005  2.5176760e+005  2.7345875e+005  2.6364980e+005  2.6758090e+005  2.4648390e+005  2.2173105e+005  1.9191875e+005  1.6179360e+005  1.2722595e+005  8.6038150e+004  4.6771500e+004
  5.1013430e+004  2.0486141e+005  2.7369720e+005  3.1124580e+005  2.5084085e+005  2.1506055e+005  2.2315155e+005  2.4589940e+005  2.7464585e+005  2.6079510e+005  2.6829580e+005  2.5056810e+005  2.2579815e+005  1.9573015e+005  1.6379720e+005  1.3104005e+005  8.7411550e+004  4.8633000e+004
  5.0188500e+004  2.0453739e+005  2.6606295e+005  3.0887215e+005  2.6603705e+005  2.2139490e+005  2.1958025e+005  2.4047270e+005  2.7552380e+005  2.5760405e+005  2.6748895e+005  2.5554630e+005  2.2965065e+005  1.9925770e+005  1.6696020e+005  1.3373315e+005  8.9518900e+004  5.0620500e+004
  4.9593000e+004  2.0393412e+005  2.6084083e+005  3.0193685e+005  2.8238885e+005  2.2765900e+005  2.1701695e+005  2.3570720e+005  2.7024530e+005  2.6065005e+005  2.6573795e+005  2.5932730e+005  2.3340865e+005  2.0300570e+005  1.7078280e+005  1.3575355e+005  9.2036700e+004  5.2320000e+004
  4.9679665e+004  2.0233730e+005  2.5885100e+005  2.9270790e+005  2.9876620e+005  2.3321810e+005  2.1546160e+005  2.3212990e+005  2.6011150e+005  2.6845790e+005  2.6358080e+005  2.6139330e+005  2.3663370e+005  2.0747790e+005  1.7436390e+005  1.3826710e+005  9.5005900e+004  5.3472500e+004
  5.0879665e+004  2.0084670e+005  2.5809780e+005  2.8340200e+005  3.1071310e+005  2.4176580e+005  2.1582610e+005  2.2925770e+005  2.5226390e+005  2.7223690e+005  2.6121430e+005  2.6311370e+005  2.4005780e+005  2.1227090e+005  1.7785540e+005  1.4054070e+005  9.8470500e+004  5.4415500e+004
  5.2831100e+004  2.0102014e+005  2.5692940e+005  2.7504600e+005  3.1551990e+005  2.5516800e+005  2.1892090e+005  2.2554200e+005  2.4651280e+005  2.7366180e+005  2.5853000e+005  2.6398980e+005  2.4422440e+005  2.1644610e+005  1.8164800e+005  1.4286930e+005  1.0184950e+005  5.5563500e+004
  5.6637600e+004  2.0395230e+005  2.5607890e+005  2.6739960e+005  3.1384830e+005  2.7136000e+005  2.2491270e+005  2.2164040e+005  2.4112050e+005  2.7476500e+005  2.5547780e+005  2.6335790e+005  2.4921220e+005  2.2028510e+005  1.8515300e+005  1.4619050e+005  1.0437580e+005  5.7447000e+004
  5.9159500e+004  2.1126157e+005  2.5525780e+005  2.6227120e+005  3.0692830e+005  2.8926070e+005  2.3118230e+005  2.1865420e+005  2.3624260e+005  2.6962720e+005  2.5867730e+005  2.6180700e+005  2.5299540e+005  2.2408300e+005  1.8890200e+005  1.5009930e+005  1.0647890e+005  5.9708500e+004
  5.9116000e+004  2.2098150e+005  2.5420100e+005  2.6046250e+005  2.9756150e+005  3.0691750e+005  2.3743350e+005  2.1716000e+005  2.3269500e+005  2.5963700e+005  2.6657000e+005  2.5988600e+005  2.5515350e+005  2.2742250e+005  1.9341900e+005  1.5368950e+005  1.0905000e+005  6.2220500e+004
  5.8694500e+004  2.2904350e+005  2.5411950e+005  2.5980700e+005  2.8815050e+005  3.1923550e+005  2.4629600e+005  2.1779150e+005  2.2992150e+005  2.5183300e+005  2.7033400e+005  2.5765750e+005  2.5697350e+005  2.3082500e+005  1.9837500e+005  1.5696400e+005  1.1145350e+005  6.5079000e+004
  5.6468300e+004  2.3495583e+005  2.5663566e+005  2.5897284e+005  2.8085617e+005  3.2520917e+005  2.5956233e+005  2.2107917e+005  2.2635516e+005  2.4617933e+005  2.7180967e+005  2.5510916e+005  2.5791616e+005  2.3503983e+005  2.0258401e+005  1.6055567e+005  1.1373500e+005  6.7662000e+004
  5.3311635e+004  2.3558557e+005  2.6410850e+005  2.5871400e+005  2.7518934e+005  3.2646917e+005  2.7604350e+005  2.2749917e+005  2.2277383e+005  2.4113567e+005  2.7309750e+005  2.5218966e+005  2.5750766e+005  2.4000100e+005  2.0635217e+005  1.6393916e+005  1.1669050e+005  6.9443500e+004
  5.2276335e+004  2.3080623e+005  2.7461883e+005  2.5835316e+005  2.7086667e+005  3.2354650e+005  2.9467167e+005  2.3407000e+005  2.2014667e+005  2.3662684e+005  2.6822783e+005  2.5543300e+005  2.5624750e+005  2.4376467e+005  2.1018116e+005  1.6777800e+005  1.2038600e+005  7.1233500e+004
  5.3510500e+004  2.2453100e+005  2.8426550e+005  2.5737900e+005  2.6827400e+005  3.1568950e+005  3.1271500e+005  2.3984000e+005  2.1858500e+005  2.3315200e+005  2.5832550e+005  2.6324000e+005  2.5442650e+005  2.4598700e+005  2.1356000e+005  1.7257650e+005  1.2402050e+005  7.3645500e+004
  5.4166500e+004  2.1902400e+005  2.9133250e+005  2.5690100e+005  2.6601600e+005  3.0417350e+005  3.2461150e+005  2.4767400e+005  2.1865500e+005  2.3013100e+005  2.5035400e+005  2.6683850e+005  2.5210900e+005  2.4778050e+005  2.1686500e+005  1.7749350e+005  1.2707450e+005  7.6185500e+004
  5.3327000e+004  2.1602250e+005  2.9391750e+005  2.5857200e+005  2.6350000e+005  2.9288700e+005  3.2924950e+005  2.5954650e+005  2.2113350e+005  2.2604100e+005  2.4442800e+005  2.6808000e+005  2.4939750e+005  2.4870650e+005  2.2089550e+005  1.8158350e+005  1.3041500e+005  7.8823500e+004
  5.2927500e+004  2.1565850e+005  2.8980200e+005  2.6488750e+005  2.6191900e+005  2.8320250e+005  3.2846700e+005  2.7445300e+005  2.2663250e+005  2.2181350e+005  2.3912500e+005  2.6908700e+005  2.4636100e+005  2.4840900e+005  2.2569800e+005  1.8532800e+005  1.3402200e+005  8.1800500e+004
  5.1700500e+004  2.1670450e+005  2.8288850e+005  2.7440900e+005  2.6085450e+005  2.7704850e+005  3.2330100e+005  2.9184550e+005  2.3237450e+005  2.1867900e+005  2.3440800e+005  2.6407400e+005  2.4938700e+005  2.4727150e+005  2.2937100e+005  1.8900050e+005  1.3780150e+005  8.4807000e+004
  4.9053500e+004  2.1555750e+005  2.7798350e+005  2.8379200e+005  2.5965800e+005  2.7479200e+005  3.1492250e+005  3.0950650e+005  2.3781950e+005  2.1695750e+005  2.3087850e+005  2.5425650e+005  2.5701800e+005  2.4542200e+005  2.3167550e+005  1.9220050e+005  1.4205200e+005  8.7464500e+004
  4.7212500e+004  2.1099450e+005  2.7429250e+005  2.9158100e+005  2.5959750e+005  2.7448650e+005  3.0616150e+005  3.2287250e+005  2.4636000e+005  2.1743700e+005  2.2819550e+005  2.4666400e+005  2.6080350e+005  2.4325700e+005  2.3374600e+005  1.9563300e+005  1.4675500e+005  9.0092000e+004
  4.5975000e+004  2.0474900e+005  2.7172950e+005  2.9516100e+005  2.6180700e+005  2.7381700e+005  2.9824050e+005  3.2973100e+005  2.5929800e+005  2.2049850e+005  2.2456500e+005  2.4120300e+005  2.6235550e+005  2.4091500e+005  2.3497200e+005  1.9985300e+005  1.5095450e+005  9.3031500e+004
  4.6078500e+004  1.9710950e+005  2.7198450e+005  2.9146900e+005  2.6837700e+005  2.7305200e+005  2.9045500e+005  3.3028000e+005  2.7474200e+005  2.2630050e+005  2.2057450e+005  2.3619600e+005  2.6347600e+005  2.3815750e+005  2.3492100e+005  2.0461950e+005  1.5473750e+005  9.5975500e+004
  4.6972000e+004  1.9085000e+005  2.7178700e+005  2.8441400e+005  2.7782200e+005  2.7204950e+005  2.8490150e+005  3.2549400e+005  2.9206950e+005  2.3198550e+005  2.1748100e+005  2.3160950e+005  2.5859950e+005  2.4120750e+005  2.3396550e+005  2.0842250e+005  1.5838200e+005  9.9239500e+004
  4.6543000e+004  1.8826650e+005  2.6705600e+005  2.7897450e+005  2.8656600e+005  2.7008050e+005  2.8236350e+005  3.1693200e+005  3.0936900e+005  2.3723700e+005  2.1566450e+005  2.2815900e+005  2.4908350e+005  2.4862900e+005  2.3240500e+005  2.1086450e+005  1.6164250e+005  1.0304500e+005
  4.5494000e+004  1.8726050e+005  2.5940350e+005  2.7454650e+005  2.9338950e+005  2.6842500e+005  2.8088950e+005  3.0735400e+005  3.2214800e+005  2.4550150e+005  2.1598600e+005  2.2551400e+005  2.4168600e+005  2.5236900e+005  2.3053550e+005  2.1294400e+005  1.6524050e+005  1.0726500e+005
  4.4740500e+004  1.8655650e+005  2.5105700e+005  2.7156550e+005  2.9630950e+005  2.6890000e+005  2.7863550e+005  2.9855550e+005  3.2846250e+005  2.5812200e+005  2.1891450e+005  2.2184500e+005  2.3640350e+005  2.5400450e+005  2.2839400e+005  2.1440000e+005  1.6949200e+005  1.1127900e+005
  4.4953000e+004  1.8521000e+005  2.4334550e+005  2.7170500e+005  2.9236500e+005  2.7419850e+005  2.7656950e+005  2.9034050e+005  3.2883200e+005  2.7334200e+005  2.2459750e+005  2.1787050e+005  2.3157500e+005  2.5520800e+005  2.2604100e+005  2.1478600e+005  1.7404100e+005  1.1512100e+005
  4.6565000e+004  1.8335850e+005  2.3818450e+005  2.7155000e+005  2.8528600e+005  2.8281450e+005  2.7482400e+005  2.8464500e+005  3.2406550e+005  2.9058250e+005  2.3032050e+005  2.1484950e+005  2.2711650e+005  2.5068450e+005  2.2922650e+005  2.1430550e+005  1.7764850e+005  1.1863300e+005
  4.8566500e+004  1.8375550e+005  2.3563650e+005  2.6716750e+005  2.8008800e+005  2.9150750e+005  2.7287050e+005  2.8248150e+005  3.1573550e+005  3.0796500e+005  2.3565050e+005  2.1314450e+005  2.2383100e+005  2.4161100e+005  2.3644950e+005  2.1325050e+005  1.8033900e+005  1.2164600e+005
  5.0303000e+004  1.8740900e+005  2.3439600e+005  2.6026050e+005  2.7616900e+005  2.9902500e+005  2.7224950e+005  2.8194400e+005  3.0670950e+005  3.2097650e+005  2.4393600e+005  2.1364400e+005  2.2137200e+005  2.3451600e+005  2.4015850e+005  2.1186300e+005  1.8288350e+005  1.2483750e+005
  5.2679000e+004  1.9342650e+005  2.3427400e+005  2.5284000e+005  2.7386000e+005  3.0298450e+005  2.7459950e+005  2.8126050e+005  2.9877050e+005  3.2776200e+005  2.5665400e+005  2.1680550e+005  2.1799650e+005  2.2953800e+005  2.4182150e+005  2.1007650e+005  1.8465600e+005  1.2828850e+005
  5.5282500e+004  2.0160750e+005  2.3490200e+005  2.4617700e+005  2.7499650e+005  3.0078850e+005  2.8230000e+005  2.8123950e+005  2.9190450e+005  3.2875300e+005  2.7214250e+005  2.2269300e+005  2.1439850e+005  2.2517750e+005  2.4312500e+005  2.0820600e+005  1.8537750e+005  1.3225400e+005
  5.8398000e+004  2.1073000e+005  2.3629600e+005  2.4213750e+005  2.7576450e+005  2.9555150e+005  2.9319400e+005  2.8144050e+005  2.8776100e+005  3.2474400e+005  2.8964750e+005  2.2851700e+005  2.1169000e+005  2.2127400e+005  2.3919500e+005  2.1162300e+005  1.8533200e+005  1.3580050e+005
  6.0181000e+004  2.2044050e+005  2.3964350e+005  2.4059100e+005  2.7175700e+005  2.9115450e+005  3.0322700e+005  2.8090400e+005  2.8679500e+005  3.1704250e+005  3.0714950e+005  2.3396250e+005  2.1018600e+005  2.1836800e+005  2.3094400e+005  2.1880000e+005  1.8480100e+005  1.3829800e+005
  5.9726000e+004  2.2977550e+005  2.4517150e+005  2.4010950e+005  2.6495700e+005  2.8717600e+005  3.1111050e+005  2.8099050e+005  2.8689850e+005  3.0823750e+005  3.2017150e+005  2.4223000e+005  2.1078450e+005  2.1605850e+005  2.2447850e+005  2.2257800e+005  1.8410300e+005  1.4068900e+005
  5.8480500e+004  2.3638000e+005  2.5361050e+005  2.4057600e+005  2.5792900e+005  2.8469400e+005  3.1519050e+005  2.8388850e+005  2.8667150e+005  3.0061450e+005  3.2692150e+005  2.5480100e+005  2.1401150e+005  2.1286650e+005  2.1999150e+005  2.2430200e+005  1.8307450e+005  1.4245450e+005
  5.6101500e+004  2.3964750e+005  2.6519150e+005  2.4196100e+005  2.5212550e+005  2.8568450e+005  3.1312800e+005  2.9217750e+005  2.8726300e+005  2.9430950e+005  3.2804700e+005  2.7026050e+005  2.2006250e+005  2.0976200e+005  2.1615200e+005  2.2575200e+005  1.8205950e+005  1.4351700e+005
  5.2431000e+004  2.3697450e+005  2.7729800e+005  2.4337600e+005  2.4838400e+005  2.8586650e+005  3.0691400e+005  3.0223350e+005  2.8735650e+005  2.9028450e+005  3.2417150e+005  2.8757750e+005  2.2609500e+005  2.0758300e+005  2.1289100e+005  2.2252900e+005  1.8574500e+005  1.4428250e+005
  4.8265000e+004  2.2809150e+005  2.8737500e+005  2.4594150e+005  2.4632650e+005  2.8094200e+005  3.0092100e+005  3.1048500e+005  2.8592750e+005  2.8907550e+005  3.1646850e+005  3.0467150e+005  2.3150000e+005  2.0639200e+005  2.1044650e+005  2.1529750e+005  1.9265300e+005  1.4461450e+005
  4.5169000e+004  2.1593400e+005  2.9491300e+005  2.5097150e+005  2.4538150e+005  2.7326700e+005  2.9588850e+005  3.1714800e+005  2.8530450e+005  2.8903450e+005  3.0774950e+005  3.1745500e+005  2.3946550e+005  2.0701000e+005  2.0827250e+005  2.0952250e+005  1.9637500e+005  1.4479000e+005
  4.3541500e+004  2.0277850e+005  2.9872100e+005  2.5882250e+005  2.4538550e+005  2.6527350e+005  2.9229500e+005  3.2019500e+005  2.8740150e+005  2.8832950e+005  3.0007700e+005  3.2410400e+005  2.5151800e+005  2.0987800e+005  2.0504150e+005  2.0557450e+005  1.9806300e+005  1.4464750e+005
  4.3140500e+004  1.9075150e+005  2.9780900e+005  2.6870850e+005  2.4561350e+005  2.5829950e+005  2.9181200e+005  3.1663700e+005  2.9405850e+005  2.8775050e+005  2.9331100e+005  3.2496600e+005  2.6624750e+005  2.1520000e+005  2.0163250e+005  2.0193050e+005  1.9926750e+005  1.4420700e+005
  4.3504000e+004  1.8211400e+005  2.9090300e+005  2.7976650e+005  2.4636950e+005  2.5436100e+005  2.9172100e+005  3.1001700e+005  3.0338250e+005  2.8735150e+005  2.8915650e+005  3.2096650e+005  2.8291550e+005  2.2057100e+005  1.9909150e+005  1.9869550e+005  1.9635550e+005  1.4747550e+005
  4.4194500e+004  1.7805150e+005  2.7880600e+005  2.9054900e+005  2.4952600e+005  2.5336700e+005  2.8815700e+005  3.0538800e+005  3.1265650e+005  2.8664050e+005  2.8837750e+005  3.1361600e+005  2.9974350e+005  2.2578300e+005  1.9774300e+005  1.9632700e+005  1.9014450e+005  1.5356250e+005
  4.5595000e+004  1.7762450e+005  2.6477650e+005  2.9886200e+005  2.5532400e+005  2.5352700e+005  2.8233200e+005  3.0196950e+005  3.2059950e+005  2.8689700e+005  2.8893550e+005  3.0547500e+005  3.1266100e+005  2.3372750e+005  1.9841750e+005  1.9421650e+005  1.8544750e+005  1.5678350e+005
