  5.9610665e+004  2.5729204e+005  2.9230340e+005  2.2650020e+005  2.1198640e+005  2.3289880e+005  2.7483890e+005  2.6905730e+005  2.7681140e+005  2.6910500e+005  2.4023400e+005  2.1114240e+005  1.8071370e+005  1.5579380e+005  1.2631830e+005  9.7761000e+004  6.1623200e+004  3.0422000e+004
  5.6888975e+004  2.5001845e+005  3.1051660e+005  2.3296970e+005  2.1130615e+005  2.2820470e+005  2.6396445e+005  2.7709035e+005  2.7406375e+005  2.7322560e+005  2.4393485e+005  2.1600285e+005  1.8510205e+005  1.5741975e+005  1.2935135e+005  9.8942900e+004  6.3563200e+004  3.0826500e+004
  5.5708945e+004  2.4148347e+005  3.2234300e+005  2.4286300e+005  2.1282235e+005  2.2479020e+005  2.5503725e+005  2.8012525e+005  2.7099545e+005  2.7592840e+005  2.4804765e+005  2.2097085e+005  1.8948875e+005  1.5898505e+005  1.3270745e+005  9.9738300e+004  6.5750600e+004  3.1813500e+004
  5.5810635e+004  2.3335885e+005  3.2629350e+005  2.5733475e+005  2.1688345e+005  2.2117780e+005  2.4809875e+005  2.8105590e+005  2.6750795e+005  2.7746925e+005  2.5322110e+005  2.2529555e+005  1.9394755e+005  1.6086780e+005  1.3601820e+005  1.0054740e+005  6.7921200e+004  3.3233000e+004
  5.4509895e+004  2.2713920e+005  3.2375600e+005  2.7445275e+005  2.2354325e+005  2.1788690e+005  2.4156065e+005  2.8144010e+005  2.6419615e+005  2.7679845e+005  2.5934220e+005  2.2979795e+005  1.9789335e+005  1.6408320e+005  1.3771740e+005  1.0208820e+005  6.9784500e+004  3.4676500e+004
  5.3759595e+004  2.2214546e+005  3.1642140e+005  2.9319830e+005  2.3009175e+005  2.1609535e+005  2.3578720e+005  2.7517060e+005  2.6770115e+005  2.7432825e+005  2.6495215e+005  2.3398990e+005  2.0198325e+005  1.6820870e+005  1.3855205e+005  1.0422970e+005  7.1348450e+004  3.6101500e+004
  5.4718920e+004  2.1909673e+005  3.0666741e+005  3.1093060e+005  2.3599195e+005  2.1575715e+005  2.3150070e+005  2.6413670e+005  2.7545485e+005  2.7138625e+005  2.6885085e+005  2.3752160e+005  2.0667685e+005  1.7221530e+005  1.4014225e+005  1.0689010e+005  7.2248150e+004  3.7458500e+004
  5.4516840e+004  2.1827525e+005  2.9701384e+005  3.2259900e+005  2.4517725e+005  2.1723810e+005  2.2854920e+005  2.5572500e+005  2.7867650e+005  2.6841170e+005  2.7155265e+005  2.4159515e+005  2.1151610e+005  1.7620225e+005  1.4156830e+005  1.0974720e+005  7.2694800e+004  3.8851000e+004
  5.3785485e+004  2.1717336e+005  2.8901429e+005  3.2657400e+005  2.5894925e+005  2.2110220e+005  2.2533880e+005  2.4935000e+005  2.7990590e+005  2.6501770e+005  2.7318325e+005  2.4675985e+005  2.1569980e+005  1.8039705e+005  1.4324830e+005  1.1254120e+005  7.3211400e+004  4.0179000e+004
  5.3500700e+004  2.1654745e+005  2.8162963e+005  3.2408350e+005  2.7548675e+005  2.2734625e+005  2.2230440e+005  2.4351565e+005  2.8058285e+005  2.6184465e+005  2.7264470e+005  2.5290820e+005  2.2012020e+005  1.8433985e+005  1.4612445e+005  1.1406540e+005  7.4537200e+004  4.1406500e+004
  5.2429000e+004  2.1632670e+005  2.7606527e+005  3.1685340e+005  2.9377655e+005  2.3329425e+005  2.2058210e+005  2.3848145e+005  2.7464835e+005  2.6548815e+005  2.7029950e+005  2.5847490e+005  2.2422640e+005  1.8829375e+005  1.4976145e+005  1.1458230e+005  7.6254200e+004  4.2344500e+004
  5.2252665e+004  2.1419210e+005  2.7417610e+005  3.0742150e+005  3.1234260e+005  2.3975010e+005  2.2032570e+005  2.3458900e+005  2.6402010e+005  2.7337010e+005  2.6756710e+005  2.6235460e+005  2.2772880e+005  1.9264930e+005  1.5338340e+005  1.1567030e+005  7.8269400e+004  4.2809000e+004
  5.3664235e+004  2.1218590e+005  2.7345330e+005  2.9798990e+005  3.2576050e+005  2.5097630e+005  2.2219630e+005  2.3173890e+005  2.5593130e+005  2.7678760e+005  2.6477570e+005  2.6507120e+005  2.3187020e+005  1.9719280e+005  1.5703240e+005  1.1681460e+005  8.0280600e+004  4.3132500e+004
  5.5940870e+004  2.1238395e+005  2.7185990e+005  2.9002000e+005  3.3070250e+005  2.6723150e+005  2.2703160e+005  2.2858260e+005  2.4980510e+005  2.7819950e+005  2.6151480e+005  2.6675810e+005  2.3689720e+005  2.0103730e+005  1.6088150e+005  1.1822780e+005  8.2035200e+004  4.3286500e+004
  5.9831635e+004  2.1515657e+005  2.7125350e+005  2.8269990e+005  3.2829440e+005  2.8628540e+005  2.3504990e+005  2.2567250e+005  2.4414880e+005  2.7898220e+005  2.5845130e+005  2.6635700e+005  2.4274560e+005  2.0506900e+005  1.6430420e+005  1.2058240e+005  8.3009400e+004  4.3982500e+004
  6.2287835e+004  2.2285842e+005  2.7043580e+005  2.7724630e+005  3.2067730e+005  3.0635510e+005  2.4373590e+005  2.2435280e+005  2.3919940e+005  2.7315220e+005  2.6214460e+005  2.6411000e+005  2.4816480e+005  2.0898620e+005  1.6768920e+005  1.2356140e+005  8.3395900e+004  4.5166000e+004
  6.2647500e+004  2.3320050e+005  2.6854850e+005  2.7554550e+005  3.1091800e+005  3.2524000e+005  2.5299150e+005  2.2515100e+005  2.3566900e+005  2.6275700e+005  2.7003600e+005  2.6141250e+005  2.5200050e+005  2.1235900e+005  1.7156700e+005  1.2666500e+005  8.4260000e+004  4.6522500e+004
  6.2271500e+004  2.4204700e+005  2.6812150e+005  2.7495100e+005  3.0104550e+005  3.3708950e+005  2.6448500e+005  2.2763750e+005  2.3308550e+005  2.5471150e+005  2.7338900e+005  2.5863050e+005  2.5464500e+005  2.1618750e+005  1.7567250e+005  1.2968500e+005  8.5207500e+004  4.7970000e+004
  5.9663100e+004  2.4835650e+005  2.7103400e+005  2.7367900e+005  2.9394983e+005  3.4195417e+005  2.7946783e+005  2.3251016e+005  2.3005834e+005  2.4863666e+005  2.7478050e+005  2.5544766e+005  2.5619351e+005  2.2097316e+005  1.7917667e+005  1.3271834e+005  8.6297500e+004  4.9134000e+004
  5.6430100e+004  2.4886014e+005  2.7843683e+005  2.7369033e+005  2.8830333e+005  3.4291100e+005  2.9799966e+005  2.4073667e+005  2.2753967e+005  2.4337066e+005  2.7560667e+005  2.5253983e+005  2.5578734e+005  2.2662083e+005  1.8262583e+005  1.3537433e+005  8.7820830e+004  4.9673000e+004
  5.5273500e+004  2.4392714e+005  2.8917483e+005  2.7342633e+005  2.8354351e+005  3.3931383e+005  3.1859283e+005  2.4920151e+005  2.2649683e+005  2.3890400e+005  2.7002667e+005  2.5617417e+005  2.5377933e+005  2.3179766e+005  1.8608016e+005  1.3820350e+005  8.9986330e+004  5.0074000e+004
  5.6409000e+004  2.3703700e+005  2.9955550e+005  2.7167100e+005  2.8116700e+005  3.2956700e+005  3.3719300e+005  2.5672100e+005  2.2649900e+005  2.3521650e+005  2.5969550e+005  2.6376450e+005  2.5121900e+005  2.3543450e+005  1.8917950e+005  1.4153600e+005  9.2470000e+004  5.0813000e+004
  5.7286500e+004  2.3077750e+005  3.0724750e+005  2.7089700e+005  2.7906700e+005  3.1579900e+005  3.4768800e+005  2.6599400e+005  2.2753400e+005  2.3190750e+005  2.5131600e+005  2.6676250e+005  2.4835200e+005  2.3777600e+005  1.9259800e+005  1.4486600e+005  9.4590500e+004  5.1504500e+004
  5.6344000e+004  2.2753700e+005  3.0980300e+005  2.7293950e+005  2.7646100e+005  3.0351450e+005  3.4997650e+005  2.7874950e+005  2.3084250e+005  2.2791450e+005  2.4476200e+005  2.6762600e+005  2.4499450e+005  2.3904750e+005  1.9672350e+005  1.4774750e+005  9.6685500e+004  5.2287000e+004
  5.5882500e+004  2.2696700e+005  3.0546800e+005  2.7912400e+005  2.7543750e+005  2.9375550e+005  3.4673000e+005  2.9486000e+005  2.3731550e+005  2.2430800e+005  2.3885600e+005  2.6792450e+005  2.4189950e+005  2.3861050e+005  2.0159750e+005  1.5076200e+005  9.8787500e+004  5.3265000e+004
  5.4500000e+004  2.2794050e+005  2.9833500e+005  2.8876650e+005  2.7466300e+005  2.8781600e+005  3.3957200e+005  3.1354650e+005  2.4434150e+005  2.2243550e+005  2.3379400e+005  2.6213600e+005  2.4514150e+005  2.3655700e+005  2.0620250e+005  1.5363600e+005  1.0089800e+005  5.4420500e+004
  5.1631500e+004  2.2660450e+005  2.9272700e+005  2.9886300e+005  2.7279100e+005  2.8658900e+005  3.3002800e+005  3.3173000e+005  2.5125550e+005  2.2210850e+005  2.2997450e+005  2.5190300e+005  2.5226650e+005  2.3389550e+005  2.0942750e+005  1.5603550e+005  1.0317150e+005  5.5710000e+004
  4.9856000e+004  2.2137600e+005  2.8852600e+005  3.0734000e+005  2.7243750e+005  2.8681900e+005  3.2039950e+005  3.4469900e+005  2.6155000e+005  2.2376600e+005  2.2724150e+005  2.4402050e+005  2.5518550e+005  2.3123550e+005  2.1154200e+005  1.5899000e+005  1.0583700e+005  5.7017000e+004
  4.8443000e+004  2.1482300e+005  2.8564500e+005  3.1092500e+005  2.7500600e+005  2.8553200e+005  3.1209850e+005  3.5025250e+005  2.7606900e+005  2.2804950e+005  2.2399800e+005  2.3809350e+005  2.5614200e+005  2.2830150e+005  2.1278300e+005  1.6267750e+005  1.0829450e+005  5.8452000e+004
  4.8357000e+004  2.0685250e+005  2.8557600e+005  3.0703300e+005  2.8152850e+005  2.8487850e+005  3.0440450e+005  3.4881250e+005  2.9313450e+005  2.3498350e+005  2.2074650e+005  2.3251600e+005  2.5643950e+005  2.2554300e+005  2.1247400e+005  1.6682000e+005  1.1047200e+005  5.9810000e+004
  4.9380500e+004  2.0028450e+005  2.8504000e+005  2.9962750e+005  2.9118950e+005  2.8404500e+005  2.9851800e+005  3.4211400e+005  3.1169350e+005  2.4184050e+005  2.1879350e+005  2.2758450e+005  2.5080800e+005  2.2862100e+005  2.1073850e+005  1.7078050e+005  1.1262400e+005  6.1257500e+004
  4.8819500e+004  1.9767250e+005  2.7992650e+005  2.9341750e+005  3.0078700e+005  2.8125550e+005  2.9573400e+005  3.3193400e+005  3.2935400e+005  2.4831950e+005  2.1823300e+005  2.2383600e+005  2.4103700e+005  2.3535200e+005  2.0855200e+005  1.7362600e+005  1.1484150e+005  6.2901500e+004
  4.7836500e+004  1.9630050e+005  2.7193550e+005  2.8837550e+005  3.0844150e+005  2.7904150e+005  2.9384300e+005  3.2095950e+005  3.4152200e+005  2.5813150e+005  2.1965900e+005  2.2109950e+005  2.3362250e+005  2.3813250e+005  2.0648200e+005  1.7558350e+005  1.1758250e+005  6.4753000e+004
  4.7430500e+004  1.9546500e+005  2.6340150e+005  2.8490300e+005  3.1144550e+005  2.7994800e+005  2.9089900e+005  3.1163150e+005  3.4621300e+005  2.7226850e+005  2.2377600e+005  2.1789100e+005  2.2807150e+005  2.3907650e+005  2.0412450e+005  1.7715150e+005  1.2078350e+005  6.6585500e+004
  4.7672500e+004  1.9459950e+005  2.5531900e+005  2.8472600e+005  3.0744250e+005  2.8568800e+005  2.8910200e+005  3.0341200e+005  3.4434350e+005  2.8907700e+005  2.3063200e+005  2.1474800e+005  2.2294850e+005  2.3947800e+005  2.0187650e+005  1.7768700e+005  1.2435000e+005  6.8485000e+004
  4.9349500e+004  1.9323600e+005  2.4991800e+005  2.8440500e+005  3.0017650e+005  2.9539800e+005  2.8763000e+005  2.9743700e+005  3.3772650e+005  3.0753900e+005  2.3751350e+005  2.1300450e+005  2.1836700e+005  2.3447550e+005  2.0497200e+005  1.7672500e+005  1.2782800e+005  7.0259500e+004
  5.1367500e+004  1.9428650e+005  2.4722900e+005  2.7985000e+005  2.9429750e+005  3.0571050e+005  2.8540000e+005  2.9534050e+005  3.2816000e+005  3.2521750e+005  2.4403600e+005  2.1269550e+005  2.1485850e+005  2.2575900e+005  2.1129650e+005  1.7524950e+005  1.3050000e+005  7.1948000e+004
  5.2761000e+004  1.9836050e+005  2.4592850e+005  2.7278300e+005  2.8983450e+005  3.1432250e+005  2.8525650e+005  2.9490350e+005  3.1821600e+005  3.3753900e+005  2.5392850e+005  2.1434950e+005  2.1243200e+005  2.1921850e+005  2.1409150e+005  1.7399450e+005  1.3248100e+005  7.4116500e+004
  5.5495000e+004  2.0415850e+005  2.4617550e+005  2.6533850e+005  2.8730250e+005  3.1851900e+005  2.8902300e+005  2.9404900e+005  3.1037900e+005  3.4288700e+005  2.6837000e+005  2.1868600e+005  2.0966750e+005  2.1425700e+005  2.1533300e+005  1.7240350e+005  1.3414850e+005  7.6324500e+004
  5.8587500e+004  2.1255200e+005  2.4732300e+005  2.5853700e+005  2.8841700e+005  3.1676300e+005  2.9815700e+005  2.9485050e+005  3.0409800e+005  3.4208850e+005  2.8568450e+005  2.2583850e+005  2.0703750e+005  2.0963250e+005  2.1621300e+005  1.7100350e+005  1.3501400e+005  7.9063500e+004
  6.1528000e+004  2.2221150e+005  2.4922600e+005  2.5449850e+005  2.8911900e+005  3.1119500e+005  3.1059400e+005  2.9595600e+005  2.9992650e+005  3.3661750e+005  3.0452200e+005  2.3300300e+005  2.0572750e+005  2.0565650e+005  2.1244750e+005  1.7434200e+005  1.3471150e+005  8.2023500e+004
  6.3497500e+004  2.3221300e+005  2.5324450e+005  2.5285300e+005  2.8499100e+005  3.0501350e+005  3.2189450e+005  2.9545000e+005  2.9920950e+005  3.2805200e+005  3.2236800e+005  2.3973200e+005  2.0571350e+005  2.0276950e+005  2.0514150e+005  1.8053500e+005  1.3415350e+005  8.4162500e+004
  6.3240500e+004  2.4239950e+005  2.5896050e+005  2.5216700e+005  2.7817150e+005  2.9944350e+005  3.3030550e+005  2.9592050e+005  2.9961350e+005  3.1861350e+005  3.3467800e+005  2.4970750e+005  2.0753250e+005  2.0077450e+005  1.9952050e+005  1.8357050e+005  1.3396300e+005  8.5877000e+004
  6.1494500e+004  2.4974350e+005  2.6756300e+005  2.5289800e+005  2.7117250e+005  2.9598300e+005  3.3363300e+005  2.9978300e+005  2.9918100e+005  3.1098600e+005  3.3986250e+005  2.6389200e+005  2.1197150e+005  1.9843550e+005  1.9534450e+005  1.8522350e+005  1.3337700e+005  8.7422500e+004
  5.8575000e+004  2.5283800e+005  2.7980450e+005  2.5497250e+005  2.6506200e+005  2.9660300e+005  3.2998750e+005  3.0835200e+005  3.0025950e+005  3.0505250e+005  3.3906250e+005  2.8077450e+005  2.1917200e+005  1.9639200e+005  1.9164250e+005  1.8657300e+005  1.3297750e+005  8.8526000e+004
  5.5096500e+004  2.4951300e+005  2.9228250e+005  2.5704200e+005  2.6110550e+005  2.9677350e+005  3.2187350e+005  3.1902900e+005  3.0066450e+005  3.0064300e+005  3.3355800e+005  2.9904250e+005  2.2636400e+005  1.9568200e+005  1.8868550e+005  1.8383600e+005  1.3660150e+005  8.8898000e+004
  5.0762500e+004  2.3978550e+005  3.0292350e+005  2.6024900e+005  2.5878500e+005  2.9196800e+005  3.1404000e+005  3.2835400e+005  2.9885000e+005  2.9928700e+005  3.2492150e+005  3.1625000e+005  2.3302600e+005  1.9609900e+005  1.8653600e+005  1.7819450e+005  1.4242350e+005  8.9060000e+004
  4.7412500e+004  2.2649550e+005  3.1154550e+005  2.6549750e+005  2.5766750e+005  2.8428850e+005  3.0763000e+005  3.3548700e+005  2.9852150e+005  2.9938100e+005  3.1560250e+005  3.2828350e+005  2.4267600e+005  1.9804700e+005  1.8505700e+005  1.7393650e+005  1.4553400e+005  8.9615000e+004
  4.6165500e+004  2.1245850e+005  3.1546550e+005  2.7350400e+005  2.5793450e+005  2.7611600e+005  3.0314250e+005  3.3775900e+005  3.0146400e+005  2.9847150e+005  3.0792100e+005  3.3347450e+005  2.5636300e+005  2.0239850e+005  1.8313450e+005  1.7068150e+005  1.4745950e+005  9.0003500e+004
  4.5660000e+004  2.0048400e+005  3.1363050e+005  2.8389750e+005  2.5874000e+005  2.6854450e+005  3.0220900e+005  3.3283950e+005  3.0837350e+005  2.9821450e+005  3.0136000e+005  3.3257250e+005  2.7259050e+005  2.0934750e+005  1.8120700e+005  1.6765050e+005  1.4886000e+005  9.0327000e+004
  4.6036500e+004  1.9162850e+005  3.0605800e+005  2.9523900e+005  2.6026650e+005  2.6418550e+005  3.0193750e+005  3.2456900e+005  3.1847050e+005  2.9811150e+005  2.9684500e+005  3.2723300e+005  2.9035900e+005  2.1634900e+005  1.8064400e+005  1.6532900e+005  1.4708350e+005  9.3571500e+004
  4.6989000e+004  1.8757350e+005  2.9285000e+005  3.0652300e+005  2.6429450e+005  2.6281050e+005  2.9838200e+005  3.1806900e+005  3.2892550e+005  2.9724800e+005  2.9621200e+005  3.1921200e+005  3.0754550e+005  2.2299400e+005  1.8152600e+005  1.6392500e+005  1.4342350e+005  9.8475000e+004
  4.8244500e+004  1.8766900e+005  2.7744150e+005  3.1588700e+005  2.7031950e+005  2.6279150e+005  2.9250200e+005  3.1339800e+005  3.3739750e+005  2.9788500e+005  2.9710100e+005  3.1058700e+005  3.1979850e+005  2.3270050e+005  1.8396800e+005  1.6325350e+005  1.4075800e+005  1.0128650e+005
