  3.2992786e-002  1.3942197e-003  6.1743827e-004  5.8070202e-004  1.0861293e-003  1.4603111e-003  1.5933280e-003  1.9936616e-003  2.8371997e-003  4.4128773e-003  6.8220054e-003  1.0421537e-002  1.5545929e-002  2.3139512e-002  3.3787870e-002  5.1521440e-002  7.8888682e-002  1.2089124e-001
  3.2343740e-002  1.3693113e-003  6.1717142e-004  5.6449218e-004  1.0891842e-003  1.4606088e-003  1.5935585e-003  1.9435312e-003  2.7743184e-003  4.3690591e-003  6.5919138e-003  1.0562792e-002  1.5490782e-002  2.2782189e-002  3.3007337e-002  5.0323935e-002  7.8195982e-002  1.1898485e-001
  3.2076517e-002  1.4112325e-003  6.1268226e-004  5.6829821e-004  1.1441120e-003  1.4548644e-003  1.5689078e-003  1.8842969e-003  2.6972365e-003  4.2459995e-003  6.5356503e-003  1.0384138e-002  1.5294727e-002  2.2493112e-002  3.2602264e-002  4.9225157e-002  7.6427833e-002  1.1738411e-001
  3.0761918e-002  1.3003637e-003  5.6112421e-004  5.3138872e-004  1.0693851e-003  1.4113344e-003  1.4538197e-003  1.7971726e-003  2.5590606e-003  4.1396022e-003  6.3817581e-003  1.0222879e-002  1.5028100e-002  2.2272630e-002  3.2675208e-002  4.8963206e-002  7.5721250e-002  1.1892631e-001
  2.9281875e-002  1.1827454e-003  5.2522088e-004  4.7765171e-004  9.6064902e-004  1.3271697e-003  1.3731090e-003  1.6846936e-003  2.3950288e-003  3.8511148e-003  6.0475373e-003  9.7425110e-003  1.4064769e-002  2.1160987e-002  3.1417687e-002  4.6870333e-002  7.2145505e-002  1.1219482e-001
  2.8484679e-002  1.1338861e-003  5.0623800e-004  4.6552740e-004  9.7314259e-004  1.3494366e-003  1.3550550e-003  1.6300691e-003  2.3858469e-003  3.7973243e-003  5.9248715e-003  9.4708389e-003  1.4065147e-002  2.0977856e-002  3.1682195e-002  4.6951225e-002  7.3671735e-002  1.1467007e-001
  2.8231472e-002  1.1022373e-003  4.8312561e-004  4.6274906e-004  9.7151588e-004  1.3562075e-003  1.3286185e-003  1.6434570e-003  2.3174816e-003  3.7526070e-003  5.9254864e-003  9.2581081e-003  1.4212298e-002  2.1100259e-002  3.1700918e-002  4.6749120e-002  7.3110355e-002  1.1521809e-001
  2.6986000e-002  1.0670000e-003  4.9400000e-004  4.5500000e-004  9.2900000e-004  1.2370000e-003  1.2780000e-003  1.6300000e-003  2.2980000e-003  3.6200000e-003  5.8120000e-003  9.1500000e-003  1.3602000e-002  2.0766000e-002  3.1432000e-002  4.6857000e-002  7.2229000e-002  1.1089500e-001
  2.6613000e-002  1.0880000e-003  4.8700000e-004  4.3400000e-004  9.0900000e-004  1.2250000e-003  1.3080000e-003  1.6110000e-003  2.3350000e-003  3.6910000e-003  5.8820000e-003  9.2930000e-003  1.3673000e-002  2.1190000e-002  3.1667000e-002  4.7827000e-002  7.2800000e-002  1.1190100e-001
  2.5832000e-002  1.0150000e-003  4.5500000e-004  4.2700000e-004  8.5500000e-004  1.2090000e-003  1.2590000e-003  1.5940000e-003  2.2990000e-003  3.5880000e-003  5.6960000e-003  9.0750000e-003  1.3271000e-002  2.0444000e-002  3.0929000e-002  4.6391000e-002  7.0659000e-002  1.0920400e-001
  2.5437000e-002  9.8500000e-004  4.5500000e-004  4.2100000e-004  8.7400000e-004  1.2270000e-003  1.2800000e-003  1.6080000e-003  2.3750000e-003  3.6070000e-003  5.7810000e-003  9.1960000e-003  1.3542000e-002  2.0478000e-002  3.1449000e-002  4.7017000e-002  7.1374000e-002  1.1068500e-001
  2.5438000e-002  1.0040000e-003  4.5100000e-004  4.1500000e-004  8.9900000e-004  1.2420000e-003  1.3240000e-003  1.6370000e-003  2.4180000e-003  3.6570000e-003  5.8710000e-003  9.2340000e-003  1.3926000e-002  2.0652000e-002  3.1949000e-002  4.8005000e-002  7.2058000e-002  1.1215200e-001
  2.4982000e-002  9.7500000e-004  4.4400000e-004  4.1800000e-004  9.4100000e-004  1.2550000e-003  1.3390000e-003  1.6990000e-003  2.4260000e-003  3.6980000e-003  5.7810000e-003  9.1400000e-003  1.3644000e-002  2.0298000e-002  3.0991000e-002  4.6467000e-002  6.9312000e-002  1.0765900e-001
  2.4263000e-002  9.5200000e-004  4.3600000e-004  4.0600000e-004  9.5900000e-004  1.2600000e-003  1.3450000e-003  1.6850000e-003  2.4240000e-003  3.7110000e-003  5.7850000e-003  9.1520000e-003  1.3644000e-002  2.0346000e-002  3.0863000e-002  4.5998000e-002  6.9891000e-002  1.0781000e-001
  2.3615000e-002  9.5500000e-004  4.4100000e-004  4.1100000e-004  1.0460000e-003  1.2930000e-003  1.3700000e-003  1.7050000e-003  2.4140000e-003  3.7680000e-003  5.8180000e-003  9.1860000e-003  1.3800000e-002  2.0394000e-002  3.0712000e-002  4.6261000e-002  7.0387000e-002  1.0774100e-001
  2.2603000e-002  8.8400000e-004  4.2600000e-004  4.0600000e-004  1.0250000e-003  1.3250000e-003  1.3600000e-003  1.6830000e-003  2.4460000e-003  3.7350000e-003  5.7410000e-003  9.0390000e-003  1.3587000e-002  2.0068000e-002  2.9821000e-002  4.5277000e-002  6.8454000e-002  1.0454600e-001
  2.2163000e-002  8.8800000e-004  4.4200000e-004  4.1800000e-004  1.0860000e-003  1.4020000e-003  1.4260000e-003  1.7370000e-003  2.5020000e-003  3.8620000e-003  5.9070000e-003  9.2360000e-003  1.3890000e-002  2.0784000e-002  3.0556000e-002  4.6364000e-002  7.0151000e-002  1.0660700e-001
  2.1644000e-002  8.7300000e-004  4.3900000e-004  4.1500000e-004  1.1340000e-003  1.4660000e-003  1.4460000e-003  1.7490000e-003  2.5090000e-003  3.8650000e-003  5.8390000e-003  8.9530000e-003  1.3624000e-002  2.0161000e-002  2.9944000e-002  4.4715000e-002  6.8092000e-002  1.0393400e-001
  2.0922000e-002  8.4100000e-004  4.2300000e-004  4.0600000e-004  1.0950000e-003  1.4550000e-003  1.4350000e-003  1.7210000e-003  2.4720000e-003  3.7860000e-003  5.8330000e-003  8.8690000e-003  1.3554000e-002  1.9972000e-002  2.9618000e-002  4.3540000e-002  6.6592000e-002  1.0019400e-001
  1.9032000e-002  8.1700000e-004  4.2100000e-004  4.0300000e-004  1.1030000e-003  1.4630000e-003  1.4270000e-003  1.6980000e-003  2.4270000e-003  3.6900000e-003  5.6860000e-003  8.6270000e-003  1.3168000e-002  1.9626000e-002  2.8770000e-002  4.2684000e-002  6.5660000e-002  9.9156000e-002
  1.7863000e-002  7.9500000e-004  4.0800000e-004  4.0700000e-004  1.1080000e-003  1.4550000e-003  1.4280000e-003  1.6850000e-003  2.3710000e-003  3.6630000e-003  5.7210000e-003  8.5550000e-003  1.3097000e-002  1.9686000e-002  2.9180000e-002  4.3119000e-002  6.6188000e-002  9.9568000e-002
  1.7553000e-002  7.7600000e-004  4.1100000e-004  4.0500000e-004  1.1170000e-003  1.4460000e-003  1.4260000e-003  1.6710000e-003  2.3580000e-003  3.5800000e-003  5.6050000e-003  8.3890000e-003  1.2889000e-002  1.9276000e-002  2.8671000e-002  4.2025000e-002  6.4879000e-002  9.9079000e-002
  1.6924000e-002  7.1800000e-004  3.7100000e-004  3.8600000e-004  1.0550000e-003  1.3670000e-003  1.3580000e-003  1.5910000e-003  2.1840000e-003  3.4250000e-003  5.3680000e-003  8.1420000e-003  1.2220000e-002  1.8570000e-002  2.7710000e-002  4.0802000e-002  6.1554000e-002  9.5309000e-002
  1.6174000e-002  6.8600000e-004  3.4800000e-004  3.5700000e-004  1.0070000e-003  1.3540000e-003  1.3350000e-003  1.5240000e-003  2.0860000e-003  3.2760000e-003  5.0930000e-003  7.8760000e-003  1.1794000e-002  1.7826000e-002  2.6639000e-002  3.9150000e-002  5.8991000e-002  9.0794000e-002
  1.5416000e-002  6.7300000e-004  3.4000000e-004  3.4400000e-004  9.6400000e-004  1.2830000e-003  1.2750000e-003  1.4250000e-003  1.9710000e-003  3.1510000e-003  4.9570000e-003  7.7070000e-003  1.1546000e-002  1.7620000e-002  2.6225000e-002  3.8145000e-002  5.8309000e-002  9.0066000e-002
  1.4614000e-002  6.6100000e-004  3.3000000e-004  3.4800000e-004  1.0020000e-003  1.3050000e-003  1.2690000e-003  1.4180000e-003  1.9320000e-003  3.0630000e-003  4.8110000e-003  7.5340000e-003  1.1234000e-002  1.7150000e-002  2.5468000e-002  3.7533000e-002  5.6118000e-002  8.7393000e-002
  1.3966000e-002  6.6900000e-004  3.2400000e-004  3.3900000e-004  9.9100000e-004  1.3170000e-003  1.2640000e-003  1.3800000e-003  1.8920000e-003  2.9730000e-003  4.7220000e-003  7.4100000e-003  1.1042000e-002  1.6984000e-002  2.5092000e-002  3.7258000e-002  5.5399000e-002  8.6997000e-002
  1.3489000e-002  6.3700000e-004  3.1000000e-004  3.1800000e-004  9.9000000e-004  1.3120000e-003  1.2940000e-003  1.3700000e-003  1.8470000e-003  2.8400000e-003  4.5390000e-003  7.1770000e-003  1.0743000e-002  1.6356000e-002  2.4248000e-002  3.6095000e-002  5.3775000e-002  8.4294000e-002
  1.2865000e-002  6.3300000e-004  3.0700000e-004  3.0700000e-004  9.8600000e-004  1.3230000e-003  1.3070000e-003  1.3790000e-003  1.8280000e-003  2.7950000e-003  4.4920000e-003  7.1320000e-003  1.0879000e-002  1.6374000e-002  2.4610000e-002  3.6629000e-002  5.4637000e-002  8.6441000e-002
  1.1991000e-002  6.0600000e-004  2.9000000e-004  2.9600000e-004  9.0100000e-004  1.2320000e-003  1.2780000e-003  1.3760000e-003  1.7760000e-003  2.7080000e-003  4.4020000e-003  6.9670000e-003  1.0720000e-002  1.6049000e-002  2.4041000e-002  3.5860000e-002  5.2739000e-002  8.4217000e-002
  1.1642000e-002  5.8200000e-004  2.8300000e-004  2.8200000e-004  8.5500000e-004  1.1510000e-003  1.1880000e-003  1.3140000e-003  1.7060000e-003  2.5540000e-003  4.1960000e-003  6.7280000e-003  1.0440000e-002  1.5860000e-002  2.3698000e-002  3.5331000e-002  5.2583000e-002  8.2481000e-002
  1.1171000e-002  5.6200000e-004  2.6500000e-004  2.7400000e-004  8.1100000e-004  1.0810000e-003  1.1450000e-003  1.2890000e-003  1.6380000e-003  2.5060000e-003  4.0480000e-003  6.6660000e-003  1.0472000e-002  1.5865000e-002  2.3572000e-002  3.5615000e-002  5.2993000e-002  8.3016000e-002
  1.0931000e-002  5.2400000e-004  2.5400000e-004  2.8300000e-004  8.0300000e-004  1.0980000e-003  1.1310000e-003  1.3150000e-003  1.6740000e-003  2.5150000e-003  3.9930000e-003  6.5140000e-003  1.0313000e-002  1.5776000e-002  2.3298000e-002  3.5328000e-002  5.2432000e-002  8.1870000e-002
  1.0906000e-002  5.1800000e-004  2.5000000e-004  2.8100000e-004  8.0300000e-004  1.0780000e-003  1.1410000e-003  1.3540000e-003  1.7220000e-003  2.5150000e-003  3.9840000e-003  6.4670000e-003  1.0257000e-002  1.5742000e-002  2.3180000e-002  3.5400000e-002  5.2647000e-002  8.2358000e-002
  1.0508000e-002  5.2500000e-004  2.3900000e-004  2.8500000e-004  8.6500000e-004  1.1440000e-003  1.2130000e-003  1.4640000e-003  1.8250000e-003  2.5200000e-003  3.9060000e-003  6.3510000e-003  9.9200000e-003  1.5559000e-002  2.2904000e-002  3.5143000e-002  5.1985000e-002  8.0818000e-002
  1.0345000e-002  5.2100000e-004  2.4700000e-004  2.7100000e-004  8.3600000e-004  1.1110000e-003  1.2140000e-003  1.4870000e-003  1.8650000e-003  2.4890000e-003  3.8550000e-003  6.2930000e-003  9.8250000e-003  1.5349000e-002  2.2661000e-002  3.4567000e-002  5.1322000e-002  7.9773000e-002
  1.0309000e-002  5.1400000e-004  2.4600000e-004  2.7600000e-004  8.6900000e-004  1.1260000e-003  1.2350000e-003  1.5130000e-003  1.9260000e-003  2.5120000e-003  3.8480000e-003  6.1420000e-003  9.8270000e-003  1.5257000e-002  2.2537000e-002  3.4226000e-002  5.1213000e-002  8.0496000e-002
  1.0238000e-002  4.9800000e-004  2.4100000e-004  2.7400000e-004  8.5900000e-004  1.0850000e-003  1.2510000e-003  1.5520000e-003  1.9450000e-003  2.5350000e-003  3.7880000e-003  6.0020000e-003  9.6170000e-003  1.4821000e-002  2.1997000e-002  3.3163000e-002  4.9976000e-002  7.7716000e-002
  9.6320000e-003  4.6600000e-004  2.2200000e-004  2.5800000e-004  8.8900000e-004  1.1000000e-003  1.2580000e-003  1.5280000e-003  1.9580000e-003  2.4880000e-003  3.7500000e-003  5.8550000e-003  9.3510000e-003  1.4566000e-002  2.1638000e-002  3.2406000e-002  4.8973000e-002  7.6246000e-002
  9.1580000e-003  4.7500000e-004  2.1600000e-004  2.5700000e-004  8.8700000e-004  1.1070000e-003  1.2350000e-003  1.5430000e-003  1.9740000e-003  2.5640000e-003  3.7250000e-003  5.7500000e-003  9.2540000e-003  1.4342000e-002  2.1404000e-002  3.2031000e-002  4.8038000e-002  7.5606000e-002
  8.7110000e-003  4.3600000e-004  2.0400000e-004  2.4600000e-004  8.3800000e-004  1.0590000e-003  1.2080000e-003  1.5400000e-003  1.9930000e-003  2.6040000e-003  3.7110000e-003  5.6490000e-003  9.0110000e-003  1.4041000e-002  2.1121000e-002  3.1549000e-002  4.7192000e-002  7.4293000e-002
  8.5330000e-003  4.4900000e-004  2.1200000e-004  2.5700000e-004  8.6200000e-004  1.0920000e-003  1.2320000e-003  1.6010000e-003  2.0540000e-003  2.6870000e-003  3.7060000e-003  5.7040000e-003  9.0090000e-003  1.4192000e-002  2.1337000e-002  3.1862000e-002  4.8181000e-002  7.6462000e-002
  8.2000000e-003  4.3000000e-004  2.0000000e-004  2.5200000e-004  8.6200000e-004  1.0850000e-003  1.2230000e-003  1.6230000e-003  2.0850000e-003  2.7210000e-003  3.7470000e-003  5.6980000e-003  8.7930000e-003  1.3983000e-002  2.0915000e-002  3.1496000e-002  4.7116000e-002  7.5585000e-002
  7.7470000e-003  4.0700000e-004  1.9800000e-004  2.5600000e-004  8.2800000e-004  1.0680000e-003  1.1980000e-003  1.6110000e-003  2.0840000e-003  2.7510000e-003  3.7420000e-003  5.6730000e-003  8.7060000e-003  1.3836000e-002  2.0579000e-002  3.1387000e-002  4.6992000e-002  7.5177000e-002
  7.5170000e-003  3.8300000e-004  1.9500000e-004  2.4000000e-004  7.8300000e-004  1.0130000e-003  1.0970000e-003  1.4310000e-003  1.8860000e-003  2.5690000e-003  3.6800000e-003  5.4370000e-003  8.5070000e-003  1.3688000e-002  2.0234000e-002  3.1168000e-002  4.6579000e-002  7.4693000e-002
