  3.1469000e+006  1.3016600e+007  1.3199700e+007  1.1119300e+007  1.0616600e+007  1.1481800e+007  1.2242300e+007  1.1517000e+007  1.1246300e+007  1.0204000e+007  9.0705000e+006  8.2721000e+006  7.2711000e+006  6.0984000e+006  4.9281000e+006  3.4119000e+006  2.1524000e+006  1.1254000e+006
  3.2990000e+006  1.3953000e+007  1.3604000e+007  1.1451000e+007  1.0383000e+007  1.1005000e+007  1.2078000e+007  1.1741000e+007  1.1370000e+007  1.0394000e+007  9.2750000e+006  8.3370000e+006  7.4310000e+006  6.2210000e+006  5.1790000e+006  3.5470000e+006  2.2400000e+006  1.1880000e+006
  3.4110000e+006  1.3817000e+007  1.4745000e+007  1.1911000e+007  1.0360000e+007  1.0546000e+007  1.1958000e+007  1.1953000e+007  1.1471000e+007  1.0561000e+007  9.4950000e+006  8.3720000e+006  7.5290000e+006  6.3880000e+006  5.3000000e+006  3.6730000e+006  2.3210000e+006  1.2210000e+006
  3.5240000e+006  1.4023000e+007  1.5264000e+007  1.2616000e+007  1.0521000e+007  1.0252000e+007  1.1899000e+007  1.2025000e+007  1.1539000e+007  1.0709000e+007  9.6920000e+006  8.4620000e+006  7.5800000e+006  6.5510000e+006  5.4250000e+006  3.8050000e+006  2.4000000e+006  1.2620000e+006
  3.6470000e+006  1.4315000e+007  1.5959000e+007  1.3133000e+007  1.0724000e+007  1.0059000e+007  1.1766000e+007  1.2204000e+007  1.1627000e+007  1.0854000e+007  9.9080000e+006  8.5790000e+006  7.6580000e+006  6.6900000e+006  5.5520000e+006  3.9640000e+006  2.4810000e+006  1.3140000e+006
  3.7530000e+006  1.4714000e+007  1.6672000e+007  1.3576000e+007  1.0835000e+007  1.0205000e+007  1.1632000e+007  1.2305000e+007  1.1743000e+007  1.0988000e+007  1.0116000e+007  8.6930000e+006  7.7670000e+006  6.8190000e+006  5.6670000e+006  4.1210000e+006  2.5650000e+006  1.3700000e+006
  3.8320000e+006  1.5063000e+007  1.7571000e+007  1.3852000e+007  1.1129000e+007  1.0157000e+007  1.1524000e+007  1.2265000e+007  1.1944000e+007  1.1124000e+007  1.0280000e+007  8.8490000e+006  7.8710000e+006  6.9420000e+006  5.7710000e+006  4.2610000e+006  2.6460000e+006  1.4260000e+006
  4.1392463e+006  1.6103564e+007  1.8362765e+007  1.6291689e+007  1.2876511e+007  1.0832458e+007  1.1052336e+007  1.2139613e+007  1.2439725e+007  1.1519808e+007  1.0793740e+007  9.5959390e+006  8.4733665e+006  7.1505984e+006  6.1068291e+006  4.5831658e+006  2.9216378e+006  1.6060230e+006
  4.1396616e+006  1.6254798e+007  1.8825232e+007  1.6984081e+007  1.3408643e+007  1.0904956e+007  1.0872597e+007  1.1924879e+007  1.2492247e+007  1.1640391e+007  1.0933379e+007  9.7529036e+006  8.5434028e+006  7.2453764e+006  6.2129910e+006  4.6816469e+006  3.0253142e+006  1.6576747e+006
  4.1530421e+006  1.6391450e+007  1.9293969e+007  1.7479123e+007  1.4076297e+007  1.1153388e+007  1.0777595e+007  1.1719073e+007  1.2441441e+007  1.1845900e+007  1.1026485e+007  9.9164240e+006  8.6076898e+006  7.4028464e+006  6.3052198e+006  4.7652431e+006  3.1302044e+006  1.7116137e+006
  4.1211426e+006  1.6501320e+007  1.9709053e+007  1.7722299e+007  1.4871541e+007  1.1696299e+007  1.0767258e+007  1.1520268e+007  1.2348478e+007  1.2069945e+007  1.1095902e+007  1.0095472e+007  8.7735104e+006  7.5282897e+006  6.3327967e+006  4.8723820e+006  3.2365487e+006  1.7693487e+006
  4.0396703e+006  1.6510862e+007  2.0059061e+007  1.8028575e+007  1.5529363e+007  1.2377643e+007  1.0847933e+007  1.1318354e+007  1.2244539e+007  1.2222524e+007  1.1172774e+007  1.0276111e+007  8.9473542e+006  7.6745149e+006  6.3259921e+006  4.9695364e+006  3.3386818e+006  1.8338314e+006
  3.9698569e+006  1.6389796e+007  2.0346870e+007  1.8485817e+007  1.6137652e+007  1.2991441e+007  1.1001299e+007  1.1132075e+007  1.2105265e+007  1.2316817e+007  1.1295068e+007  1.0437244e+007  9.1231931e+006  7.8166945e+006  6.3503864e+006  5.0416248e+006  3.4354896e+006  1.9067481e+006
  3.8054245e+006  1.6171404e+007  2.0553000e+007  1.9020780e+007  1.6825786e+007  1.3467811e+007  1.1189337e+007  1.1000651e+007  1.1955898e+007  1.2358560e+007  1.1456228e+007  1.0557548e+007  9.3018957e+006  7.8962761e+006  6.4653568e+006  5.1315595e+006  3.5097343e+006  1.9788554e+006
  3.6005913e+006  1.5806363e+007  2.0670560e+007  1.9514379e+007  1.7382080e+007  1.4049588e+007  1.1498403e+007  1.0943426e+007  1.1791272e+007  1.2313646e+007  1.1671482e+007  1.0642712e+007  9.4732984e+006  7.9800791e+006  6.5958024e+006  5.2200381e+006  3.5738859e+006  2.0406924e+006
  3.4769595e+006  1.5285851e+007  2.0666219e+007  1.9924232e+007  1.7722063e+007  1.4751996e+007  1.2027443e+007  1.0953310e+007  1.1608765e+007  1.2229196e+007  1.1892054e+007  1.0711345e+007  9.6399102e+006  8.1359891e+006  6.6961163e+006  5.2654601e+006  3.6612144e+006  2.0970102e+006
  3.4223723e+006  1.4686105e+007  2.0545281e+007  2.0272198e+007  1.8123025e+007  1.5325407e+007  1.2661578e+007  1.1055194e+007  1.1425923e+007  1.2136464e+007  1.2048664e+007  1.0788917e+007  9.7987651e+006  8.2883683e+006  6.8253385e+006  5.2878826e+006  3.7462875e+006  2.1649627e+006
  3.4500601e+006  1.4086329e+007  2.0273497e+007  2.0570865e+007  1.8648907e+007  1.5890036e+007  1.3179730e+007  1.1251323e+007  1.1245578e+007  1.2035666e+007  1.2116969e+007  1.0938758e+007  9.9181342e+006  8.4579228e+006  6.9345759e+006  5.3558742e+006  3.8005412e+006  2.2442713e+006
  3.5503123e+006  1.3729472e+007  1.9855277e+007  2.0795397e+007  1.9214803e+007  1.6659953e+007  1.3551417e+007  1.1483976e+007  1.1110740e+007  1.1935772e+007  1.2137352e+007  1.1139296e+007  1.0019305e+007  8.6483064e+006  7.0137726e+006  5.4684789e+006  3.8737819e+006  2.3176219e+006
  3.5556388e+006  1.3759992e+007  1.9379191e+007  2.0913812e+007  1.9719974e+007  1.7398103e+007  1.4103137e+007  1.1790097e+007  1.1058843e+007  1.1794246e+007  1.2122093e+007  1.1365145e+007  1.0138000e+007  8.8309281e+006  7.1269891e+006  5.5515795e+006  3.9680380e+006  2.3859710e+006
  3.3543429e+006  1.3957302e+007  1.8833993e+007  2.0940620e+007  2.0143991e+007  1.7889571e+007  1.4864584e+007  1.2282555e+007  1.1076850e+007  1.1616160e+007  1.2076674e+007  1.1593076e+007  1.0251474e+007  9.0100788e+006  7.2872688e+006  5.6261425e+006  4.0279469e+006  2.4638083e+006
  3.1529329e+006  1.3971400e+007  1.8286559e+007  2.0906280e+007  2.0517121e+007  1.8365951e+007  1.5570961e+007  1.2879393e+007  1.1189176e+007  1.1430102e+007  1.2019428e+007  1.1764702e+007  1.0369051e+007  9.1843318e+006  7.4493945e+006  5.7418014e+006  4.0605687e+006  2.5353243e+006
  3.1052837e+006  1.3687287e+007  1.7887186e+007  2.0764756e+007  2.0844421e+007  1.8898729e+007  1.6324187e+007  1.3396563e+007  1.1389953e+007  1.1251274e+007  1.1942308e+007  1.1872905e+007  1.0528542e+007  9.3500936e+006  7.6305897e+006  5.8617318e+006  4.1205991e+006  2.5906224e+006
  3.1114879e+006  1.3218428e+007  1.7757564e+007  2.0423570e+007  2.1131424e+007  1.9414559e+007  1.7235759e+007  1.3799422e+007  1.1635849e+007  1.1120504e+007  1.1854691e+007  1.1935030e+007  1.0721072e+007  9.5016202e+006  7.8298776e+006  5.9800760e+006  4.2124903e+006  2.6587615e+006
  3.1192364e+006  1.2783461e+007  1.7765806e+007  1.9944085e+007  2.1327783e+007  1.9900124e+007  1.7960995e+007  1.4410712e+007  1.1953287e+007  1.1082189e+007  1.1716342e+007  1.1937414e+007  1.0947742e+007  9.6340181e+006  8.0283076e+006  6.1226821e+006  4.3012531e+006  2.7350697e+006
  3.2033404e+006  1.2566225e+007  1.7687439e+007  1.9398707e+007  2.1407766e+007  2.0348373e+007  1.8354607e+007  1.5261546e+007  1.2444387e+007  1.1127668e+007  1.1536802e+007  1.1902370e+007  1.1181830e+007  9.7465725e+006  8.2285912e+006  6.2928086e+006  4.4040635e+006  2.7885512e+006
  3.2797252e+006  1.2595424e+007  1.7453515e+007  1.8852561e+007  2.1411475e+007  2.0737549e+007  1.8737580e+007  1.6058242e+007  1.3050782e+007  1.1267949e+007  1.1353991e+007  1.1854736e+007  1.1365241e+007  9.8622892e+006  8.4229170e+006  6.4735106e+006  4.5395720e+006  2.8318373e+006
  3.3753696e+006  1.2730986e+007  1.7058116e+007  1.8447768e+007  2.1313244e+007  2.1077725e+007  1.9184598e+007  1.6881853e+007  1.3599451e+007  1.1488734e+007  1.1191550e+007  1.1776126e+007  1.1511546e+007  9.9909104e+006  8.6230771e+006  6.6587806e+006  4.6846911e+006  2.8709357e+006
  3.5285457e+006  1.2939927e+007  1.6558371e+007  1.8285619e+007  2.1028710e+007  2.1391272e+007  1.9696419e+007  1.7783516e+007  1.4042955e+007  1.1725558e+007  1.1086418e+007  1.1693185e+007  1.1587602e+007  1.0151513e+007  8.7911525e+006  6.8368282e+006  4.8269477e+006  2.9358502e+006
  3.6020550e+006  1.3280479e+007  1.6111431e+007  1.8260799e+007  2.0530091e+007  2.1618871e+007  2.0222594e+007  1.8489906e+007  1.4617066e+007  1.2038394e+007  1.1032673e+007  1.1586212e+007  1.1542608e+007  1.0366995e+007  8.9007175e+006  6.9961275e+006  4.9636805e+006  3.0076540e+006
  3.6329755e+006  1.3600240e+007  1.5965075e+007  1.8128475e+007  1.9933929e+007  2.1673880e+007  2.0699241e+007  1.8821111e+007  1.5441122e+007  1.2524099e+007  1.1066106e+007  1.1400622e+007  1.1482215e+007  1.0545220e+007  9.0098635e+006  7.1468760e+006  5.1014695e+006  3.0794263e+006
  3.6280700e+006  1.3879221e+007  1.6086906e+007  1.7827106e+007  1.9390498e+007  2.1621251e+007  2.1117122e+007  1.9098102e+007  1.6189797e+007  1.3107971e+007  1.1251441e+007  1.1158647e+007  1.1442551e+007  1.0666284e+007  9.1210055e+006  7.2882990e+006  5.2406335e+006  3.1776639e+006
  3.6124630e+006  1.4082629e+007  1.6332400e+007  1.7447725e+007  1.8947986e+007  2.1505407e+007  2.1431834e+007  1.9532809e+007  1.6882655e+007  1.3646567e+007  1.1452915e+007  1.0977724e+007  1.1346095e+007  1.0803049e+007  9.2199045e+006  7.4140555e+006  5.3784390e+006  3.2873073e+006
  3.6623130e+006  1.4165085e+007  1.6687951e+007  1.6979749e+007  1.8763716e+007  2.1218271e+007  2.1679524e+007  2.0039705e+007  1.7681946e+007  1.4073393e+007  1.1613910e+007  1.0888279e+007  1.1236189e+007  1.0885861e+007  9.3557525e+006  7.5161520e+006  5.5153200e+006  3.3878473e+006
  3.6932990e+006  1.4253924e+007  1.7088338e+007  1.6529598e+007  1.8772184e+007  2.0728911e+007  2.1844184e+007  2.0534331e+007  1.8360129e+007  1.4650107e+007  1.1888692e+007  1.0829857e+007  1.1127462e+007  1.0849144e+007  9.5517865e+006  7.5991525e+006  5.6504815e+006  3.4877310e+006
  3.7045185e+006  1.4344582e+007  1.7438368e+007  1.6390279e+007  1.8683778e+007  2.0170836e+007  2.1840704e+007  2.0984625e+007  1.8721851e+007  1.5494265e+007  1.2353209e+007  1.0857764e+007  1.0954142e+007  1.0801978e+007  9.7167155e+006  7.6982530e+006  5.7839230e+006  3.6071915e+006
  3.7662795e+006  1.4453317e+007  1.7720032e+007  1.6531168e+007  1.8446499e+007  1.9668586e+007  2.1722222e+007  2.1372616e+007  1.9021643e+007  1.6262036e+007  1.2915754e+007  1.1040614e+007  1.0725095e+007  1.0778275e+007  9.8322265e+006  7.8056770e+006  5.9117375e+006  3.7218770e+006
  3.8648670e+006  1.4637123e+007  1.7921245e+007  1.6799733e+007  1.8132075e+007  1.9286011e+007  2.1538258e+007  2.1655678e+007  1.9476796e+007  1.6988207e+007  1.3430606e+007  1.1234720e+007  1.0554164e+007  1.0703041e+007  9.9628065e+006  7.9067725e+006  6.0284895e+006  3.8344031e+006
  3.9734945e+006  1.4868033e+007  1.8031842e+007  1.7241062e+007  1.7681425e+007  1.9120153e+007  2.1132603e+007  2.1939320e+007  1.9969427e+007  1.7876299e+007  1.3831054e+007  1.1403329e+007  1.0469482e+007  1.0633209e+007  1.0047410e+007  8.0448500e+006  6.1517870e+006  3.9407833e+006
  4.0067860e+006  1.5176001e+007  1.8169647e+007  1.7693988e+007  1.7271578e+007  1.9105739e+007  2.0646592e+007  2.2134866e+007  2.0553937e+007  1.8553720e+007  1.4399669e+007  1.1663164e+007  1.0437325e+007  1.0568129e+007  1.0023226e+007  8.2485675e+006  6.2840865e+006  4.0427471e+006
  3.9677780e+006  1.5507759e+007  1.8307874e+007  1.8089218e+007  1.7205576e+007  1.9019969e+007  2.0130646e+007  2.2198876e+007  2.1127806e+007  1.8895898e+007  1.5238509e+007  1.2127523e+007  1.0499486e+007  1.0430340e+007  9.9957645e+006  8.4597715e+006  6.3956535e+006  4.1475096e+006
  3.9150330e+006  1.5737111e+007  1.8467455e+007  1.8465128e+007  1.7404569e+007  1.8762005e+007  1.9557664e+007  2.2210814e+007  2.1583906e+007  1.9246085e+007  1.5998863e+007  1.2721814e+007  1.0695549e+007  1.0237530e+007  1.0002365e+007  8.6157455e+006  6.4927120e+006  4.2547569e+006
  3.8601265e+006  1.5807801e+007  1.8749246e+007  1.8716326e+007  1.7728889e+007  1.8405642e+007  1.9115377e+007  2.2118829e+007  2.1954197e+007  1.9748457e+007  1.6687448e+007  1.3232363e+007  1.0908764e+007  1.0101967e+007  9.9671115e+006  8.7420250e+006  6.5898400e+006  4.3656765e+006
  3.8121760e+006  1.5704396e+007  1.9084719e+007  1.8836172e+007  1.8219842e+007  1.7940070e+007  1.8936250e+007  2.1764454e+007  2.2306990e+007  2.0279273e+007  1.7538529e+007  1.3641664e+007  1.1103467e+007  1.0039919e+007  9.9328235e+006  8.8125930e+006  6.7155695e+006  4.4792580e+006
  3.7835160e+006  1.5516854e+007  1.9430636e+007  1.8968023e+007  1.8724226e+007  1.7549657e+007  1.8910164e+007  2.1265198e+007  2.2539401e+007  2.0843698e+007  1.8221108e+007  1.4219935e+007  1.1372461e+007  1.0011632e+007  9.8897735e+006  8.7886845e+006  6.8973050e+006  4.5805415e+006
